13.78 1,
13.71 1,
13.65 1,
13.73 2,
13.71 1,
13.60 0,
13.51 0,
13.54 1,
13.64 2,
13.67 2,
13.67 1,
13.70 1,
13.67 1,
13.69 1,
13.65 0,
13.63 0,
13.62 0,
13.59 0,
13.58 1,
13.57 1,
13.61 1,
13.63 0,
13.62 0,
13.63 0,
13.65 0,
13.77 0,
13.61 1,
13.52 1,
13.68 0,
13.71 1,
13.79 2,
13.66 2,
13.62 1,
13.53 0,
13.63 1,
13.58 1,
13.58 1,
13.60 1,
13.64 0,
13.58 0,
13.59 0,
13.58 0,
13.55 0,
13.57 0,
13.62 0,
13.64 0,
13.67 0,
13.67 1,
13.69 1,
13.66 0,
13.65 0,
13.66 0,
13.64 0,
13.66 0,
13.60 0,
13.57 0,
13.58 1,
13.56 0,
13.55 0,
13.61 0,
13.60 0,
13.56 0,
13.60 0,
13.59 0,
13.60 0,
13.63 0,
13.64 0,
13.61 0,
13.65 0,
13.65 0,
13.63 0,
13.64 0,
13.57 0,
13.63 0,
13.57 0,
13.59 0,
13.60 0,
13.59 0,
13.65 0,
13.65 1,
13.67 1,
13.66 1,
13.61 1,
13.63 1,
13.65 1,
13.61 1,
13.57 0,
13.60 0,
13.58 0,
13.61 1,
13.59 1,
13.91 0,
13.79 2,
13.38 2,
13.46 0,
13.72 2,
13.57 2,
13.65 3,
13.71 3,
13.65 1,
13.59 1,
13.52 0,
13.57 1,
13.63 2,
13.65 2,
13.71 2,
13.63 2,
13.65 2,
13.69 2,
13.67 1,
13.68 1,
13.59 1,
13.60 0,
13.62 0,
13.62 0,
13.66 0,
13.65 0,
13.66 0,
13.63 0,
13.72 0,
13.76 0,
13.53 1,
13.52 0,
13.59 0,
13.65 0,
13.72 1,
13.72 1,
13.56 1,
13.63 0,
13.61 0,
13.61 0,
13.61 0,
13.62 0,
13.64 0,
13.64 0,
13.63 0,
13.56 0,
13.55 0,
13.62 0,
13.65 0,
13.66 0,
13.66 1,
13.69 0,
13.65 0,
13.65 0,
13.68 0,
13.70 0,
13.65 0,
13.69 0,
13.67 0,
13.64 0,
13.61 0,
13.64 0,
13.62 0,
13.65 0,
13.58 0,
13.61 0,
13.58 0,
13.58 0,
13.58 0,
13.66 0,
13.62 0,
13.61 0,
13.65 0,
13.67 0,
13.65 0,
13.67 0,
13.59 0,
13.61 0,
13.63 0,
13.61 0,
13.60 0,
13.63 0,
13.62 0,
13.61 0,
13.63 0,
13.60 0,
13.59 0,
13.61 0,
13.63 0,
13.65 0,
13.65 0,
13.61 0,
13.60 0,
13.64 0,
13.67 1,
13.77 0,
13.71 1,
13.45 2,
13.48 1,
13.73 1,
13.67 1,
13.59 1,
13.73 2,
13.73 1,
13.67 1,
13.55 0,
13.51 0,
13.60 1,
13.62 1,
13.66 0,
13.70 0,
13.71 0,
13.68 1,
13.66 1,
13.63 0,
13.57 0,
13.56 0,
13.56 0,
13.59 0,
13.64 0,
13.65 0,
13.65 0,
13.67 0,
13.64 0,
13.63 0,
13.77 0,
13.45 0,
13.55 0,
13.60 0,
13.74 0,
13.68 1,
13.65 2,
13.57 0,
13.62 0,
13.59 0,
13.59 0,
13.59 0,
13.62 0,
13.63 0,
13.63 0,
13.64 0,
13.65 0,
13.63 0,
13.66 0,
13.71 0,
13.64 0,
13.65 0,
13.63 0,
13.61 0,
13.63 0,
13.61 0,
13.60 0,
13.64 0,
13.67 0,
13.66 0,
13.64 0,
13.64 0,
13.68 0,
13.62 0,
13.62 0,
13.62 0,
13.59 0,
13.65 0,
13.64 0,
13.65 0,
13.65 0,
13.60 0,
13.65 0,
13.63 0,
13.60 0,
13.61 0,
13.64 0,
13.64 0,
13.62 0,
13.68 0,
13.65 0,
13.63 1,
13.67 1,
13.69 1,
13.62 1,
13.63 0,
13.62 1,
13.64 1,
13.62 1,
13.58 1,
13.60 0,
13.65 0,
13.70 0,
13.83 0,
13.62 2,
13.38 3,
13.65 0,
13.79 0,
13.60 0,
13.66 2,
13.73 2,
13.67 1,
13.63 1,
13.56 1,
13.57 1,
13.62 0,
13.65 1,
13.63 1,
13.70 1,
13.66 0,
13.63 0,
13.58 0,
13.61 0,
13.58 0,
13.58 1,
13.59 1,
13.55 2,
13.63 1,
13.64 2,
13.64 1,
13.61 1,
13.64 1,
13.67 1,
13.76 1,
13.54 1,
13.57 1,
13.66 1,
13.78 3,
13.61 3,
13.57 2,
13.62 2,
13.60 2,
13.57 2,
13.56 2,
13.57 1,
13.56 0,
13.56 0,
13.59 0,
13.56 0,
13.57 1,
13.57 0,
13.57 0,
13.64 1,
13.63 1,
13.61 1,
13.65 1,
13.62 0,
13.60 0,
13.65 0,
13.63 0,
13.63 0,
13.62 0,
13.63 0,
13.64 0,
13.59 0,
13.57 0,
13.55 0,
13.56 0,
13.53 1,
13.51 1,
13.54 2,
13.49 3,
13.47 5,
13.41 6,
13.43 7,
13.51 8,
13.44 9,
13.42 10,
13.36 11,
13.25 12,
13.16 14,
13.06 16,
12.85 19,
12.82 22,
12.82 25,
12.74 29,
12.54 32,
12.75 31,
12.67 33,
12.44 37,
12.39 38,
12.36 41,
12.40 42,
12.33 48,
12.39 56,
12.91 63,
12.87 57,
12.67 57,
12.61 61,
12.78 63,
13.04 76,
13.53 81,
13.46 73,
12.84 78,
12.65 85,
12.57 91,
12.75 95,
12.57 95,
12.07 94,
13.26 106,
13.62 122,
12.58 103,
12.20 97,
12.46 101,
12.72 105,
12.78 108,
13.13 108,
13.37 107,
13.61 112,
14.31 116,
14.67 119,
14.55 121,
14.76 120,
15.86 115,
16.27 109,
16.06 107,
15.96 105,
16.11 102,
15.54 90,
14.04 76,
15.47 73,
17.47 71,
14.46 104,
13.88 86,
17.31 118,
16.89 136,
16.27 129,
16.45 116,
17.28 107,
17.96 101,
18.35 96,
19.02 87,
19.34 77,
19.30 69,
19.48 68,
19.71 65,
19.43 62,
18.94 61,
18.34 60,
16.83 58,
16.38 55,
16.24 50,
15.94 44,
16.32 45,
16.47 47,
16.43 47,
16.28 46,
15.76 46,
15.64 46,
15.42 47,
15.15 48,
15.13 48,
14.40 44,
14.64 45,
14.11 26,
13.95 18,
13.75 14,
13.36 10,
11.34 18,
14.83 58,
12.74 27,
12.69 23,
12.79 20,
13.01 25,
12.94 30,
12.72 38,
12.60 47,
12.59 53,
12.83 55,
13.10 55,
12.95 55,
12.79 56,
12.69 59,
13.03 62,
13.11 63,
13.10 63,
13.46 65,
13.78 69,
13.90 75,
13.82 81,
14.63 88,
15.01 93,
15.37 98,
15.49 102,
15.24 105,
14.94 106,
14.70 108,
14.87 108,
14.89 107,
14.71 103,
14.37 100,
13.67 100,
13.78 106,
14.14 114,
13.75 117,
13.96 119,
14.34 118,
14.03 116,
13.98 115,
14.12 113,
14.19 112,
14.19 115,
13.78 119,
13.80 119,
13.78 122,
13.81 123,
13.08 122,
12.70 118,
12.42 115,
12.24 116,
12.12 120,
12.09 125,
12.24 128,
11.59 126,
11.49 122,
11.28 119,
11.13 117,
10.72 117,
10.67 119,
10.67 122,
11.04 124,
11.73 124,
11.75 121,
11.97 119,
11.97 117,
11.51 116,
11.16 121,
13.36 121,
12.72 108,
12.67 103,
12.28 103,
12.14 104,
11.92 104,
11.69 103,
11.37 103,
11.16 103,
10.74 102,
10.73 102,
11.01 100,
10.95 98,
10.73 95,
10.54 90,
11.73 78,
10.75 72,
10.48 80,
10.65 77,
10.66 72,
10.82 68,
10.82 64,
10.72 60,
10.70 57,
10.76 55,
10.86 52,
10.92 50,
10.79 48,
10.80 46,
10.83 44,
10.80 43,
10.63 42,
10.57 43,
10.64 42,
10.67 40,
10.56 40,
10.45 40,
10.46 39,
10.40 38,
10.58 42,
10.96 43,
10.80 40,
10.58 38,
10.67 35,
10.50 34,
10.08 36,
9.59 31,
9.78 26,
9.86 26,
9.96 25,
10.23 24,
10.22 23,
10.11 19,
10.06 16,
10.12 14,
10.06 14,
10.12 14,
10.33 12,
10.41 10,
10.61 9,
10.78 8,
10.82 6,
10.74 5,
10.75 5,
10.68 4,
10.63 4,
10.68 4,
10.63 4,
10.61 4,
10.47 4,
9.87 6,
11.10 10,
10.40 3,
10.41 4,
10.26 5,
10.22 6,
10.47 7,
10.49 7,
10.37 6,
10.25 5,
10.24 6,
10.30 7,
10.38 9,
10.50 10,
10.62 10,
10.65 9,
10.71 9,
10.79 8,
10.75 8,
10.76 7,
10.66 7,
10.53 7,
10.44 7,
10.39 6,
10.41 6,
10.48 6,
10.48 6,
10.50 6,
10.39 7,
10.37 6,
10.34 7,
10.30 7,
10.42 6,
10.46 7,
10.53 7,
10.49 6,
10.43 7,
10.43 7,
10.44 7,
10.48 8,
10.43 8,
10.45 7,
10.41 6,
10.23 5,
10.19 4,
10.14 4,
10.17 3,
10.19 3,
10.21 2,
10.23 2,
10.23 2,
10.30 2,
10.29 3,
10.37 3,
10.25 3,
10.30 2,
10.25 2,
10.37 2,
10.21 4,
10.34 5,
10.33 2,
10.24 2,
10.19 1,
10.10 1,
10.15 2,
10.37 3,
10.40 3,
10.36 2,
10.28 1,
10.31 1,
10.37 2,
10.38 1,
10.34 1,
10.18 2,
10.18 2,
10.24 2,
10.29 3,
10.32 4,
10.36 5,
10.44 7,
10.41 8,
10.44 10,
10.36 12,
10.29 15,
10.25 17,
10.32 19,
10.40 23,
10.23 26,
10.42 31,
10.52 34,
10.56 37,
10.47 41,
10.48 47,
10.58 53,
10.73 57,
11.12 61,
11.32 67,
11.55 74,
11.90 80,
12.49 85,
12.85 89,
13.03 92,
13.01 95,
12.99 99,
12.99 103,
13.03 106,
12.88 107,
12.76 106,
12.55 104,
12.42 101,
12.42 98,
12.50 95,
12.43 91,
12.31 88,
12.55 86,
12.48 84,
11.95 84,
12.10 86,
12.05 88,
11.85 90,
11.80 91,
11.83 93,
11.77 93,
11.70 91,
11.49 90,
11.54 88,
11.64 87,
11.78 86,
11.96 87,
12.14 88,
12.25 91,
12.34 96,
12.38 101,
12.30 105,
12.08 111,
11.99 118,
12.90 122,
12.98 128,
13.01 131,
13.31 131,
14.16 130,
15.23 131,
15.23 126,
12.21 115,
12.58 111,
13.81 115,
14.34 114,
13.29 112,
12.90 117,
12.87 113,
12.99 101,
12.90 91,
12.67 91,
12.41 96,
11.58 100,
11.07 101,
10.39 100,
9.78 94,
9.40 85,
9.38 74,
9.48 75,
9.63 76,
10.78 75,
10.95 72,
11.23 76,
11.51 79,
11.57 79,
11.73 80,
11.68 83,
11.83 89,
11.83 94,
11.72 96,
11.36 96,
10.62 98,
10.28 99,
10.31 99,
10.18 99,
9.99 99,
10.01 99,
9.97 99,
9.91 99,
9.93 99,
9.92 98,
9.91 100,
9.90 101,
10.05 103,
10.19 104,
10.30 105,
10.45 106,
10.43 106,
10.42 107,
10.38 107,
10.32 107,
10.14 107,
10.22 106,
10.52 104,
10.54 102,
10.47 99,
10.38 98,
10.18 98,
10.08 98,
10.05 97,
10.05 96,
10.05 95,
10.12 93,
10.21 92,
10.43 90,
10.32 88,
10.14 88,
10.09 88,
10.77 90,
11.04 93,
11.27 96,
11.66 99,
12.98 103,
14.02 110,
13.77 121,
19.20 143,
18.49 141,
17.11 139,
15.27 133,
13.55 122,
13.28 114,
13.20 107,
12.83 105,
11.67 111,
11.50 119,
11.85 125,
12.46 128,
13.60 132,
13.75 134,
13.65 137,
14.21 142,
14.53 149,
14.56 153,
14.36 154,
13.41 156,
12.94 158,
12.50 161,
12.37 163,
11.92 161,
12.99 156,
12.83 153,
12.86 151,
12.58 146,
12.50 142,
12.69 138,
12.43 141,
12.51 142,
12.54 127,
12.45 121,
12.58 119,
12.45 118,
12.29 116,
12.29 116,
12.06 115,
11.86 114,
11.75 112,
11.69 109,
11.66 104,
11.72 97,
11.66 89,
11.65 80,
11.93 71,
12.22 64,
12.41 57,
13.09 57,
13.27 58,
13.55 59,
13.83 61,
14.06 63,
14.10 64,
14.19 66,
14.34 69,
14.13 73,
14.43 77,
14.67 83,
15.05 89,
14.99 98,
15.35 106,
14.66 109,
16.91 111,
17.89 119,
17.84 130,
17.70 138,
17.44 143,
17.25 146,
14.79 136,
12.39 129,
11.50 124,
10.54 121,
10.61 116,
11.19 108,
11.62 99,
12.18 95,
13.20 95,
13.40 96,
13.25 104,
12.75 113,
12.77 121,
12.87 127,
12.90 127,
12.86 125,
12.85 123,
12.62 126,
12.31 131,
11.93 136,
11.50 142,
11.50 147,
11.27 151,
11.29 153,
11.44 158,
11.36 160,
11.32 160,
11.41 160,
11.30 163,
11.20 167,
11.16 169,
11.25 170,
11.26 170,
11.46 170,
11.64 170,
11.62 170,
11.60 170,
11.39 170,
10.99 168,
10.83 166,
10.68 162,
10.62 158,
10.33 152,
10.18 145,
10.14 137,
10.18 130,
9.88 123,
9.95 118,
10.22 115,
10.35 112,
10.28 110,
10.17 110,
10.30 112,
11.00 112,
11.37 109,
11.84 104,
12.36 107,
13.21 112,
13.60 117,
13.88 121,
17.28 126,
19.14 142,
17.75 153,
17.43 145,
14.05 141,
12.92 137,
13.94 127,
14.73 132,
16.60 149,
17.67 162,
18.14 165,
17.40 159,
15.17 156,
15.04 154,
16.62 150,
18.45 141,
18.23 132,
17.63 129,
16.53 128,
14.38 133,
13.92 142,
13.61 141,
13.35 137,
11.97 129,
11.80 120,
11.95 116,
11.20 115,
10.49 113,
10.04 112,
9.65 113,
8.94 112,
8.72 109,
8.64 104,
8.67 99,
9.03 98,
9.29 97,
9.27 93,
9.17 91,
8.69 90,
8.66 88,
8.72 86,
9.08 79,
9.53 70,
9.89 72,
9.87 79,
9.93 84,
10.30 89,
10.77 90,
11.47 89,
12.55 86,
13.06 82,
13.53 75,
14.55 67,
14.86 59,
15.20 54,
15.19 53,
15.99 55,
16.41 62,
16.89 72,
16.75 81,
14.98 88,
14.30 94,
13.67 93,
13.62 85,
12.01 75,
11.20 67,
11.59 61,
12.36 50,
12.15 40,
12.11 32,
12.13 22,
11.95 10,
12.14 11,
12.02 19,
11.69 22,
11.67 21,
11.50 25,
11.00 27,
10.92 29,
10.69 32,
10.33 35,
9.95 40,
9.17 45,
9.14 50,
8.93 52,
8.65 55,
8.26 59,
8.26 61,
8.27 62,
8.12 62,
8.15 62,
8.42 63,
8.75 64,
8.88 63,
9.09 61,
9.49 58,
9.76 56,
10.51 55,
10.94 53,
11.17 50,
11.21 47,
11.41 44,
11.39 42,
11.25 44,
10.98 47,
10.95 50,
11.13 52,
11.38 51,
11.62 48,
11.96 44,
12.44 40,
12.62 38,
13.06 40,
13.61 39,
14.30 40,
15.37 43,
16.10 49,
16.86 59,
17.62 72,
20.13 86,
20.79 102,
18.06 128,
14.21 129,
10.38 110,
11.11 95,
13.38 75,
13.09 59,
9.65 47,
10.22 50,
10.78 59,
11.15 67,
12.35 75,
12.96 82,
13.24 92,
12.93 101,
12.41 109,
12.02 114,
11.83 117,
12.41 118,
12.86 117,
13.32 112,
13.12 105,
11.64 98,
10.88 94,
10.23 94,
9.72 96,
9.67 95,
9.51 91,
9.48 88,
9.57 85,
9.33 83,
9.18 82,
9.09 77,
9.22 70,
9.27 64,
9.18 61,
9.56 59,
9.81 55,
9.85 51,
9.96 47,
9.94 41,
9.86 39,
9.76 37,
9.66 33,
9.94 28,
10.22 24,
10.46 25,
11.26 22,
11.72 18,
12.27 12,
13.23 10,
14.13 13,
14.11 16,
13.76 19,
13.43 20,
13.53 23,
13.71 25,
14.15 26,
14.88 28,
17.06 29,
16.73 41,
15.68 53,
14.55 50,
14.78 47,
14.77 39,
13.90 33,
12.61 34,
12.08 39,
11.07 43,
10.43 40,
11.75 31,
12.25 20,
12.56 7,
12.70 3,
12.59 13,
12.47 20,
12.24 23,
12.58 22,
13.33 19,
14.01 13,
14.29 10,
13.99 16,
13.41 24,
12.88 32,
12.24 38,
10.85 46,
10.40 52,
10.10 56,
9.94 59,
9.99 61,
10.22 60,
9.92 57,
8.97 60,
8.92 69,
9.08 76,
9.24 78,
9.61 80,
9.49 80,
9.31 80,
9.05 81,
9.08 82,
9.04 81,
8.93 78,
9.06 77,
9.19 74,
9.33 72,
9.76 69,
10.70 67,
10.92 65,
11.22 62,
11.33 60,
11.14 58,
11.02 57,
11.07 57,
11.04 59,
11.34 61,
11.75 62,
12.13 62,
13.06 60,
13.40 61,
13.71 61,
13.94 60,
14.25 60,
14.43 65,
14.59 72,
17.47 81,
17.26 95,
16.46 103,
15.78 104,
14.62 107,
14.31 113,
13.33 115,
12.34 106,
11.66 90,
11.15 92,
10.86 103,
10.85 117,
12.55 131,
13.64 141,
14.54 148,
15.32 153,
15.38 158,
15.34 161,
15.44 164,
15.91 165,
15.93 163,
15.45 160,
14.54 155,
13.25 151,
12.69 147,
12.17 140,
11.25 132,
11.02 125,
10.83 119,
10.78 115,
11.30 115,
11.53 116,
11.45 112,
11.18 102,
10.66 97,
11.02 98,
11.36 97,
11.16 95,
10.84 91,
10.62 83,
11.03 78,
11.24 80,
11.03 80,
10.84 74,
10.80 66,
11.04 61,
11.20 59,
11.38 55,
11.51 49,
11.63 44,
11.73 40,
11.92 43,
12.44 47,
12.89 51,
13.14 54,
13.15 57,
13.03 58,
13.40 58,
13.80 57,
13.96 57,
14.74 58,
15.64 59,
16.35 67,
17.93 81,
16.43 90,
15.60 97,
14.39 104,
14.52 101,
13.89 87,
12.70 75,
11.86 70,
10.83 69,
10.24 64,
10.44 56,
10.48 47,
10.76 42,
10.90 37,
11.09 38,
11.58 40,
11.35 41,
10.92 41,
11.23 43,
12.32 45,
12.96 48,
13.34 52,
13.45 59,
13.10 66,
12.62 76,
12.29 86,
11.36 93,
10.97 97,
10.62 101,
10.30 103,
10.23 103,
10.12 103,
10.17 103,
10.60 105,
10.35 111,
10.26 114,
11.04 113,
10.23 113,
9.93 114,
10.24 111,
10.50 110,
11.02 109,
11.27 111,
10.98 110,
10.80 105,
10.42 104,
10.68 103,
11.07 102,
11.17 102,
11.27 103,
11.50 104,
11.51 104,
11.34 104,
11.19 104,
10.73 103,
10.41 102,
10.05 102,
9.98 101,
10.09 100,
10.42 97,
12.54 93,
13.73 89,
15.14 102,
17.40 118,
19.23 134,
17.94 142,
16.95 137,
16.87 128,
16.37 122,
14.62 120,
12.94 118,
11.37 122,
10.96 130,
10.66 138,
10.20 154,
9.92 167,
10.36 174,
11.12 177,
12.67 174,
13.11 167,
13.36 159,
13.24 149,
13.70 139,
14.39 135,
14.52 132,
14.29 128,
13.31 126,
13.09 126,
12.82 123,
12.39 120,
11.70 116,
11.51 110,
11.27 105,
10.93 100,
10.81 94,
10.78 89,
10.80 85,
11.02 80,
11.00 75,
10.95 70,
10.98 68,
11.30 67,
11.50 67,
11.62 67,
12.02 65,
11.94 61,
11.52 57,
11.56 57,
11.77 55,
11.85 50,
12.00 46,
12.09 43,
11.98 40,
11.99 41,
12.12 42,
12.30 44,
12.51 45,
12.46 46,
12.39 47,
12.25 47,
12.26 45,
12.48 44,
12.90 44,
13.67 42,
14.02 40,
14.40 37,
14.90 34,
15.70 30,
15.94 28,
15.95 27,
15.28 31,
14.71 34,
14.43 37,
14.13 41,
13.78 45,
15.26 55,
16.26 66,
14.08 58,
12.44 48,
13.62 53,
13.54 60,
12.30 61,
11.68 54,
12.44 50,
12.56 48,
12.36 41,
12.83 43,
13.28 47,
13.53 47,
12.88 46,
12.74 47,
12.93 46,
13.01 43,
12.42 40,
11.72 38,
11.05 37,
10.29 38,
9.86 35,
9.40 33,
8.89 30,
8.14 28,
7.88 26,
7.65 26,
7.34 25,
6.69 23,
6.77 22,
6.79 19,
6.99 17,
7.63 21,
8.27 24,
8.64 23,
8.59 21,
8.53 26,
9.11 35,
9.81 41,
10.43 42,
10.48 41,
10.34 39,
10.70 40,
11.80 40,
12.30 37,
12.79 32,
14.01 25,
15.13 22,
16.12 20,
16.86 18,
17.32 16,
17.27 14,
16.90 18,
16.47 23,
15.80 27,
15.34 36,
17.58 48,
23.59 67,
19.44 99,
16.28 96,
14.87 62,
18.45 59,
19.19 68,
17.56 78,
16.71 64,
17.59 79,
17.59 86,
17.21 88,
16.75 90,
15.39 88,
13.80 87,
12.56 91,
12.07 90,
11.50 87,
10.60 90,
9.55 93,
7.36 93,
5.84 100,
5.31 104,
5.29 101,
5.53 97,
5.62 92,
5.60 89,
5.42 92,
5.79 93,
5.99 91,
6.25 85,
7.12 76,
8.29 68,
9.44 59,
10.25 54,
11.57 49,
12.53 41,
13.73 36,
15.07 33,
16.92 25,
17.19 36,
17.11 51,
17.26 66,
16.97 77,
16.80 83,
16.29 92,
14.87 97,
14.33 99,
13.89 98,
13.40 96,
21.27 98,
18.53 99,
14.43 90,
12.73 78,
13.44 79,
13.47 88,
14.26 92,
15.13 91,
14.88 90,
14.61 80,
14.62 71,
15.52 71,
15.35 75,
14.95 76,
13.72 84,
12.53 93,
12.24 94,
10.93 97,
9.14 104,
8.24 98,
8.50 95,
8.13 100,
7.64 109,
6.76 110,
6.22 108,
6.12 110,
6.81 111,
6.96 112,
7.07 116,
7.11 121,
6.78 128,
6.42 136,
6.53 138,
7.19 137,
8.01 134,
9.27 127,
10.36 125,
12.55 122,
13.52 114,
13.77 110,
13.17 129,
10.65 146,
11.12 156,
12.22 162,
15.35 167,
20.76 177,
25.21 202,
27.06 216,
26.22 198,
27.76 223,
27.93 250,
25.61 283,
19.00 300,
18.11 283,
18.70 267,
19.01 257,
19.12 247,
18.87 232,
17.48 217,
14.61 211,
13.44 216,
12.12 218,
10.54 213,
9.04 206,
8.71 193,
8.43 178,
8.05 161,
7.39 151,
7.01 144,
6.43 135,
6.38 129,
6.75 126,
7.29 125,
8.05 124,
10.09 123,
11.36 120,
12.57 118,
14.09 116,
18.00 117,
20.15 115,
22.07 104,
23.25 81,
23.92 63,
23.80 60,
22.44 63,
18.83 72,
17.04 78,
15.65 85,
14.84 89,
14.66 94,
19.29 106,
17.16 106,
15.69 86,
16.94 83,
18.15 115,
18.79 150,
17.15 153,
15.04 126,
13.29 94,
13.05 79,
12.60 103,
12.86 131,
13.43 149,
14.45 154,
16.06 151,
16.29 147,
16.01 144,
15.33 148,
13.29 153,
12.11 154,
11.32 150,
8.84 147,
8.39 143,
8.09 137,
7.89 133,
8.52 131,
8.91 133,
9.50 140,
10.15 150,
10.34 160,
9.76 167,
9.78 177,
10.42 179,
10.46 168,
10.50 157,
10.50 146,
11.45 136,
12.33 129,
12.69 123,
12.84 116,
12.25 106,
13.13 97,
13.80 86,
14.33 76,
14.78 70,
14.71 64,
14.20 56,
15.82 45,
17.02 34,
17.72 55,
17.07 87,
22.61 107,
21.28 124,
16.73 143,
16.86 142,
23.52 144,
23.67 150,
22.80 148,
22.78 167,
22.31 185,
21.53 199,
20.68 210,
17.40 208,
17.30 191,
17.06 171,
16.34 154,
12.93 156,
10.96 166,
9.47 175,
7.59 181,
6.06 180,
5.99 167,
6.56 156,
6.49 156,
6.19 154,
5.99 145,
5.95 135,
6.27 126,
6.55 118,
6.65 109,
7.13 101,
8.86 92,
9.93 82,
10.84 70,
11.77 57,
12.41 48,
13.33 43,
14.48 38,
16.71 25,
17.09 18,
17.48 19,
17.88 24,
17.35 35,
16.95 47,
16.97 56,
17.01 61,
17.84 64,
20.56 68,
21.00 69,
14.20 85,
13.66 84,
13.68 77,
14.69 71,
14.77 66,
15.61 59,
16.31 44,
15.49 25,
14.44 9,
14.59 9,
14.29 16,
13.62 21,
13.77 27,
13.69 34,
14.05 29,
13.53 25,
12.58 24,
11.29 39,
9.81 49,
7.61 54,
7.38 57,
6.48 61,
6.16 60,
6.28 58,
8.13 59,
7.72 59,
6.78 55,
6.68 53,
6.71 51,
6.80 52,
8.24 57,
9.24 61,
9.62 63,
10.05 65,
10.63 70,
10.50 81,
10.83 85,
11.91 84,
11.90 84,
11.86 81,
12.35 76,
13.17 74,
13.58 77,
14.09 77,
14.65 76,
14.46 74,
15.04 72,
16.40 74,
17.75 82,
23.14 101,
20.30 127,
19.20 138,
27.60 135,
22.50 146,
18.59 140,
17.78 129,
15.36 149,
14.30 154,
14.03 160,
14.64 160,
15.95 159,
16.06 157,
15.67 155,
13.91 153,
12.98 149,
11.89 147,
10.89 146,
9.41 146,
8.95 146,
9.12 149,
9.05 147,
8.97 140,
8.52 133,
7.75 128,
7.20 119,
6.28 111,
6.00 100,
5.91 89,
6.71 76,
7.09 67,
7.38 59,
7.83 54,
9.52 53,
10.51 51,
11.22 50,
11.73 47,
13.91 44,
15.48 43,
17.55 41,
20.30 37,
20.33 37,
20.33 42,
19.36 50,
18.97 60,
18.97 69,
20.22 86,
21.86 104,
15.41 95,
14.05 83,
13.14 70,
13.09 60,
14.08 68,
13.78 95,
13.68 99,
15.13 83,
14.35 64,
13.21 51,
13.23 50,
16.08 58,
17.61 69,
18.24 77,
17.25 83,
14.79 95,
13.62 106,
12.29 110,
10.18 111,
9.56 111,
8.96 115,
8.60 125,
8.67 130,
8.81 133,
9.15 139,
9.29 143,
9.57 147,
9.77 151,
9.87 155,
9.87 156,
9.46 158,
9.25 161,
9.12 164,
8.80 165,
8.77 163,
8.88 161,
8.81 157,
8.65 150,
9.20 141,
10.01 129,
10.33 117,
11.15 108,
11.33 107,
11.38 107,
11.38 106,
11.41 104,
11.96 102,
12.52 99,
13.74 96,
14.11 93,
14.79 93,
16.03 97,
19.46 107,
23.14 123,
27.56 156,
29.90 184,
24.92 198,
19.31 179,
18.62 183,
17.76 190,
16.15 186,
15.01 193,
14.77 207,
15.68 214,
16.25 216,
16.79 216,
16.92 213,
16.68 211,
15.73 208,
14.52 204,
13.21 203,
12.52 202,
12.70 201,
12.90 201,
12.32 197,
12.03 195,
11.34 191,
10.40 181,
8.90 173,
8.12 167,
8.06 161,
7.31 150,
6.86 137,
7.43 127,
7.99 123,
7.94 125,
8.64 126,
9.37 125,
9.56 123,
9.86 118,
9.74 114,
9.75 111,
10.10 106,
11.23 96,
11.23 86,
12.28 77,
14.63 70,
15.37 73,
15.95 74,
15.95 73,
16.22 70,
16.26 68,
16.75 69,
17.82 72,
21.76 82,
22.37 92,
20.10 95,
15.43 98,
15.00 101,
14.57 92,
13.69 79,
10.93 69,
11.74 63,
12.18 59,
11.88 57,
11.30 55,
11.20 57,
10.91 58,
10.43 59,
13.30 58,
14.37 57,
15.28 60,
16.42 66,
16.03 73,
15.27 83,
14.42 93,
12.60 100,
11.73 102,
10.90 99,
10.20 98,
9.98 99,
9.87 104,
9.90 111,
9.84 118,
10.17 124,
10.17 130,
9.87 134,
9.85 136,
9.82 138,
9.82 139,
9.71 141,
9.14 141,
9.08 143,
9.08 145,
9.08 146,
8.96 146,
9.31 142,
9.63 136,
10.64 129,
10.64 120,
11.38 112,
11.93 104,
11.57 96,
11.96 90,
12.17 85,
11.99 79,
11.75 71,
11.74 63,
11.77 57,
12.44 57,
12.74 62,
12.88 71,
12.92 82,
12.69 91,
12.78 98,
12.96 105,
13.45 111,
19.88 123,
19.73 145,
18.92 153,
18.48 145,
15.71 142,
15.14 133,
14.24 119,
12.03 105,
11.21 97,
11.01 107,
11.58 123,
13.22 134,
13.04 134,
12.86 129,
12.61 122,
13.86 115,
15.05 107,
15.70 104,
15.21 94,
14.36 83,
13.35 79,
12.13 75,
10.11 70,
9.68 65,
9.21 59,
9.13 54,
9.37 48,
9.37 43,
9.54 39,
9.71 35,
9.60 37,
9.53 34,
9.53 27,
9.81 18,
11.06 11,
11.32 6,
11.54 6,
11.54 12,
11.49 18,
11.39 21,
11.52 21,
11.23 25,
11.23 32,
11.23 38,
10.83 45,
10.52 50,
10.33 55,
10.37 62,
10.87 69,
10.97 74,
10.94 79,
11.21 86,
11.97 94,
12.23 99,
12.21 97,
12.66 96,
12.80 97,
12.86 96,
12.87 96,
13.30 96,
13.37 94,
13.46 94,
13.59 105,
14.20 105,
14.48 116,
13.87 129,
16.03 147,
13.95 170,
13.50 170,
14.88 166,
15.87 161,
13.42 156,
12.19 120,
11.98 120,
10.89 105,
10.95 100,
11.30 99,
11.30 114,
11.83 114,
12.32 128,
12.36 137,
12.25 144,
12.25 153,
12.30 153,
12.33 154,
11.90 154,
11.62 150,
11.62 142,
11.25 142,
10.48 138,
10.04 136,
9.63 136,
9.63 132,
9.37 132,
9.23 128,
9.42 126,
9.84 124,
9.84 120,
9.95 120,
10.21 118,
10.11 116,
9.88 109,
9.82 103,
9.87 103,
9.87 97,
9.84 89,
9.76 86,
10.00 83,
10.21 83,
10.37 82,
10.41 81,
10.50 79,
10.88 77,
11.05 77,
11.17 73,
11.95 79,
12.79 83,
14.02 82,
15.49 82,
16.67 76,
15.73 71,
14.31 72,
11.83 71,
11.83 71,
13.15 72,
13.62 79,
13.37 80,
13.37 79,
12.62 87,
12.97 89,
13.67 86,
13.62 82,
13.62 85,
13.28 84,
11.68 80,
10.97 76,
10.32 75,
10.32 75,
9.54 74,
9.23 75,
9.37 75,
10.41 76,
10.41 77,
11.06 80,
11.94 83,
12.60 85,
12.51 87,
12.51 91,
12.44 95,
13.01 100,
12.55 108,
12.10 115,
11.43 120,
11.18 124,
11.18 129,
11.07 136,
10.60 141,
10.70 144,
10.86 143,
11.29 140,
11.45 137,
11.59 131,
11.79 125,
12.16 118,
12.24 112,
12.62 109,
12.73 108,
12.10 104,
11.82 94,
11.81 81,
12.11 70,
12.23 64,
12.23 60,
12.01 57,
11.54 54,
10.81 52,
10.36 55,
10.36 57,
10.16 58,
10.33 55,
10.34 50,
10.25 43,
10.25 36,
9.46 27,
10.63 22,
11.52 21,
11.28 24,
11.28 23,
11.07 24,
11.65 21,
11.83 18,
11.66 18,
11.66 26,
11.05 30,
11.14 27,
11.04 22,
10.75 19,
10.75 20,
11.13 22,
11.40 25,
11.85 27,
11.95 28,
12.02 28,
12.13 26,
11.78 22,
11.42 20,
10.99 20,
10.79 19,
10.55 21,
10.41 21,
10.38 20,
10.53 18,
10.58 13,
10.72 13,
10.73 16,
10.67 20,
10.56 23,
10.47 26,
10.40 28,
10.26 28,
10.35 27,
10.35 24,
10.35 22,
10.40 19,
10.32 16,
10.19 14,
10.11 13,
10.11 14,
10.05 16,
10.09 18,
10.12 20,
10.15 23,
10.15 25,
10.18 26,
10.03 25,
10.03 23,
9.94 22,
9.94 21,
9.85 18,
9.90 15,
9.92 13,
10.07 11,
10.07 11,
10.18 10,
10.22 10,
10.09 10,
10.02 10,
10.02 10,
9.92 10,
10.03 10,
10.02 8,
10.10 6,
10.28 4,
10.32 4,
10.15 4,
10.07 5,
9.99 7,
9.80 5,
9.81 3,
9.89 3,
9.76 2,
9.95 3,
9.83 8,
9.65 12,
9.87 16,
10.02 16,
9.98 15,
9.74 14,
9.67 15,
9.61 17,
9.59 18,
9.54 20,
9.54 22,
9.68 25,
9.83 26,
9.83 28,
9.84 29,
9.84 31,
9.85 34,
9.74 37,
10.18 37,
10.32 34,
10.32 35,
9.84 38,
10.09 41,
10.22 42,
10.24 43,
10.24 46,
10.15 49,
10.70 49,
10.68 49,
10.66 50,
10.66 51,
10.64 53,
10.28 55,
10.23 57,
10.13 60,
10.13 62,
10.15 64,
10.65 65,
10.99 66,
11.11 67,
11.11 67,
11.15 66,
11.58 65,
11.70 62,
11.72 61,
11.59 60,
11.50 59,
11.51 59,
11.63 59,
11.64 62,
11.81 64,
11.83 67,
11.83 70,
11.91 72,
11.87 72,
11.89 72,
11.93 71,
11.83 70,
11.93 69,
12.26 68,
12.80 67,
13.52 68,
13.27 69,
13.19 71,
13.01 72,
13.01 72,
13.00 71,
13.31 70,
13.18 72,
13.07 76,
13.07 79,
13.07 82,
12.87 83,
12.62 83,
12.62 80,
12.62 79,
12.72 78,
13.05 80,
13.18 82,
13.07 85,
13.07 86,
12.90 86,
12.95 86,
12.84 85,
13.37 82,
13.37 88,
12.61 93,
12.83 95,
12.23 99,
11.61 89,
11.61 86,
12.25 104,
11.46 103,
11.43 105,
11.52 104,
11.52 101,
12.13 100,
12.30 98,
12.57 100,
12.55 99,
12.64 97,
12.97 94,
14.10 91,
14.59 91,
14.22 90,
13.37 83,
13.41 80,
13.27 86,
13.63 91,
13.51 86,
13.07 103,
12.33 98,
12.92 84,
13.67 84,
14.43 76,
15.22 62,
14.45 52,
13.76 54,
13.54 51,
13.50 48,
13.50 47,
13.68 45,
13.86 42,
14.06 42,
13.75 27,
16.64 70,
16.64 155,
13.96 140,
13.34 51,
14.16 36,
14.16 36,
14.52 31,
14.59 28,
14.59 33,
15.00 40,
15.00 30,
13.80 55,
14.57 24,
14.58 37,
14.12 27,
14.12 21,
14.46 23,
14.17 28,
12.48 29,
11.96 15,
11.96 8,
13.44 7,
13.81 24,
14.24 27,
14.36 21,
14.36 19,
14.48 53,
14.56 71,
14.75 88,
14.85 90,
14.85 49,
14.11 29,
13.44 33,
14.33 55,
14.56 52,
14.85 45,
14.74 56,
15.18 61,
15.44 63,
16.15 60,
15.97 57,
15.65 58,
15.53 62,
15.94 64,
16.10 66,
16.24 66,
16.39 67,
16.55 70,
16.60 74,
16.73 77,
16.85 81,
16.68 85,
16.47 88,
16.32 90,
16.50 91,
16.50 93,
16.31 106,
15.58 104,
15.65 94,
15.52 101,
15.52 103,
15.35 114,
13.60 117,
13.08 118,
13.35 119,
13.35 120,
14.95 134,
18.38 144,
19.23 161,
28.46 156,
28.46 136,
30.89 114,
32.22 82,
20.90 35,
15.57 57,
15.57 59,
13.65 58,
11.57 84,
9.77 129,
10.65 129,
10.65 156,
5.85 220,
4.06 164,
6.18 139,
8.02 133,
10.50 137,
10.47 141,
10.24 131,
13.82 118,
15.28 104,
16.20 91,
17.59 85,
16.16 85,
14.64 84,
13.65 77,
11.11 77,
9.94 79,
8.87 82,
8.18 85,
8.00 85,
8.35 83,
8.81 79,
9.37 76,
10.62 74,
10.95 70,
10.95 65,
11.14 59,
11.17 56,
11.04 53,
10.84 48,
10.84 45,
10.49 41,
10.61 38,
10.63 36,
10.46 34,
10.46 31,
10.37 29,
10.57 28,
10.68 27,
10.87 25,
10.87 23,
11.06 22,
11.49 20,
11.57 19,
11.45 18,
11.45 14,
11.04 12,
10.82 11,
10.89 11,
10.91 11,
10.91 12,
10.96 12,
11.01 13,
10.93 14,
10.86 15,
10.81 16,
10.94 18,
11.00 19,
10.92 20,
10.86 19,
10.84 19,
10.88 19,
10.88 18,
10.93 16,
10.97 15,
10.99 14,
10.97 14,
11.06 13,
11.24 12,
11.57 8,
11.49 10,
10.46 7,
10.58 4,
10.78 4,
11.12 4,
11.12 4,
11.23 5,
11.01 7,
10.99 8,
11.04 8,
11.04 6,
11.14 6,
11.19 6,
11.28 6,
11.29 6,
11.29 6,
11.33 5,
11.22 5,
11.15 5,
11.03 4,
11.03 4,
11.01 4,
10.97 4,
11.05 4,
11.12 4,
11.12 4,
11.20 3,
11.03 3,
11.08 4,
11.17 5,
11.21 3,
11.27 2,
11.24 1,
11.11 1,
10.95 3,
11.00 4,
11.00 4,
11.01 5,
11.13 5,
11.07 6,
11.05 6,
11.08 7,
10.94 7,
10.97 6,
10.97 6,
10.95 6,
11.02 6,
11.01 6,
11.02 5,
11.02 5,
11.06 5,
11.02 5,
10.96 5,
11.08 4,
11.07 4,
11.07 3,
11.09 3,
11.00 3,
11.00 3,
11.02 2,
11.02 2,
11.12 2,
11.05 3,
11.06 3,
11.09 2,
11.05 2,
11.02 2,
11.00 3,
11.17 3,
11.41 3,
11.41 4,
11.45 6,
10.88 4,
10.90 2,
11.00 2,
11.00 4,
11.26 4,
11.21 2,
11.16 2,
11.16 2,
11.16 2,
11.09 2,
11.04 2,
11.08 2,
11.16 3,
11.18 2,
11.22 2,
11.22 3,
11.25 2,
11.21 3,
11.12 3,
11.07 3,
11.05 4,
11.10 4,
11.08 3,
11.15 2,
11.18 2,
11.19 2,
11.08 1,
11.19 2,
11.41 1,
11.38 1,
11.25 2,
11.21 1,
11.18 2,
11.27 2,
11.27 2,
11.22 2,
11.21 2,
11.20 1,
11.19 1,
11.18 1,
11.21 1,
11.24 0,
11.26 0,
11.26 0,
11.21 0,
11.19 1,
11.26 1,
11.33 1,
11.33 1,
11.32 1,
11.31 1,
11.32 1,
11.31 1,
11.27 0,
11.25 0,
11.17 1,
11.24 1,
11.24 1,
11.20 1,
11.17 1,
11.24 2,
11.37 1,
11.32 0,
11.24 0,
11.21 1,
11.21 1,
11.22 1,
11.12 0,
11.12 2,
11.18 2,
11.57 2,
11.39 3,
11.11 5,
11.11 4,
11.07 1,
11.19 1,
11.28 2,
11.50 2,
11.30 1,
11.20 3,
11.18 4,
11.27 3,
11.27 3,
11.27 3,
11.19 3,
11.31 2,
11.39 2,
11.44 2,
11.33 1,
11.28 2,
11.28 2,
11.24 2,
11.25 2,
11.29 2,
11.29 1,
11.28 1,
11.39 1,
11.40 1,
11.41 0,
11.30 1,
11.45 1,
11.49 1,
11.36 1,
11.26 1,
11.21 0,
11.22 1,
11.28 1,
11.27 0,
11.29 1,
11.27 1,
11.27 1,
11.35 1,
11.33 1,
11.30 0,
11.32 1,
11.31 1,
11.29 0,
11.29 1,
11.29 1,
11.29 1,
11.29 1,
11.28 1,
11.30 1,
11.37 1,
11.36 1,
11.29 1,
11.34 1,
11.32 1,
11.33 2,
11.26 1,
11.21 1,
11.24 0,
11.25 0,
11.25 1,
11.30 1,
11.32 0,
11.33 1,
11.26 2,
11.26 2,
11.26 1,
11.24 2,
11.24 1,
11.18 1,
11.20 1,
11.34 1,
11.54 1,
11.60 2,
11.28 3,
11.28 2,
10.93 0,
11.06 2,
11.32 4,
11.41 4,
11.41 3,
11.35 1,
11.15 4,
11.17 3,
11.19 2,
11.19 1,
11.17 1,
11.24 0,
11.34 0,
11.30 1,
11.26 1,
11.24 1,
11.18 2,
11.15 2,
11.15 2,
11.16 1,
11.14 1,
11.18 1,
11.21 2,
11.28 2,
11.26 2,
11.09 1,
11.20 1,
11.40 2,
11.23 3,
11.23 2,
11.10 1,
11.10 1,
11.19 1,
11.11 0,
11.10 0,
11.12 1,
11.16 1,
11.15 1,
11.17 1,
11.15 1,
11.14 2,
11.19 2,
11.15 2,
11.13 1,
11.15 1,
11.16 1,
11.12 1,
11.14 1,
11.15 1,
11.18 1,
11.13 1,
11.10 1,
11.16 1,
11.16 1,
11.17 1,
11.16 1,
11.08 0,
11.11 0,
11.12 1,
11.08 1,
11.09 0,
11.13 1,
11.09 1,
11.14 1,
11.15 1,
11.12 0,
11.16 0,
11.11 1,
11.17 1,
11.08 0,
11.00 1,
11.00 1,
11.05 2,
11.47 3,
11.47 3,
11.51 4,
10.68 1,
11.26 2,
11.12 1,
11.12 3,
11.37 3,
11.24 1,
11.08 2,
11.09 4,
11.09 4,
11.11 3,
11.11 2,
11.13 1,
11.18 1,
11.23 2,
11.22 3,
11.20 2,
11.12 2,
11.14 2,
11.12 2,
11.12 2,
11.12 1,
11.16 1,
11.19 1,
11.23 1,
11.24 1,
11.05 1,
11.02 3,
11.23 2,
11.25 1,
11.30 2,
11.17 2,
11.15 2,
11.10 1,
11.09 1,
11.10 0,
11.13 1,
11.18 1,
11.16 1,
11.16 2,
11.11 2,
11.18 2,
11.19 2,
11.17 2,
11.19 2,
11.18 1,
11.12 1,
11.10 1,
11.18 1,
11.17 1,
11.17 1,
11.15 1,
11.20 1,
11.20 1,
11.17 1,
11.17 0,
11.18 1,
11.14 1,
11.14 1,
11.13 1,
11.13 1,
11.14 1,
11.18 1,
11.20 1,
11.20 1,
11.22 1,
11.21 1,
11.22 0,
11.21 0,
11.23 0,
11.18 0,
11.15 0,
11.10 0,
11.12 1,
11.17 1,
11.23 2,
11.50 1,
11.27 2,
10.93 3,
10.93 3,
11.31 1,
11.26 2,
11.34 2,
11.33 2,
11.20 0,
11.12 2,
11.12 3,
11.27 2,
11.21 2,
11.18 2,
11.23 2,
11.26 2,
11.30 1,
11.25 1,
11.19 1,
11.21 1,
11.20 0,
11.21 1,
11.20 1,
11.17 1,
11.25 0,
11.23 0,
11.29 0,
11.32 0,
11.13 0,
11.28 1,
11.33 0,
11.29 1,
11.23 1,
11.23 0,
11.17 0,
11.22 0,
11.20 1,
11.22 0,
11.23 0,
11.23 0,
11.17 1,
11.23 1,
11.22 2,
11.23 1,
11.26 1,
11.22 1,
11.23 0,
11.25 0,
11.22 0,
11.22 0,
11.20 0,
11.20 0,
11.16 0,
11.24 0,
11.21 0,
11.18 0,
11.16 0,
11.18 1,
11.19 0,
11.21 1,
11.27 1,
11.24 1,
11.24 1,
11.28 0,
11.31 0,
11.31 0,
11.30 0,
11.35 0,
11.35 1,
11.34 1,
11.37 1,
11.39 1,
11.35 2,
11.35 2,
11.27 2,
11.21 2,
11.19 2,
11.14 3,
11.14 3,
11.04 2,
11.12 2,
11.38 2,
11.48 2,
11.48 4,
11.28 5,
11.40 2,
11.45 1,
11.34 3,
11.34 4,
11.38 2,
11.29 1,
11.15 1,
11.17 2,
11.24 2,
11.20 3,
11.15 4,
11.26 3,
11.32 2,
11.27 1,
11.24 1,
11.19 1,
11.13 1,
11.10 2,
11.09 3,
11.15 3,
11.16 3,
11.16 3,
11.23 3,
11.22 2,
11.26 3,
11.09 2,
11.15 1,
11.32 1,
11.35 3,
11.23 3,
11.07 2,
11.09 1,
11.14 2,
11.17 3,
11.09 3,
11.11 2,
11.11 1,
11.20 1,
11.25 1,
11.26 1,
11.20 1,
11.15 1,
11.15 1,
11.14 1,
11.08 1,
11.10 1,
11.11 1,
11.14 1,
11.16 1,
11.16 0,
11.15 1,
11.11 1,
11.19 1,
11.14 1,
11.15 1,
11.13 1,
11.10 1,
11.10 1,
11.12 1,
11.10 1,
11.14 1,
11.16 0,
11.13 0,
11.11 0,
11.15 1,
11.12 0,
11.15 0,
11.14 0,
11.12 0,
11.09 0,
11.08 1,
11.17 1,
11.18 0,
11.12 1,
ex,