13.51 1,
13.53 1,
13.51 1,
13.50 1,
13.54 1,
13.52 1,
13.51 1,
13.54 2,
13.56 1,
13.55 1,
13.57 1,
13.55 1,
13.47 0,
13.49 1,
13.55 1,
13.59 0,
13.48 0,
13.48 0,
13.53 1,
13.55 1,
13.59 1,
13.54 0,
13.52 1,
13.53 1,
13.55 1,
13.56 1,
13.55 1,
13.54 1,
13.50 0,
13.51 1,
13.52 1,
13.50 1,
13.50 1,
13.52 1,
13.49 1,
13.48 1,
13.46 2,
13.51 2,
13.61 3,
13.76 2,
13.57 2,
13.29 2,
13.27 2,
13.46 2,
13.54 1,
13.50 2,
13.59 2,
13.59 2,
13.63 2,
13.56 1,
13.49 1,
13.49 1,
13.50 1,
13.50 1,
13.46 2,
13.46 2,
13.51 2,
13.49 2,
13.50 1,
13.51 1,
13.51 1,
13.48 1,
13.48 1,
13.50 1,
13.51 1,
13.52 1,
13.50 1,
13.52 2,
13.56 1,
13.45 1,
13.55 1,
13.60 1,
13.55 1,
13.45 1,
13.43 1,
13.49 1,
13.58 0,
13.51 0,
13.47 0,
13.46 1,
13.50 0,
13.44 0,
13.47 0,
13.50 0,
13.50 0,
13.49 0,
13.49 0,
13.49 0,
13.47 0,
13.47 0,
13.48 0,
13.48 0,
13.51 0,
13.52 0,
13.56 0,
13.53 0,
13.47 0,
13.47 0,
13.43 0,
13.43 0,
13.44 0,
13.43 0,
13.44 0,
13.47 0,
13.48 0,
13.49 0,
13.47 0,
13.44 0,
13.45 0,
13.44 0,
13.45 0,
13.51 0,
13.46 0,
13.50 0,
13.50 0,
13.47 0,
13.49 0,
13.49 0,
13.50 0,
13.50 0,
13.52 0,
13.47 0,
13.42 0,
13.41 0,
13.53 0,
13.59 0,
13.71 1,
13.41 3,
13.16 2,
13.52 2,
13.50 0,
13.45 1,
13.50 2,
13.67 2,
13.63 2,
13.56 1,
13.45 0,
13.45 1,
13.46 1,
13.53 1,
13.47 1,
13.50 1,
13.45 1,
13.48 1,
13.54 1,
13.57 0,
13.47 0,
13.48 1,
13.44 0,
13.49 0,
13.45 0,
13.45 0,
13.50 0,
13.59 0,
13.46 0,
13.44 0,
13.56 0,
13.63 0,
13.60 1,
13.40 1,
13.46 0,
13.49 0,
13.54 0,
13.48 0,
13.43 0,
13.45 0,
13.53 0,
13.48 0,
13.46 0,
13.47 0,
13.47 0,
13.49 0,
13.44 0,
13.51 1,
13.53 1,
13.54 0,
13.51 0,
13.51 1,
13.47 1,
13.50 1,
13.46 0,
13.53 0,
13.46 0,
13.55 0,
13.50 0,
13.50 0,
13.45 0,
13.52 0,
13.38 0,
13.38 0,
13.52 0,
13.49 0,
13.47 0,
13.53 0,
13.49 0,
13.50 1,
13.46 1,
13.51 1,
13.50 1,
13.57 1,
13.55 2,
13.56 2,
13.54 2,
13.57 2,
13.55 2,
13.53 2,
13.45 3,
13.39 2,
13.36 2,
13.40 1,
13.46 0,
13.71 1,
13.64 1,
13.43 2,
13.27 1,
13.46 2,
13.41 1,
13.41 2,
13.64 3,
13.69 2,
13.62 2,
13.50 1,
13.39 1,
13.42 2,
13.47 3,
13.46 3,
13.51 3,
13.44 3,
13.46 2,
13.47 2,
13.45 1,
13.44 1,
13.44 1,
13.43 2,
13.41 2,
13.41 2,
13.46 2,
13.56 3,
13.61 2,
13.46 2,
13.45 2,
13.54 2,
13.60 1,
13.61 1,
13.48 2,
13.48 2,
13.38 2,
13.46 2,
13.47 1,
13.43 1,
13.43 1,
13.40 1,
13.42 1,
13.45 1,
13.44 2,
13.46 2,
13.47 2,
13.46 2,
13.44 2,
13.48 1,
13.49 1,
13.51 1,
13.49 1,
13.48 1,
13.52 1,
13.50 1,
13.54 1,
13.50 1,
13.51 1,
13.51 2,
13.45 1,
13.47 1,
13.43 1,
13.38 1,
13.43 2,
13.45 1,
13.50 2,
13.42 2,
13.45 2,
13.45 2,
13.45 2,
13.49 1,
13.50 1,
13.51 1,
13.53 1,
13.52 1,
13.51 1,
13.47 1,
13.46 0,
13.44 0,
13.43 0,
13.43 0,
13.48 1,
13.62 0,
13.68 0,
13.69 2,
13.32 3,
13.43 1,
13.49 0,
13.47 1,
13.50 1,
13.57 2,
13.62 1,
13.56 1,
13.48 0,
13.45 0,
13.46 1,
13.47 1,
13.48 1,
13.47 1,
13.47 1,
13.54 1,
13.52 1,
13.52 0,
13.54 0,
13.53 0,
13.45 0,
13.48 0,
13.54 0,
13.54 0,
13.57 0,
13.51 0,
13.48 1,
13.51 1,
13.54 1,
13.59 1,
13.58 1,
13.48 2,
13.47 1,
13.46 0,
13.46 0,
13.49 0,
13.49 0,
13.46 0,
13.50 0,
13.48 0,
13.51 0,
13.47 0,
13.46 0,
13.46 0,
13.44 0,
13.43 0,
13.45 0,
13.48 0,
13.45 0,
13.46 0,
13.45 0,
13.43 0,
13.49 0,
13.53 1,
13.50 2,
13.48 2,
13.40 2,
13.48 2,
13.51 2,
13.51 2,
13.51 3,
13.47 3,
13.51 4,
13.48 4,
13.48 4,
13.53 4,
13.50 3,
13.56 3,
13.54 3,
13.54 4,
13.55 4,
13.51 5,
13.45 5,
13.42 5,
13.40 5,
13.46 4,
13.56 3,
13.56 4,
13.56 5,
13.61 6,
13.60 6,
13.72 6,
13.73 6,
13.42 6,
13.40 6,
13.51 6,
13.41 7,
13.43 9,
13.58 9,
13.58 8,
13.63 7,
13.49 6,
13.51 5,
13.53 4,
13.53 4,
13.54 5,
13.48 5,
13.48 5,
13.49 5,
13.52 5,
13.57 5,
13.56 5,
13.50 5,
13.47 5,
13.46 5,
13.42 5,
13.36 5,
13.35 4,
13.39 4,
13.33 5,
13.25 5,
13.34 4,
13.35 4,
13.43 4,
13.42 5,
13.38 5,
13.31 3,
13.35 3,
13.40 3,
13.46 2,
13.47 3,
13.44 4,
13.41 5,
13.41 5,
13.43 5,
13.42 5,
13.43 5,
13.40 5,
13.47 6,
13.49 5,
13.46 5,
13.52 5,
13.55 5,
13.59 6,
13.59 6,
13.67 6,
13.66 6,
13.70 5,
13.71 4,
13.81 3,
13.76 3,
13.74 2,
13.73 3,
13.77 2,
13.71 2,
13.73 2,
13.76 1,
13.73 2,
13.77 2,
13.73 1,
13.78 2,
13.72 2,
13.67 3,
13.71 3,
13.63 4,
13.66 4,
13.63 4,
13.61 4,
13.57 4,
13.55 3,
13.55 3,
13.67 3,
13.85 4,
13.87 8,
13.76 8,
13.43 4,
13.53 4,
13.54 2,
13.49 3,
13.63 4,
13.65 4,
13.62 4,
13.54 5,
13.50 4,
13.46 4,
13.53 5,
13.54 5,
13.46 5,
13.47 4,
13.52 5,
13.52 5,
13.48 5,
13.41 4,
13.30 4,
13.23 4,
13.16 3,
13.13 2,
13.16 2,
13.21 4,
13.32 6,
13.34 8,
13.06 14,
12.93 20,
12.81 27,
12.60 35,
12.45 43,
12.37 52,
12.07 59,
11.91 62,
11.75 62,
11.76 66,
11.95 73,
11.67 75,
11.13 85,
9.84 86,
9.10 67,
8.12 77,
8.02 89,
8.47 116,
8.08 134,
8.13 148,
8.57 163,
9.12 182,
9.77 190,
10.61 201,
10.94 215,
13.54 212,
18.03 192,
17.94 160,
18.35 126,
20.02 128,
18.79 99,
17.82 82,
17.61 68,
25.78 43,
33.24 58,
34.11 94,
31.80 108,
29.66 123,
30.24 143,
29.89 164,
27.06 156,
28.15 114,
26.92 60,
26.62 28,
26.50 67,
27.25 74,
25.78 49,
24.99 32,
24.27 51,
24.41 48,
24.88 54,
29.79 46,
29.04 49,
27.05 57,
25.54 61,
24.19 54,
23.06 41,
21.48 41,
19.92 65,
16.66 77,
16.01 81,
15.23 100,
13.36 118,
8.19 118,
6.62 124,
5.72 133,
6.00 152,
5.69 155,
6.36 155,
5.99 147,
5.52 167,
4.42 192,
3.83 206,
3.39 209,
3.53 203,
4.19 204,
3.22 199,
3.24 185,
3.15 174,
2.98 170,
3.22 178,
3.46 205,
6.06 194,
5.83 194,
5.65 170,
8.66 165,
8.89 140,
8.48 125,
8.23 109,
9.84 95,
10.76 82,
11.01 70,
12.08 71,
16.10 67,
14.43 55,
14.51 52,
13.65 48,
13.13 48,
12.86 48,
12.90 48,
12.68 48,
12.27 47,
11.78 47,
10.62 48,
10.43 48,
10.95 52,
11.54 56,
10.04 46,
10.11 43,
9.93 39,
10.06 37,
10.10 34,
10.16 33,
10.24 33,
10.72 25,
10.76 24,
10.91 25,
11.20 29,
11.21 33,
10.77 34,
10.38 30,
10.31 26,
10.49 23,
10.65 19,
10.76 18,
10.62 17,
10.12 15,
9.98 12,
9.89 11,
9.84 10,
9.83 11,
9.80 11,
9.78 11,
9.76 11,
9.79 11,
9.80 11,
9.89 10,
10.08 9,
10.16 9,
10.25 7,
10.28 6,
10.25 6,
10.21 6,
10.12 5,
10.03 5,
10.04 5,
9.95 3,
9.91 2,
10.09 2,
10.08 3,
10.11 3,
10.17 4,
10.04 4,
10.01 3,
10.01 2,
10.04 2,
10.11 2,
10.16 2,
10.22 2,
10.24 3,
10.20 3,
10.13 4,
10.11 4,
10.04 4,
10.06 4,
10.04 4,
10.03 2,
10.05 2,
10.09 2,
10.18 2,
10.18 3,
10.19 4,
10.13 5,
10.14 5,
10.13 5,
10.12 6,
10.19 7,
10.23 7,
10.27 8,
10.28 7,
10.30 7,
10.30 7,
10.31 8,
10.30 8,
10.26 8,
10.20 8,
10.22 9,
10.30 10,
10.54 8,
10.38 5,
10.07 8,
10.06 11,
10.31 10,
10.25 10,
10.38 10,
10.51 8,
10.36 6,
10.27 6,
10.18 5,
10.21 5,
10.37 3,
10.34 2,
10.33 2,
10.35 2,
10.40 2,
10.33 3,
10.36 3,
10.41 3,
10.38 2,
10.35 2,
10.32 1,
10.30 1,
10.30 2,
10.34 2,
10.33 2,
10.35 3,
10.38 4,
10.55 5,
10.30 5,
10.36 4,
10.44 4,
10.43 6,
10.28 6,
10.21 6,
10.18 5,
10.22 4,
10.19 4,
10.16 4,
10.14 4,
10.16 4,
10.22 3,
10.20 3,
10.21 2,
10.21 2,
10.25 2,
10.23 2,
10.24 2,
10.30 2,
10.26 2,
10.24 2,
10.23 1,
10.20 2,
10.21 2,
10.23 1,
10.24 2,
10.23 1,
10.21 2,
10.23 2,
10.28 2,
10.29 2,
10.24 1,
10.19 1,
10.14 1,
10.16 1,
10.17 2,
10.15 2,
10.13 3,
10.14 4,
10.16 4,
10.31 5,
10.33 4,
10.17 5,
10.15 8,
10.13 8,
10.16 11,
10.09 13,
10.11 15,
10.25 16,
10.21 16,
10.17 17,
10.14 24,
10.21 27,
10.21 29,
10.19 29,
10.20 31,
10.22 39,
10.29 42,
10.29 45,
10.22 45,
10.22 48,
10.19 55,
10.19 57,
10.32 60,
10.40 60,
10.42 63,
10.65 70,
10.72 74,
10.73 78,
10.76 78,
10.81 82,
10.83 89,
11.08 93,
11.40 95,
11.68 95,
11.69 98,
11.73 106,
12.07 109,
12.18 111,
12.36 111,
12.45 113,
12.45 115,
12.45 114,
12.51 112,
12.51 112,
12.31 108,
12.08 97,
11.96 91,
12.07 85,
12.02 85,
11.88 78,
11.68 69,
11.58 69,
11.62 69,
11.63 69,
11.73 69,
11.74 68,
11.70 67,
11.69 67,
11.83 67,
12.07 66,
12.18 62,
12.14 60,
12.12 59,
12.19 59,
12.20 59,
12.15 62,
12.05 64,
11.72 68,
12.27 68,
12.05 71,
12.09 80,
12.12 82,
12.23 84,
12.52 84,
13.07 87,
14.48 98,
14.96 100,
11.99 96,
11.66 96,
12.68 94,
13.10 86,
12.50 81,
12.47 78,
12.66 78,
12.77 75,
12.67 68,
12.39 62,
12.10 57,
11.43 57,
11.09 53,
10.58 50,
9.98 48,
8.89 44,
8.52 44,
8.18 36,
7.91 40,
7.74 44,
8.07 48,
8.58 48,
9.59 52,
10.23 51,
10.57 50,
10.63 51,
11.50 51,
11.94 51,
12.28 49,
12.22 48,
11.89 48,
11.70 48,
11.54 47,
11.20 46,
10.64 47,
10.52 48,
10.40 48,
10.16 49,
10.17 48,
10.15 48,
10.06 47,
9.78 47,
9.74 48,
9.73 48,
9.71 48,
9.69 48,
9.77 48,
9.81 50,
9.96 50,
10.00 51,
9.99 54,
9.97 56,
10.08 58,
10.29 58,
10.32 59,
10.28 59,
10.05 59,
10.05 60,
10.11 60,
10.07 62,
9.97 66,
9.96 67,
9.98 69,
9.96 69,
9.94 71,
10.11 71,
10.23 69,
10.01 69,
10.02 74,
9.97 77,
10.08 79,
10.08 80,
10.25 79,
10.30 80,
10.48 82,
10.88 83,
11.21 85,
11.49 88,
12.06 92,
12.28 98,
12.63 103,
13.38 111,
16.50 127,
15.17 160,
20.14 165,
13.07 137,
12.60 120,
12.13 106,
11.73 93,
9.90 80,
9.36 86,
9.10 94,
9.21 102,
9.80 106,
9.52 110,
9.06 114,
9.31 114,
9.89 114,
10.40 114,
11.05 113,
12.57 112,
13.16 111,
13.50 109,
13.65 109,
13.71 111,
13.90 113,
14.14 113,
14.30 111,
13.63 107,
12.98 103,
12.48 100,
11.27 99,
11.03 100,
10.81 100,
10.70 98,
11.20 100,
10.61 102,
10.21 100,
10.15 95,
10.60 91,
10.98 88,
11.54 84,
12.57 80,
12.48 76,
12.28 71,
12.18 66,
11.97 63,
12.07 62,
12.13 62,
12.08 63,
11.56 62,
11.47 63,
11.61 64,
11.68 63,
11.52 60,
11.61 54,
11.43 50,
11.31 52,
11.54 53,
11.55 54,
11.53 55,
11.92 53,
11.94 52,
11.83 51,
11.72 50,
11.92 49,
12.03 52,
12.24 55,
12.34 59,
12.43 60,
12.67 59,
12.88 59,
13.26 59,
13.51 59,
13.87 61,
14.27 65,
15.03 71,
15.20 78,
15.20 82,
15.26 85,
14.58 86,
14.50 85,
14.50 81,
12.37 73,
11.45 64,
10.86 57,
10.27 54,
9.17 52,
8.74 50,
8.31 48,
7.84 45,
7.79 42,
7.85 41,
8.16 40,
8.85 40,
9.47 40,
10.13 43,
10.68 47,
11.46 49,
11.62 52,
11.74 55,
11.32 57,
11.84 62,
12.05 65,
12.30 67,
12.47 71,
12.48 76,
12.21 81,
11.93 85,
11.21 88,
10.91 90,
10.48 91,
9.93 94,
9.26 95,
9.40 95,
9.64 94,
9.81 96,
10.08 98,
10.34 101,
10.45 104,
10.56 108,
10.33 111,
10.33 111,
10.46 108,
10.03 106,
10.12 109,
10.27 113,
10.40 112,
10.16 112,
10.18 111,
9.91 109,
9.41 108,
9.38 107,
9.40 107,
9.66 107,
10.21 105,
10.49 103,
10.57 102,
10.53 102,
10.39 101,
10.44 100,
10.67 98,
10.81 97,
10.94 96,
10.99 96,
10.91 95,
10.93 95,
10.97 95,
11.13 96,
11.33 97,
11.28 97,
11.22 98,
11.08 98,
11.07 97,
10.93 96,
10.99 97,
11.11 101,
11.41 104,
11.51 107,
11.62 111,
11.59 116,
11.62 121,
11.77 127,
12.15 133,
13.25 140,
16.80 153,
18.18 174,
18.28 190,
16.63 189,
13.66 176,
13.48 156,
13.22 137,
11.77 122,
10.94 124,
10.15 130,
9.94 137,
9.73 142,
9.33 145,
9.42 148,
9.69 147,
10.83 145,
11.74 139,
12.53 132,
13.05 133,
12.92 129,
12.73 121,
12.72 123,
13.53 127,
13.62 130,
13.11 127,
12.43 121,
11.50 115,
11.01 114,
10.81 115,
10.70 116,
10.72 117,
10.75 117,
10.74 117,
10.83 116,
10.90 114,
10.99 111,
11.13 106,
11.43 101,
11.57 97,
11.65 92,
11.63 87,
11.65 82,
11.66 77,
11.61 72,
11.44 68,
11.40 63,
11.41 60,
11.38 57,
11.38 54,
11.26 51,
11.19 47,
11.06 42,
11.10 38,
11.19 34,
11.27 30,
11.28 25,
11.15 22,
11.15 20,
11.16 20,
11.36 18,
11.54 17,
11.78 17,
11.99 17,
12.32 19,
12.37 22,
12.36 24,
12.34 25,
12.54 27,
12.74 29,
13.02 33,
13.59 35,
13.87 39,
14.12 45,
14.27 53,
14.17 60,
14.32 65,
13.98 68,
13.98 67,
14.08 68,
14.16 71,
14.08 76,
12.74 79,
11.93 79,
11.29 73,
10.81 64,
9.81 56,
9.48 50,
9.10 43,
8.89 37,
8.86 31,
8.46 28,
8.28 24,
8.59 21,
9.31 20,
9.93 22,
10.48 23,
10.88 23,
11.12 25,
11.25 28,
11.45 28,
11.93 26,
12.10 25,
12.18 28,
12.39 34,
12.85 39,
12.60 42,
12.07 45,
11.04 49,
10.68 52,
10.53 54,
10.16 55,
9.58 55,
9.47 56,
9.72 56,
9.77 56,
9.67 54,
9.67 56,
9.64 58,
9.73 59,
10.26 58,
10.64 57,
10.86 57,
10.92 58,
10.95 60,
10.90 58,
10.83 55,
10.63 52,
10.74 50,
10.82 48,
10.87 45,
10.62 42,
10.51 40,
10.33 41,
10.37 41,
10.65 39,
9.67 44,
10.02 45,
9.69 47,
9.69 47,
9.79 45,
9.93 45,
10.20 43,
10.35 41,
10.55 40,
10.70 41,
11.05 43,
11.74 46,
12.49 49,
13.45 52,
13.71 57,
13.87 65,
13.85 73,
13.98 83,
13.96 91,
14.23 98,
14.84 108,
16.07 122,
16.16 136,
15.76 143,
13.74 139,
12.29 131,
11.38 121,
11.61 110,
10.85 101,
10.17 91,
9.94 80,
10.00 72,
10.63 79,
10.56 85,
10.40 89,
9.90 91,
8.42 92,
8.14 93,
8.30 94,
9.37 95,
10.23 97,
11.23 102,
12.33 107,
13.14 111,
13.22 112,
13.39 110,
13.57 106,
13.88 102,
13.93 96,
13.60 91,
13.01 87,
12.79 83,
12.55 78,
12.18 74,
11.22 70,
10.74 67,
10.13 65,
9.57 63,
9.56 61,
9.94 59,
10.19 56,
10.41 53,
10.86 48,
11.01 43,
11.14 39,
11.40 36,
11.39 32,
11.50 28,
11.90 24,
11.54 23,
11.44 21,
11.23 21,
11.04 20,
10.85 19,
11.05 18,
11.12 18,
10.89 19,
10.58 19,
10.35 18,
10.21 17,
10.14 17,
10.22 18,
10.25 20,
10.13 23,
10.47 28,
10.74 31,
11.03 33,
11.47 33,
12.13 34,
12.36 37,
12.69 38,
13.43 36,
13.79 34,
14.04 32,
14.24 30,
14.64 29,
15.24 30,
15.82 32,
16.26 41,
16.15 50,
15.56 50,
14.69 48,
13.36 44,
12.83 37,
12.07 33,
11.13 29,
9.71 25,
9.02 22,
8.33 18,
8.27 15,
8.02 14,
8.35 19,
8.50 24,
8.75 28,
9.59 30,
10.20 29,
10.67 29,
11.12 31,
11.16 34,
11.28 34,
11.99 31,
13.22 27,
13.51 23,
13.62 19,
13.56 16,
13.34 15,
12.97 19,
12.58 24,
12.01 26,
11.72 27,
11.37 26,
11.31 24,
11.03 21,
10.87 20,
10.46 19,
10.05 20,
9.79 21,
9.51 23,
9.52 24,
9.54 23,
9.52 22,
9.67 26,
9.63 31,
9.73 34,
9.50 37,
9.40 38,
9.43 37,
9.20 40,
10.22 45,
9.84 46,
10.50 39,
10.23 36,
9.75 39,
9.97 40,
10.26 41,
10.15 44,
10.27 47,
10.28 48,
10.38 50,
10.62 51,
10.92 51,
11.05 51,
11.35 52,
11.67 52,
12.12 51,
13.47 51,
14.74 56,
16.68 62,
18.19 76,
16.80 99,
15.82 108,
14.51 100,
14.06 89,
13.09 77,
12.60 65,
12.37 54,
12.44 49,
13.29 45,
13.14 45,
12.55 49,
11.26 53,
10.85 61,
10.25 70,
9.75 81,
9.63 92,
9.77 97,
9.99 98,
10.32 104,
11.19 111,
11.62 116,
12.01 119,
12.65 122,
13.18 122,
13.77 118,
14.02 109,
13.92 103,
14.62 98,
14.53 91,
13.95 86,
12.90 82,
12.53 77,
12.21 69,
11.54 63,
10.36 64,
10.09 65,
10.32 63,
10.81 60,
10.95 57,
10.95 54,
10.92 51,
11.17 48,
11.45 42,
11.67 35,
11.70 30,
11.58 25,
11.55 23,
11.34 22,
11.14 20,
11.05 18,
10.99 15,
10.97 13,
11.12 10,
11.23 8,
11.21 12,
11.20 16,
11.44 18,
11.56 21,
11.46 24,
11.55 25,
11.89 28,
11.95 33,
11.89 36,
12.41 38,
12.90 38,
13.30 39,
13.64 41,
14.26 43,
14.45 47,
14.60 51,
14.75 55,
15.07 61,
15.52 66,
16.04 69,
16.50 77,
16.89 88,
16.38 82,
15.21 66,
14.45 60,
14.06 56,
12.69 51,
11.21 44,
9.75 36,
9.14 29,
8.41 24,
7.63 20,
7.10 18,
7.29 21,
7.61 25,
8.74 28,
9.44 30,
10.02 32,
10.59 33,
11.01 36,
10.63 38,
10.64 34,
11.31 29,
12.13 21,
12.87 14,
13.26 19,
12.66 22,
12.14 23,
11.98 26,
11.84 29,
11.09 31,
11.10 33,
11.17 34,
11.20 36,
11.13 36,
10.88 37,
10.75 40,
10.45 43,
10.34 47,
10.21 51,
9.87 56,
9.51 61,
9.51 65,
9.52 69,
9.41 70,
9.79 72,
9.98 73,
10.17 73,
10.30 72,
10.39 72,
10.55 70,
10.86 69,
11.14 69,
10.88 66,
10.88 67,
11.60 66,
10.70 64,
10.91 63,
10.82 62,
10.73 62,
10.76 62,
10.55 62,
10.34 62,
10.36 63,
10.56 64,
10.69 64,
10.88 63,
11.55 63,
12.09 63,
12.65 64,
13.35 66,
14.67 67,
15.28 69,
15.94 79,
16.73 90,
18.37 106,
18.01 122,
17.31 122,
16.15 115,
16.08 119,
14.45 123,
12.74 114,
11.55 100,
11.34 90,
11.24 82,
11.12 90,
10.02 98,
9.35 109,
9.08 117,
9.05 121,
9.04 125,
10.03 129,
10.56 134,
11.85 133,
12.05 133,
12.23 136,
12.59 141,
13.47 144,
13.72 146,
14.23 145,
14.63 139,
14.86 133,
14.69 126,
14.27 118,
12.70 112,
11.87 107,
11.17 103,
11.06 100,
10.25 101,
9.99 96,
10.13 92,
10.37 92,
10.64 89,
10.81 84,
11.05 82,
11.69 81,
11.86 78,
12.00 74,
12.04 69,
11.64 63,
11.49 59,
11.37 57,
11.43 55,
11.34 53,
11.18 51,
11.11 50,
11.18 49,
11.39 47,
11.40 44,
11.30 47,
11.16 49,
11.22 50,
11.27 49,
11.36 48,
11.61 48,
11.63 47,
11.72 45,
11.99 44,
12.57 42,
12.70 41,
13.00 40,
13.62 41,
14.04 41,
14.54 43,
14.67 48,
15.16 53,
15.99 58,
16.38 67,
16.43 79,
15.66 86,
14.48 87,
13.96 84,
14.20 77,
13.10 66,
11.82 54,
11.02 41,
9.44 41,
8.53 43,
8.21 37,
8.43 26,
9.29 15,
9.84 10,
10.37 17,
10.88 23,
11.31 27,
11.25 28,
10.83 28,
11.42 28,
12.29 25,
12.43 15,
13.10 13,
13.45 24,
13.07 36,
12.43 40,
12.16 41,
11.24 49,
10.92 53,
10.46 56,
11.23 55,
10.44 61,
10.28 57,
10.25 52,
10.01 58,
9.53 61,
9.84 64,
9.65 65,
9.69 65,
10.05 68,
10.39 71,
10.34 73,
9.55 77,
9.45 78,
9.33 79,
9.16 79,
9.21 85,
9.27 92,
9.36 97,
10.02 102,
10.23 106,
10.54 109,
10.64 110,
10.47 108,
10.56 106,
10.97 107,
11.98 105,
11.75 108,
11.50 110,
11.29 106,
10.57 102,
10.20 102,
10.09 104,
11.21 102,
11.06 101,
11.20 100,
11.48 100,
11.57 98,
11.84 96,
11.88 97,
11.47 103,
12.76 107,
13.33 108,
14.98 104,
14.95 113,
14.75 124,
15.82 133,
16.70 146,
16.86 167,
14.69 174,
14.26 163,
13.75 143,
12.81 113,
11.61 97,
10.50 111,
9.90 122,
9.73 129,
9.60 134,
8.60 138,
7.38 138,
8.33 138,
9.98 138,
10.26 136,
10.86 134,
12.64 131,
13.39 130,
13.99 123,
14.65 120,
14.71 119,
14.62 119,
14.74 118,
14.04 116,
13.54 112,
12.88 108,
12.28 105,
11.29 104,
10.99 104,
10.93 104,
11.45 104,
11.54 100,
11.16 96,
11.08 92,
11.33 91,
11.64 87,
12.09 84,
12.39 77,
13.22 70,
12.80 61,
12.64 58,
12.75 58,
12.87 56,
13.20 54,
13.39 52,
13.07 50,
12.89 50,
12.83 51,
12.79 51,
12.90 47,
12.85 44,
12.66 43,
12.75 42,
12.91 42,
12.98 40,
12.93 41,
12.77 40,
12.77 37,
12.94 33,
13.00 31,
12.83 31,
12.71 30,
12.58 29,
12.65 29,
12.85 31,
12.82 33,
12.85 35,
12.84 37,
12.77 37,
12.61 39,
12.44 43,
12.83 47,
12.93 51,
12.75 56,
12.77 58,
15.59 60,
16.69 64,
14.89 65,
14.61 63,
15.51 64,
16.30 66,
16.14 68,
12.59 67,
11.63 63,
11.31 58,
10.81 56,
9.20 55,
8.82 52,
8.67 49,
9.06 46,
10.04 43,
10.20 41,
10.59 32,
11.43 26,
11.15 32,
10.89 41,
10.73 40,
11.02 43,
11.14 48,
11.12 52,
10.86 54,
10.72 57,
10.79 59,
11.06 60,
12.44 61,
12.81 58,
12.43 51,
11.64 49,
10.34 54,
12.45 54,
11.84 62,
10.79 71,
9.23 71,
8.70 70,
8.94 73,
9.33 77,
9.81 80,
9.86 85,
10.03 91,
10.45 99,
10.57 105,
10.79 110,
10.98 111,
11.14 108,
11.17 104,
11.06 100,
11.01 94,
10.63 90,
10.43 85,
10.38 81,
10.16 76,
10.21 70,
10.12 67,
10.22 66,
10.66 64,
10.67 60,
10.58 57,
10.48 57,
10.39 57,
10.36 55,
10.31 54,
10.21 52,
10.29 51,
10.46 50,
10.61 50,
10.84 48,
10.77 47,
11.00 46,
11.21 45,
11.51 42,
11.33 43,
11.70 47,
12.18 51,
12.52 58,
12.49 66,
12.64 74,
12.49 80,
12.67 84,
13.06 87,
13.42 92,
14.26 98,
15.25 105,
17.22 114,
21.01 132,
19.98 159,
14.58 165,
11.80 126,
12.43 76,
11.54 47,
10.01 42,
8.36 53,
8.00 55,
7.72 45,
7.59 40,
7.61 38,
9.31 33,
10.12 31,
11.02 34,
11.85 32,
12.29 24,
12.30 13,
12.77 15,
13.67 32,
13.70 49,
13.77 58,
13.47 60,
12.09 57,
11.70 56,
11.42 53,
11.06 48,
10.28 45,
10.11 46,
10.07 47,
10.53 47,
10.84 46,
11.19 52,
11.44 58,
11.95 61,
12.08 62,
12.06 62,
12.19 61,
12.19 61,
12.22 62,
12.25 63,
12.16 64,
11.79 68,
11.84 71,
11.98 73,
11.79 78,
11.66 84,
11.74 86,
11.72 86,
11.56 88,
11.45 91,
11.32 93,
11.42 95,
11.44 96,
11.48 97,
11.45 101,
11.60 104,
11.71 106,
11.72 108,
11.79 109,
11.87 109,
11.88 108,
11.94 108,
11.95 108,
12.03 108,
11.92 108,
12.03 107,
12.22 106,
11.95 107,
11.79 109,
11.59 110,
11.63 110,
11.76 109,
11.94 109,
12.09 109,
12.34 108,
12.42 108,
12.45 107,
12.58 106,
13.99 108,
14.22 106,
17.59 112,
15.69 133,
13.81 136,
12.94 113,
13.66 83,
14.21 76,
12.70 70,
11.15 64,
10.87 61,
13.33 62,
13.84 64,
13.64 62,
12.56 62,
12.58 75,
12.56 86,
12.49 92,
12.46 95,
12.46 98,
12.47 104,
12.42 111,
12.06 116,
11.97 118,
11.77 119,
11.56 121,
11.79 123,
12.10 125,
12.36 126,
12.46 126,
12.19 125,
11.89 122,
11.55 117,
11.13 111,
11.22 106,
10.88 98,
10.81 95,
10.82 92,
10.82 91,
10.84 88,
11.49 88,
12.06 89,
12.55 94,
13.00 103,
13.67 112,
13.85 118,
14.03 121,
13.94 121,
13.42 118,
13.41 113,
12.95 108,
12.62 107,
12.64 106,
12.77 104,
12.97 104,
13.11 110,
13.11 113,
13.02 114,
12.89 115,
12.65 116,
12.33 118,
11.96 119,
11.58 117,
11.24 115,
11.28 112,
11.25 108,
10.83 105,
10.55 102,
10.28 99,
10.17 96,
10.04 92,
10.02 87,
9.93 82,
9.83 78,
9.83 72,
10.08 66,
10.49 60,
11.22 55,
11.37 50,
11.30 46,
10.96 39,
11.12 31,
11.26 27,
10.87 24,
10.28 22,
10.16 21,
10.30 22,
10.59 19,
11.21 14,
12.12 13,
12.25 12,
12.37 13,
12.26 13,
12.08 10,
11.92 7,
11.65 6,
11.25 7,
11.25 9,
11.26 9,
11.33 9,
11.15 8,
11.07 6,
10.87 4,
10.78 5,
10.82 8,
10.78 10,
10.79 11,
10.98 11,
11.04 12,
10.64 14,
10.53 15,
11.13 17,
11.42 20,
11.26 24,
10.79 26,
10.75 25,
10.92 24,
10.98 25,
11.48 25,
12.09 24,
12.94 25,
12.83 27,
10.10 27,
9.51 19,
9.18 8,
9.20 10,
9.58 14,
9.45 16,
9.17 15,
9.00 12,
9.14 12,
9.33 13,
9.54 13,
9.96 11,
10.20 9,
10.43 9,
10.53 9,
10.66 8,
10.64 7,
10.64 7,
10.42 6,
10.39 5,
10.30 5,
10.17 4,
9.96 3,
9.90 4,
9.90 4,
9.83 4,
9.81 5,
9.85 6,
9.82 6,
9.82 5,
9.92 5,
10.17 5,
10.28 4,
9.90 4,
9.90 3,
10.06 3,
10.19 6,
10.19 8,
10.21 10,
10.21 11,
10.26 11,
10.09 11,
9.99 11,
9.96 11,
9.96 11,
9.83 9,
9.95 7,
10.01 6,
9.99 5,
9.99 6,
10.10 6,
10.23 7,
10.06 8,
10.11 9,
10.14 9,
10.26 8,
10.39 9,
10.41 9,
10.35 9,
10.36 10,
10.38 10,
10.40 9,
10.36 11,
10.30 11,
10.29 11,
10.25 10,
10.29 9,
10.26 9,
10.30 8,
10.27 7,
10.09 7,
10.01 7,
9.92 5,
9.95 4,
9.92 4,
9.91 3,
10.00 3,
10.04 1,
10.31 1,
10.38 2,
10.36 3,
10.32 3,
10.35 2,
10.33 2,
10.33 2,
10.37 2,
10.40 2,
10.39 3,
10.43 3,
10.43 3,
10.33 3,
10.24 3,
10.15 3,
10.11 3,
10.11 3,
10.12 3,
10.03 3,
10.12 4,
10.12 4,
10.12 4,
10.14 4,
10.20 4,
10.19 3,
10.26 3,
10.32 3,
10.26 3,
10.25 2,
10.24 2,
10.20 2,
10.03 2,
10.10 2,
10.18 3,
10.22 2,
10.24 1,
10.29 1,
10.29 1,
10.37 0,
10.26 0,
10.16 0,
10.08 1,
10.13 2,
10.13 3,
10.15 3,
10.21 3,
10.25 3,
10.21 2,
10.19 2,
10.15 2,
10.12 3,
10.15 3,
10.18 3,
10.15 3,
10.08 3,
10.16 3,
10.14 3,
10.07 1,
10.04 1,
10.06 2,
10.14 2,
10.15 2,
10.16 2,
10.10 2,
10.11 3,
10.14 4,
10.05 4,
10.08 5,
10.10 5,
10.11 5,
10.03 5,
9.92 5,
9.90 5,
9.87 5,
9.93 5,
9.98 5,
9.95 5,
9.96 5,
9.98 5,
10.02 6,
9.97 6,
9.96 6,
9.95 6,
9.93 6,
9.91 7,
9.93 7,
9.95 8,
9.96 9,
10.01 9,
10.00 9,
10.00 9,
10.01 9,
10.00 8,
10.03 8,
10.04 8,
10.04 8,
10.07 8,
10.12 9,
10.16 8,
10.13 9,
10.13 10,
10.45 11,
10.71 9,
10.67 6,
9.85 5,
9.84 5,
10.04 5,
9.89 8,
10.22 8,
10.54 7,
10.67 7,
10.61 8,
10.42 8,
10.39 7,
10.19 6,
10.04 6,
9.81 6,
9.91 9,
10.04 11,
10.09 12,
9.96 12,
9.84 10,
9.74 10,
9.81 11,
9.97 13,
10.16 15,
10.39 15,
10.70 16,
10.79 15,
10.51 14,
10.50 14,
10.57 14,
10.48 14,
10.39 14,
10.28 14,
10.25 14,
10.23 13,
10.25 14,
10.44 16,
10.59 17,
10.63 17,
10.78 17,
10.80 16,
10.81 15,
10.82 15,
10.77 16,
10.80 17,
10.82 18,
10.83 19,
10.84 19,
10.89 18,
10.82 18,
10.76 18,
10.79 17,
10.83 18,
10.87 19,
11.02 19,
11.11 20,
11.18 20,
11.11 19,
11.23 19,
11.20 19,
11.22 20,
11.24 21,
11.24 21,
11.26 21,
11.31 21,
11.43 20,
11.42 18,
11.45 18,
11.48 18,
11.46 18,
11.51 17,
11.50 16,
11.49 15,
11.43 14,
11.38 14,
11.51 15,
11.78 17,
11.95 15,
11.68 13,
11.63 13,
11.70 12,
11.62 15,
11.76 19,
11.85 22,
11.34 22,
11.01 26,
10.97 37,
10.88 43,
10.61 50,
10.24 50,
9.87 60,
9.46 78,
9.30 84,
9.17 89,
8.94 89,
8.78 95,
8.48 106,
8.01 113,
7.65 124,
7.24 124,
8.77 135,
6.99 157,
4.40 147,
3.56 148,
2.78 148,
2.33 146,
1.93 131,
1.85 119,
1.47 116,
2.97 116,
1.83 101,
4.17 81,
4.89 69,
5.06 41,
9.35 41,
9.92 16,
10.75 43,
9.54 42,
9.83 40,
11.95 40,
14.42 45,
21.69 57,
23.06 77,
25.47 83,
24.28 83,
25.87 65,
25.82 12,
25.42 26,
20.79 30,
20.71 30,
18.72 71,
14.68 98,
12.22 75,
13.90 157,
16.32 157,
18.81 205,
23.55 175,
28.86 167,
36.13 208,
69.01 208,
77.32 207,
92.72 577,
73.07 266,
77.68 266,
66.75 266,
38.45 114,
14.38 75,
25.71 321,
36.47 306,
44.43 306,
58.59 59,
39.20 152,
13.41 168,
10.22 168,
30.56 168,
42.28 298,
54.18 137,
33.14 128,
25.99 128,
26.85 128,
27.03 117,
25.09 156,
20.39 156,
12.93 101,
15.09 101,
17.69 106,
13.91 93,
13.57 93,
12.92 102,
10.94 102,
8.94 99,
8.27 119,
7.47 96,
10.11 78,
10.69 78,
10.40 63,
10.30 58,
10.50 58,
10.25 53,
11.05 53,
13.20 51,
13.17 50,
12.75 44,
12.25 38,
10.93 38,
10.36 33,
10.01 27,
10.17 29,
10.73 31,
10.72 31,
10.54 32,
10.77 34,
11.00 35,
11.18 35,
11.24 35,
10.86 33,
10.78 23,
10.89 17,
10.96 17,
10.95 17,
10.98 19,
11.08 20,
11.10 20,
11.24 19,
11.28 19,
11.20 17,
12.26 19,
11.49 15,
11.25 13,
11.30 13,
11.18 11,
11.14 8,
11.10 9,
11.12 11,
11.12 11,
11.19 11,
11.24 10,
11.19 10,
11.15 10,
11.21 10,
11.26 10,
11.58 14,
11.67 11,
11.22 10,
10.74 10,
11.35 10,
11.38 8,
11.58 8,
11.74 9,
11.36 9,
11.19 12,
11.06 14,
11.17 15,
11.35 15,
11.41 15,
11.39 14,
11.55 10,
11.64 8,
11.69 8,
11.76 8,
11.70 6,
11.65 4,
11.68 3,
11.65 2,
11.66 2,
11.79 2,
11.83 3,
11.67 3,
11.74 3,
11.59 3,
11.36 4,
11.36 5,
11.37 6,
11.43 8,
11.43 8,
11.27 8,
11.19 6,
11.13 6,
11.22 5,
11.27 5,
11.33 5,
11.33 4,
11.40 4,
11.39 4,
11.37 4,
11.36 3,
11.40 4,
11.43 5,
11.44 5,
11.40 5,
11.40 5,
11.43 5,
11.45 5,
11.39 4,
11.40 4,
11.37 4,
11.33 3,
11.22 3,
11.21 3,
11.20 3,
11.23 5,
11.23 7,
11.18 7,
11.14 7,
11.13 7,
11.15 7,
11.14 5,
11.13 5,
11.15 5,
11.17 4,
11.16 4,
11.16 4,
11.13 4,
11.19 5,
11.19 5,
11.29 5,
11.28 6,
11.18 6,
11.20 5,
11.24 4,
11.22 4,
11.22 4,
11.18 3,
11.28 2,
11.52 2,
11.60 5,
10.87 7,
10.80 5,
11.06 3,
11.14 4,
11.37 5,
11.45 4,
11.32 1,
11.14 2,
11.14 4,
11.15 4,
11.04 4,
11.03 4,
11.11 3,
11.27 2,
11.34 2,
11.38 2,
11.31 3,
11.22 3,
11.20 3,
11.00 3,
10.96 3,
11.02 3,
11.07 3,
11.17 3,
11.16 3,
11.26 3,
11.32 3,
11.16 2,
11.11 2,
11.36 2,
11.24 2,
11.16 3,
11.12 5,
11.14 6,
11.13 8,
11.10 8,
11.14 8,
11.09 7,
11.14 7,
11.17 6,
11.14 6,
11.04 5,
11.05 5,
11.10 5,
11.13 5,
11.25 4,
11.34 4,
11.50 4,
11.60 4,
11.62 6,
11.61 8,
11.56 9,
11.50 9,
11.51 9,
11.55 8,
11.53 8,
11.47 7,
11.49 9,
11.39 10,
11.40 10,
11.48 12,
11.45 13,
11.54 14,
11.45 13,
11.32 13,
11.30 12,
11.17 11,
11.21 9,
11.20 8,
11.25 7,
11.28 8,
11.28 7,
11.29 8,
11.24 8,
11.29 7,
11.25 6,
11.30 5,
11.39 5,
11.48 5,
11.45 4,
11.44 2,
11.51 3,
11.83 7,
11.16 12,
10.91 11,
11.30 9,
11.71 11,
11.62 11,
11.55 10,
11.31 6,
11.20 8,
11.25 12,
11.32 14,
11.46 13,
11.40 12,
11.34 10,
11.29 11,
11.41 12,
11.57 12,
11.60 11,
11.57 9,
11.45 8,
11.39 8,
11.38 8,
11.36 7,
11.43 6,
11.42 5,
11.38 5,
11.26 5,
11.31 4,
11.37 3,
11.30 5,
11.33 6,
11.21 7,
11.20 7,
11.27 7,
11.21 7,
11.48 6,
11.47 7,
11.11 6,
10.79 9,
10.69 13,
10.85 15,
11.20 14,
11.41 14,
11.56 12,
11.79 11,
11.78 10,
11.78 9,
11.78 8,
11.60 8,
11.57 8,
11.54 9,
11.51 9,
11.45 9,
11.41 10,
11.33 10,
11.31 10,
11.30 9,
11.41 8,
11.29 8,
11.37 8,
11.41 8,
11.44 8,
11.48 9,
11.51 9,
11.49 10,
11.52 10,
11.54 10,
11.59 10,
11.64 9,
11.60 9,
11.63 9,
11.75 8,
11.78 8,
11.84 8,
11.66 7,
11.69 7,
11.72 6,
11.72 5,
11.77 4,
11.69 4,
11.69 4,
11.71 4,
11.56 4,
11.51 6,
11.43 7,
11.53 7,
11.71 7,
12.02 7,
11.99 5,
11.51 5,
11.48 5,
11.62 2,
11.73 1,
11.99 1,
11.89 1,
11.87 1,
12.06 2,
12.13 1,
11.97 2,
11.98 2,
11.87 1,
11.99 1,
12.26 4,
12.33 6,
12.13 10,
12.04 14,
11.81 16,
11.68 18,
11.74 18,
11.76 18,
11.63 18,
11.43 18,
11.45 16,
11.37 16,
11.35 16,
11.61 14,
11.93 12,
12.34 8,
12.56 4,
12.25 6,
12.06 7,
11.94 6,
11.88 5,
11.80 7,
11.77 8,
11.81 9,
11.89 9,
11.93 7,
11.98 5,
12.13 3,
12.23 2,
12.11 1,
11.99 2,
11.92 1,
11.99 1,
12.05 1,
12.00 2,
11.98 4,
11.96 5,
11.98 6,
12.03 5,
11.97 3,
11.97 2,
11.95 2,
11.97 2,
12.15 2,
12.15 1,
12.23 2,
12.12 2,
12.10 3,
12.15 3,
12.13 3,
11.92 2,
11.77 1,
11.71 1,
11.75 0,
11.93 1,
11.94 2,
12.02 3,
12.04 4,
12.09 4,
12.01 3,
12.07 2,
12.08 2,
11.93 2,
11.87 1,
11.81 1,
11.77 2,
11.66 1,
11.75 2,
11.96 2,
12.32 3,
12.17 5,
11.92 5,
11.65 3,
11.71 2,
11.70 3,
11.83 2,
12.16 1,
12.09 2,
11.99 2,
12.00 3,
12.03 3,
12.08 2,
12.11 10,
11.80 12,
11.95 5,
11.97 3,
11.96 3,
12.03 1,
12.01 2,
11.94 2,
11.94 2,
11.75 1,
11.73 1,
11.76 1,
11.86 2,
11.99 3,
11.94 4,
11.94 3,
12.17 4,
12.08 4,
11.98 3,
11.91 2,
12.12 2,
12.20 1,
12.08 1,
12.07 2,
12.01 2,
11.97 4,
11.92 5,
11.91 5,
11.87 6,
11.83 6,
11.82 6,
11.87 6,
11.87 5,
11.90 4,
11.91 3,
11.92 4,
11.98 4,
12.03 5,
12.06 6,
12.17 6,
12.19 7,
12.29 6,
12.28 6,
12.28 6,
12.28 5,
12.23 5,
12.18 4,
12.19 3,
12.14 3,
12.07 2,
12.03 2,
12.02 0,
12.06 1,
12.10 1,
12.08 2,
12.04 2,
12.05 3,
12.21 3,
12.18 4,
12.14 4,
12.13 5,
12.09 5,
12.03 5,
12.02 5,
11.95 4,
12.20 2,
12.47 2,
12.60 6,
11.87 9,
11.76 7,
11.88 4,
11.91 3,
12.22 3,
12.28 4,
12.19 5,
12.09 5,
12.12 4,
12.17 4,
12.10 4,
12.00 3,
12.02 2,
12.04 2,
12.07 2,
12.10 1,
12.09 1,
12.06 1,
12.02 3,
12.05 3,
11.98 4,
12.02 4,
11.96 3,
12.10 4,
11.91 3,
11.88 2,
12.09 1,
12.14 2,
12.16 2,
12.19 3,
12.04 4,
11.93 3,
11.97 2,
11.99 2,
12.05 1,
12.01 1,
12.02 1,
12.02 1,
12.01 1,
11.99 1,
11.98 1,
11.97 1,
11.92 1,
11.96 1,
11.94 1,
12.01 1,
12.02 1,
12.00 1,
12.01 1,
11.96 1,
11.94 0,
11.94 0,
11.94 0,
11.98 0,
11.92 0,
11.96 1,
11.97 1,
11.93 1,
11.90 1,
11.94 2,
11.95 1,
11.98 1,
11.98 1,
12.04 1,
11.98 1,
11.97 1,
11.97 0,
11.95 0,
11.89 1,
11.82 1,
11.89 2,
12.14 3,
12.34 3,
12.39 3,
11.90 4,
11.76 1,
11.74 0,
11.72 1,
12.26 1,
12.13 1,
12.05 1,
11.97 2,
11.95 3,
12.05 3,
11.94 2,
11.91 2,
11.90 2,
11.96 3,
11.97 3,
12.00 3,
12.00 2,
11.97 1,
11.92 1,
11.95 1,
12.01 1,
12.01 1,
12.01 1,
11.84 0,
11.78 1,
11.93 2,
12.00 1,
12.13 0,
12.14 1,
12.02 1,
11.91 1,
11.94 0,
11.93 0,
11.99 0,
12.03 0,
11.97 1,
11.99 1,
12.01 1,
11.98 1,
12.00 1,
12.03 1,
11.93 0,
12.00 0,
12.01 1,
11.96 0,
12.00 1,
11.96 1,
11.98 0,
11.97 1,
11.94 1,
11.97 0,
11.95 1,
11.98 1,
11.98 0,
11.97 0,
12.00 0,
11.98 1,
11.94 1,
11.93 1,
11.99 1,
11.95 1,
12.13 1,
11.99 1,
11.88 0,
11.97 0,
11.97 0,
11.99 0,
11.86 0,
11.84 0,
11.99 1,
ex,