13.35 4,
13.31 3,
13.34 2,
13.34 2,
13.38 2,
13.36 2,
13.38 2,
13.36 2,
13.43 2,
13.38 1,
13.37 1,
13.37 1,
13.35 2,
13.44 2,
13.42 2,
13.47 2,
13.45 2,
13.46 2,
13.45 1,
13.42 1,
13.45 1,
13.42 1,
13.40 1,
13.41 1,
13.41 2,
13.40 2,
13.36 1,
13.40 1,
13.42 2,
13.43 1,
13.44 0,
13.44 1,
13.41 1,
13.37 1,
13.39 1,
13.48 0,
13.45 0,
13.33 0,
13.28 2,
13.34 3,
13.48 3,
13.57 2,
13.33 2,
13.24 1,
13.39 0,
13.48 1,
13.35 1,
13.38 1,
13.50 2,
13.54 1,
13.44 1,
13.37 1,
13.33 0,
13.43 1,
13.46 1,
13.46 1,
13.45 1,
13.42 1,
13.50 1,
13.49 1,
13.47 1,
13.46 1,
13.41 0,
13.39 0,
13.33 0,
13.43 0,
13.44 1,
13.44 1,
13.55 1,
13.60 2,
13.54 1,
13.38 1,
13.40 1,
13.44 1,
13.50 1,
13.45 0,
13.34 0,
13.30 0,
13.34 1,
13.38 2,
13.38 2,
13.37 1,
13.42 1,
13.60 1,
13.57 3,
13.57 3,
13.40 1,
13.37 1,
13.42 2,
13.47 2,
13.47 1,
13.46 0,
13.42 2,
13.44 2,
13.44 2,
13.46 2,
13.45 2,
13.40 2,
13.41 2,
13.38 2,
13.40 2,
13.38 2,
13.35 1,
13.36 1,
13.37 0,
13.44 1,
13.52 1,
13.48 0,
13.44 1,
13.39 1,
13.35 2,
13.38 2,
13.37 3,
13.48 3,
13.40 2,
13.40 2,
13.40 2,
13.60 1,
13.58 2,
13.50 3,
13.35 3,
13.35 2,
13.38 2,
13.41 2,
13.57 2,
13.58 2,
13.46 3,
13.38 3,
13.62 1,
13.50 0,
13.29 1,
13.36 2,
13.46 1,
13.42 0,
13.38 2,
13.49 2,
13.53 2,
13.48 1,
13.51 1,
13.49 0,
13.45 0,
13.53 1,
13.46 2,
13.49 4,
13.49 4,
13.47 4,
13.45 3,
13.40 3,
13.37 1,
13.38 0,
13.39 0,
13.35 1,
13.36 1,
13.43 1,
13.53 1,
13.59 1,
13.61 1,
13.48 1,
13.45 1,
13.51 0,
13.58 0,
13.50 1,
13.44 3,
13.35 3,
13.33 3,
13.42 3,
13.42 4,
13.27 4,
13.19 4,
13.28 3,
13.35 2,
13.40 2,
13.47 3,
13.49 3,
13.48 3,
13.48 4,
13.48 4,
13.38 4,
13.41 3,
13.42 2,
13.52 3,
13.54 2,
13.48 2,
13.44 2,
13.45 3,
13.49 3,
13.51 3,
13.46 3,
13.47 3,
13.46 3,
13.43 3,
13.52 2,
13.44 1,
13.42 1,
13.49 0,
13.57 0,
13.57 0,
13.41 1,
13.50 0,
13.49 1,
13.51 0,
13.47 1,
13.38 1,
13.39 1,
13.40 0,
13.41 1,
13.39 1,
13.33 2,
13.35 2,
13.30 3,
13.30 3,
13.34 4,
13.35 4,
13.37 5,
13.37 5,
13.45 6,
13.56 6,
13.58 4,
13.42 3,
13.28 2,
13.46 3,
13.42 4,
13.29 4,
13.39 5,
13.51 6,
13.47 6,
13.44 6,
13.38 5,
13.50 5,
13.56 5,
13.59 4,
13.58 4,
13.50 3,
13.55 3,
13.57 3,
13.55 3,
13.57 2,
13.51 2,
13.44 2,
13.48 3,
13.43 3,
13.45 3,
13.45 3,
13.45 3,
13.52 3,
13.52 3,
13.52 2,
13.44 2,
13.47 2,
13.51 2,
13.53 2,
13.45 2,
13.41 2,
13.52 2,
13.47 2,
13.50 2,
13.48 2,
13.48 1,
13.48 1,
13.48 1,
13.50 1,
13.49 1,
13.44 2,
13.50 2,
13.49 2,
13.48 2,
13.50 2,
13.46 2,
13.49 2,
13.52 1,
13.53 2,
13.52 1,
13.48 1,
13.52 1,
13.54 1,
13.54 1,
13.58 1,
13.51 1,
13.56 1,
13.55 1,
13.55 1,
13.51 1,
13.55 1,
13.54 1,
13.57 2,
13.58 1,
13.56 1,
13.53 2,
13.57 2,
13.56 2,
13.56 2,
13.50 2,
13.57 2,
13.57 1,
13.63 1,
13.59 0,
13.58 1,
13.58 1,
13.56 1,
13.49 1,
13.45 1,
13.50 1,
13.45 1,
13.52 1,
13.53 1,
13.63 1,
13.84 2,
13.80 1,
13.43 2,
13.36 2,
13.59 3,
13.44 2,
13.43 3,
13.67 3,
13.72 3,
13.70 3,
13.63 3,
13.57 3,
13.67 2,
13.75 2,
13.77 2,
13.65 2,
13.51 2,
13.52 2,
13.60 2,
13.62 2,
13.63 3,
13.62 3,
13.65 4,
13.70 5,
13.75 6,
13.86 8,
13.96 11,
14.04 13,
14.10 15,
14.00 17,
13.63 18,
13.55 19,
13.47 18,
13.36 18,
13.20 17,
13.09 15,
13.00 13,
13.09 12,
13.12 9,
13.16 9,
13.17 8,
13.32 7,
13.43 7,
13.49 7,
13.55 6,
13.47 5,
13.41 6,
13.36 6,
13.52 6,
13.55 6,
13.51 7,
13.49 8,
13.44 9,
13.47 10,
13.45 9,
13.48 9,
13.43 11,
13.37 14,
13.27 15,
13.25 16,
13.24 16,
13.22 16,
13.44 15,
13.35 14,
13.24 12,
13.17 12,
13.04 16,
13.33 19,
12.94 21,
12.79 31,
12.68 31,
12.49 33,
12.21 35,
12.16 37,
11.94 46,
11.83 46,
11.76 53,
11.73 59,
11.56 60,
11.49 65,
11.49 65,
11.46 72,
11.67 72,
11.66 74,
11.63 75,
11.35 75,
11.61 75,
12.11 76,
12.84 76,
12.74 81,
13.17 81,
13.04 94,
13.11 97,
12.80 113,
12.41 114,
12.12 105,
12.36 104,
13.19 115,
12.30 144,
12.77 124,
14.21 118,
14.58 116,
15.08 120,
14.77 122,
15.77 120,
16.29 117,
16.57 114,
17.15 114,
17.47 115,
17.53 116,
18.22 109,
17.13 134,
15.92 149,
16.17 140,
16.24 125,
16.61 140,
15.38 153,
14.32 153,
14.27 142,
16.77 137,
18.31 145,
19.44 130,
19.53 133,
19.62 125,
19.83 112,
19.46 102,
17.99 94,
17.95 94,
17.76 99,
17.54 95,
16.15 84,
16.48 68,
16.68 61,
17.13 58,
16.16 53,
15.98 48,
15.92 43,
15.88 39,
15.79 35,
15.55 33,
15.57 29,
15.39 33,
15.41 32,
14.86 32,
14.96 19,
14.33 20,
15.04 12,
15.04 7,
16.45 27,
13.79 37,
14.93 30,
14.61 26,
15.66 32,
15.87 31,
14.93 35,
14.16 40,
12.36 54,
10.75 79,
12.40 127,
15.25 131,
14.05 78,
14.89 65,
13.56 59,
11.47 38,
11.27 56,
11.75 93,
12.93 110,
14.56 105,
14.98 89,
14.77 76,
14.50 77,
14.44 81,
14.29 83,
14.47 85,
14.21 88,
14.06 90,
14.01 93,
13.67 95,
12.90 93,
12.60 90,
12.54 87,
12.47 86,
12.61 84,
12.59 82,
12.57 81,
12.70 80,
12.97 78,
13.11 78,
11.96 81,
16.08 102,
14.81 97,
13.16 95,
13.01 92,
13.75 93,
13.64 94,
13.58 97,
13.30 97,
12.73 94,
12.98 95,
13.00 97,
13.11 99,
13.01 102,
12.85 104,
12.91 108,
12.81 112,
13.01 116,
13.22 116,
13.25 114,
13.10 111,
13.09 109,
12.98 107,
12.90 107,
12.96 107,
12.99 108,
12.98 109,
12.37 108,
12.12 107,
11.92 107,
11.86 106,
11.99 106,
12.20 106,
12.25 104,
12.28 100,
12.46 97,
12.29 95,
12.19 96,
12.59 104,
13.84 110,
13.34 110,
13.11 114,
12.45 112,
12.14 108,
11.87 105,
11.65 101,
11.38 97,
11.25 93,
11.22 89,
11.49 85,
11.44 82,
11.07 81,
10.90 74,
10.79 77,
10.63 82,
10.91 82,
11.77 72,
10.63 60,
10.56 68,
10.53 64,
11.38 61,
10.38 56,
10.25 60,
10.38 59,
10.36 56,
10.33 53,
10.22 49,
10.10 44,
9.97 39,
10.01 37,
10.23 37,
10.29 37,
10.32 37,
10.48 36,
10.68 33,
10.82 29,
10.77 25,
10.71 22,
10.63 18,
10.25 15,
10.08 12,
10.04 10,
9.97 11,
9.87 12,
9.84 13,
9.74 13,
9.73 12,
9.91 13,
10.83 11,
10.19 11,
9.36 17,
9.77 15,
9.92 12,
10.40 10,
10.48 6,
10.52 5,
10.73 5,
10.83 5,
10.76 5,
10.67 6,
10.75 8,
10.83 8,
10.65 10,
10.46 11,
10.22 10,
10.07 10,
9.98 9,
10.08 9,
10.30 7,
10.46 8,
10.48 8,
10.41 9,
10.33 9,
10.08 9,
9.94 8,
10.02 7,
10.15 9,
10.22 9,
10.40 10,
10.56 11,
10.72 10,
10.74 9,
10.77 8,
10.78 8,
10.37 7,
10.39 6,
10.57 5,
10.65 4,
10.49 4,
10.44 3,
10.32 4,
10.15 4,
10.21 4,
10.24 4,
10.33 3,
10.41 3,
10.43 3,
10.43 3,
10.42 3,
10.37 3,
10.37 3,
10.30 3,
10.25 2,
10.21 1,
10.21 1,
10.24 2,
10.23 2,
10.17 2,
10.18 2,
10.15 2,
10.15 2,
10.11 2,
10.03 2,
10.02 2,
9.90 2,
9.92 2,
10.14 5,
10.18 4,
10.03 4,
9.93 3,
9.96 3,
10.10 4,
10.12 5,
10.18 5,
10.18 5,
10.26 5,
10.26 5,
10.34 5,
10.37 4,
10.32 3,
10.29 3,
10.29 2,
10.30 2,
10.31 2,
10.21 2,
10.21 2,
10.25 2,
10.29 2,
10.28 2,
10.31 3,
10.30 2,
10.26 2,
10.22 2,
10.21 2,
10.18 2,
10.21 2,
10.19 3,
10.13 3,
10.09 3,
10.11 2,
10.08 3,
10.12 3,
10.11 3,
10.10 3,
10.05 3,
10.06 3,
10.07 4,
10.12 4,
10.09 5,
10.08 5,
10.03 6,
10.07 6,
10.12 5,
10.12 5,
10.25 3,
10.15 2,
10.16 2,
10.10 4,
10.06 4,
10.10 4,
10.11 5,
10.08 4,
10.00 4,
9.97 5,
9.97 5,
9.96 5,
9.98 4,
9.92 4,
9.93 5,
9.98 5,
9.99 5,
10.04 5,
10.04 5,
10.04 4,
10.07 4,
10.05 3,
10.12 3,
10.13 3,
10.06 3,
10.13 2,
10.06 2,
10.17 3,
10.11 3,
10.10 3,
9.99 4,
10.02 3,
10.05 3,
10.07 4,
10.12 4,
10.07 3,
10.06 3,
10.05 3,
10.10 3,
10.04 3,
9.98 4,
9.96 4,
9.88 4,
9.88 5,
9.94 5,
9.94 6,
10.02 6,
10.05 5,
10.07 5,
10.13 4,
10.15 3,
10.19 3,
10.20 2,
10.19 2,
10.20 2,
10.14 3,
10.17 2,
10.11 2,
10.17 2,
10.14 3,
10.18 3,
10.14 3,
10.24 3,
10.22 3,
10.18 2,
10.16 2,
10.19 2,
10.24 4,
10.33 4,
10.18 5,
9.99 5,
10.22 5,
10.20 8,
10.09 9,
10.10 11,
10.14 15,
10.00 17,
9.94 18,
9.93 18,
10.11 20,
10.43 24,
10.27 24,
10.03 23,
9.82 24,
10.01 24,
9.99 24,
9.89 25,
9.94 28,
9.97 31,
10.04 33,
10.11 35,
10.18 37,
10.25 40,
10.30 43,
10.57 46,
10.69 51,
10.80 56,
10.99 61,
11.53 65,
11.47 68,
11.28 73,
11.63 78,
12.42 79,
11.75 75,
11.44 78,
11.23 83,
11.24 89,
11.25 91,
10.96 90,
10.98 87,
10.74 81,
9.86 68,
12.07 57,
11.67 62,
11.86 57,
11.85 54,
11.56 56,
11.26 58,
11.25 61,
11.25 63,
11.28 66,
11.29 66,
11.33 65,
11.22 63,
11.05 61,
11.16 59,
11.22 57,
11.37 57,
11.86 59,
12.00 63,
12.17 65,
12.37 66,
12.58 66,
12.55 68,
12.36 71,
11.81 72,
11.42 70,
11.34 64,
11.16 59,
13.73 67,
12.87 66,
12.04 78,
15.49 94,
15.94 89,
14.28 71,
13.38 71,
16.16 81,
17.61 87,
17.14 81,
15.25 104,
11.92 117,
11.30 108,
11.46 98,
11.52 95,
11.10 94,
11.41 87,
11.14 78,
10.15 70,
10.45 62,
11.08 65,
11.61 62,
12.00 64,
11.76 71,
11.71 78,
11.84 81,
11.99 80,
12.45 81,
12.49 79,
12.62 78,
13.45 78,
13.86 80,
13.81 82,
13.03 84,
12.73 83,
12.42 80,
12.73 75,
11.74 72,
11.75 69,
11.94 68,
11.69 67,
11.57 67,
11.51 68,
11.56 69,
11.77 68,
12.27 67,
12.57 67,
12.15 66,
11.95 65,
12.04 66,
12.08 64,
12.10 62,
11.88 62,
11.68 63,
11.44 63,
11.19 63,
11.02 61,
11.16 60,
11.19 58,
11.38 59,
11.55 60,
11.88 61,
12.01 62,
11.90 62,
12.04 64,
12.09 65,
12.01 65,
11.73 64,
11.59 64,
11.48 65,
11.35 65,
11.23 65,
11.23 66,
11.08 65,
10.78 67,
10.70 71,
10.60 75,
10.67 79,
10.66 83,
10.79 87,
10.75 91,
10.73 96,
10.61 99,
10.55 101,
10.47 103,
10.43 105,
10.23 108,
10.02 110,
9.95 113,
11.26 116,
13.79 124,
16.90 139,
18.18 153,
13.98 150,
12.62 132,
12.75 114,
12.42 101,
11.66 92,
11.29 95,
10.95 99,
10.06 100,
9.77 103,
9.64 107,
9.34 112,
9.23 117,
9.37 119,
9.69 119,
9.96 118,
10.85 116,
11.74 116,
12.62 115,
13.79 114,
14.16 113,
14.26 113,
14.41 112,
14.38 110,
14.04 106,
13.49 101,
12.77 97,
11.63 94,
11.43 95,
11.55 97,
11.49 99,
11.34 101,
11.51 101,
11.57 95,
11.77 88,
11.98 83,
12.15 78,
12.36 75,
12.57 71,
12.46 69,
12.22 68,
12.30 67,
12.17 63,
11.95 60,
11.77 58,
11.62 59,
11.66 60,
11.70 60,
11.75 60,
12.02 59,
12.09 55,
12.11 50,
12.06 46,
12.10 45,
12.29 45,
12.58 46,
12.87 45,
12.91 44,
12.91 45,
12.86 48,
12.66 49,
12.69 50,
12.82 52,
12.80 53,
12.72 55,
12.47 56,
12.35 57,
12.35 58,
12.74 60,
12.92 62,
12.99 65,
13.18 67,
13.40 69,
13.71 71,
14.04 76,
16.15 83,
15.17 86,
14.11 85,
14.16 84,
14.67 86,
15.26 88,
14.55 88,
12.22 83,
11.37 74,
10.59 67,
9.71 61,
9.03 56,
9.17 49,
9.32 41,
9.77 37,
11.14 36,
11.62 34,
11.99 34,
12.20 38,
12.01 43,
11.77 50,
11.66 57,
12.34 61,
12.89 63,
13.24 65,
13.28 70,
12.43 76,
11.98 83,
11.62 89,
11.35 93,
10.53 95,
10.37 95,
10.30 92,
10.29 91,
10.33 89,
10.35 89,
10.43 92,
10.76 95,
10.79 98,
10.78 100,
10.70 103,
10.53 106,
10.16 108,
10.24 109,
10.58 110,
10.66 109,
10.71 109,
10.62 110,
10.24 111,
10.24 112,
10.16 113,
10.08 112,
10.00 110,
10.09 109,
10.20 107,
10.23 105,
10.37 104,
10.45 103,
10.59 101,
10.90 97,
11.04 94,
11.09 92,
11.11 89,
10.70 86,
10.32 84,
10.35 84,
10.43 83,
10.54 82,
10.69 82,
10.96 82,
11.49 82,
11.71 83,
11.96 83,
12.06 82,
12.32 85,
12.61 92,
12.78 98,
12.72 105,
12.78 112,
12.88 120,
13.27 127,
14.09 137,
17.61 150,
16.51 158,
15.74 155,
13.86 152,
13.38 147,
12.80 136,
12.18 121,
10.94 104,
10.75 98,
10.48 99,
10.22 104,
10.64 112,
11.11 120,
11.49 125,
12.60 127,
13.28 126,
13.76 124,
13.77 120,
12.93 118,
12.63 116,
12.67 115,
12.83 111,
13.56 107,
13.77 102,
13.98 96,
13.86 93,
13.44 94,
13.29 97,
13.23 102,
13.09 107,
12.89 110,
12.58 110,
12.17 108,
11.75 106,
11.55 101,
11.34 97,
11.25 92,
11.36 87,
11.31 84,
11.17 83,
11.05 82,
11.03 81,
10.90 81,
10.76 80,
10.66 78,
10.70 75,
10.63 72,
10.69 68,
10.83 64,
10.88 60,
10.98 55,
11.00 51,
11.26 47,
11.41 45,
11.62 41,
11.90 39,
12.15 38,
12.37 37,
12.42 37,
12.56 39,
12.74 42,
12.75 44,
12.79 42,
12.86 38,
12.73 30,
13.26 26,
14.45 23,
15.11 22,
15.30 30,
15.42 41,
16.20 47,
16.56 49,
16.04 52,
15.67 57,
14.57 61,
14.19 66,
13.50 74,
12.74 75,
11.34 72,
10.59 67,
10.07 62,
10.44 57,
10.91 53,
11.57 48,
11.89 42,
11.81 34,
11.87 23,
12.03 16,
12.04 14,
12.04 20,
11.73 25,
11.36 30,
11.98 36,
12.37 41,
12.48 43,
12.51 43,
12.29 44,
11.81 45,
11.44 49,
11.16 55,
10.83 60,
10.63 62,
10.48 62,
10.29 63,
9.94 61,
9.78 59,
9.63 57,
9.63 56,
9.58 57,
9.52 60,
9.55 62,
9.84 65,
10.13 67,
10.29 69,
10.37 72,
10.37 74,
10.26 78,
10.10 81,
9.88 85,
9.92 88,
9.95 89,
9.94 89,
10.06 89,
10.14 87,
10.34 85,
10.57 86,
10.73 86,
10.65 85,
10.49 85,
10.49 86,
10.24 86,
10.33 85,
10.39 83,
10.06 82,
10.10 84,
10.26 89,
10.47 91,
10.42 90,
10.50 89,
10.77 86,
11.08 86,
11.71 86,
12.04 87,
12.35 86,
12.72 91,
12.71 97,
12.59 103,
12.52 108,
13.63 114,
15.26 121,
18.18 133,
18.52 153,
14.94 160,
14.25 156,
13.93 144,
13.88 126,
13.18 105,
12.07 86,
11.72 73,
10.89 70,
10.47 76,
10.65 86,
11.01 97,
11.92 101,
12.17 101,
12.03 97,
11.81 94,
11.47 92,
11.54 92,
11.54 90,
11.67 88,
12.18 84,
12.26 78,
12.09 72,
11.71 66,
11.61 62,
11.59 60,
11.58 60,
11.51 61,
11.40 63,
11.39 62,
11.32 59,
11.29 55,
11.19 51,
11.20 49,
11.21 47,
11.36 45,
11.39 41,
11.27 38,
11.01 33,
10.83 28,
10.64 22,
10.47 16,
10.36 17,
10.33 21,
10.40 24,
10.67 26,
10.82 27,
11.01 30,
11.01 32,
10.74 32,
11.01 34,
11.37 38,
11.35 37,
11.15 35,
10.99 35,
11.06 37,
11.17 40,
11.18 41,
11.18 41,
11.28 41,
11.27 42,
11.23 42,
11.34 41,
11.34 38,
11.41 36,
11.56 36,
11.59 37,
11.70 37,
11.77 38,
11.97 38,
12.15 37,
12.25 38,
12.38 42,
12.45 46,
12.66 50,
13.45 54,
13.90 57,
14.24 64,
14.12 75,
13.63 72,
13.41 60,
13.62 52,
13.24 42,
12.36 32,
11.76 31,
11.29 35,
10.23 38,
9.46 37,
9.10 34,
9.32 28,
10.34 24,
10.97 21,
11.59 22,
11.69 25,
11.69 24,
11.85 20,
11.94 25,
12.05 28,
12.05 30,
12.27 32,
12.19 33,
11.85 35,
12.67 32,
12.67 27,
12.86 24,
11.34 24,
10.87 25,
10.35 28,
9.96 29,
9.94 33,
9.58 36,
9.35 36,
9.61 36,
9.30 33,
9.31 29,
9.63 25,
9.87 18,
9.88 18,
10.08 19,
10.29 21,
10.07 22,
9.89 26,
10.18 31,
10.17 34,
10.15 33,
10.22 34,
10.02 33,
10.27 34,
10.14 35,
9.92 35,
10.12 34,
10.09 34,
10.24 35,
10.40 36,
10.58 37,
10.62 37,
10.70 37,
10.78 39,
10.85 43,
10.75 45,
10.87 49,
10.98 51,
11.32 51,
11.43 50,
11.67 49,
11.86 48,
12.18 49,
12.61 51,
12.61 54,
13.20 61,
14.19 69,
14.62 77,
15.42 87,
15.42 103,
17.15 115,
14.21 107,
13.88 98,
14.19 101,
13.07 102,
11.71 92,
10.87 77,
10.75 62,
10.44 51,
10.00 59,
10.61 75,
11.36 88,
11.82 97,
11.83 101,
11.96 104,
11.72 103,
11.89 102,
12.02 98,
12.25 95,
12.65 92,
13.17 89,
13.55 84,
12.80 81,
12.48 81,
12.23 82,
11.78 78,
11.72 71,
11.42 65,
11.13 65,
9.66 62,
9.84 59,
10.28 58,
10.61 58,
10.48 54,
10.26 51,
10.32 47,
10.75 46,
10.86 45,
11.16 43,
11.16 39,
11.21 35,
10.68 32,
10.77 30,
10.81 28,
10.81 26,
10.42 25,
10.56 24,
10.75 22,
10.61 19,
10.70 20,
10.65 19,
10.84 19,
11.12 18,
11.19 22,
11.15 25,
11.23 26,
11.24 28,
11.35 29,
11.59 29,
11.93 27,
12.34 26,
12.78 26,
13.36 28,
13.51 32,
13.50 35,
13.52 38,
14.19 41,
15.15 44,
15.61 47,
14.95 57,
15.75 70,
15.49 73,
14.68 72,
14.73 71,
13.63 65,
12.16 59,
11.35 51,
9.54 47,
9.08 39,
7.86 27,
7.97 20,
11.46 20,
10.97 7,
10.39 12,
11.47 13,
11.50 19,
11.54 24,
11.98 24,
12.01 22,
12.01 18,
11.75 15,
11.23 11,
11.85 9,
11.83 9,
11.83 11,
11.71 15,
11.04 25,
10.87 34,
10.78 41,
11.13 46,
11.15 49,
11.02 50,
10.74 50,
10.05 50,
9.70 52,
9.28 53,
9.21 55,
9.56 57,
9.87 60,
9.78 62,
9.85 65,
9.87 68,
10.04 69,
10.13 69,
9.97 68,
9.83 69,
9.60 69,
9.46 71,
9.63 73,
9.89 76,
10.13 79,
10.46 80,
10.81 79,
10.69 78,
10.16 79,
11.46 83,
11.49 85,
10.72 74,
9.92 78,
10.67 84,
11.09 84,
10.97 80,
10.77 80,
11.13 81,
11.49 81,
11.93 83,
12.98 84,
13.55 86,
14.06 89,
14.06 91,
16.27 99,
17.52 111,
17.26 127,
16.90 149,
14.48 158,
14.34 153,
14.07 150,
13.27 141,
11.24 124,
10.43 105,
9.66 93,
8.83 99,
8.72 106,
8.71 114,
9.02 122,
10.60 127,
10.72 130,
11.32 141,
12.35 146,
13.29 145,
13.50 141,
13.49 141,
13.28 143,
13.60 145,
13.92 147,
14.18 147,
14.92 146,
14.39 140,
13.33 130,
12.49 119,
11.05 111,
10.43 103,
10.15 99,
10.08 99,
9.86 101,
9.67 101,
9.75 100,
10.15 98,
10.17 95,
10.25 91,
10.50 89,
11.80 86,
11.52 78,
11.32 72,
11.43 67,
11.25 61,
11.21 54,
11.08 46,
10.79 39,
10.77 37,
10.70 36,
10.60 33,
10.67 30,
10.85 27,
11.08 25,
11.32 24,
11.66 22,
11.88 26,
12.14 29,
12.24 31,
12.01 32,
11.99 29,
12.07 28,
12.37 30,
12.58 34,
12.92 36,
13.25 38,
14.07 39,
14.44 40,
14.86 41,
15.54 46,
16.44 56,
16.03 72,
16.03 77,
15.20 76,
14.94 83,
15.12 87,
13.76 86,
10.78 80,
10.30 73,
9.74 69,
8.81 63,
7.93 57,
8.29 52,
8.75 50,
9.36 47,
10.25 45,
10.89 41,
11.29 37,
11.73 33,
12.00 32,
12.11 37,
12.09 44,
12.61 51,
12.97 58,
13.77 63,
12.85 68,
11.96 69,
12.43 71,
11.61 71,
11.64 68,
11.56 68,
10.55 68,
9.41 70,
9.17 74,
9.47 78,
9.19 79,
8.87 81,
9.64 85,
9.85 86,
9.96 86,
10.16 87,
10.60 90,
10.72 91,
10.72 91,
10.98 90,
10.48 86,
10.07 84,
10.22 85,
10.21 86,
10.15 86,
10.22 85,
10.22 84,
9.69 82,
9.48 79,
9.56 79,
9.80 80,
9.95 79,
10.26 78,
10.38 77,
10.50 77,
10.64 76,
10.72 76,
10.61 75,
10.50 75,
10.42 74,
10.54 73,
10.92 73,
11.52 74,
12.05 75,
12.49 74,
12.53 76,
12.90 84,
13.16 92,
13.34 98,
13.47 107,
13.70 118,
14.48 129,
16.06 142,
15.93 155,
16.64 154,
15.94 149,
13.53 149,
12.88 149,
12.07 145,
11.38 136,
10.40 121,
9.57 106,
9.21 121,
9.69 137,
10.62 144,
10.95 144,
11.15 142,
11.39 140,
12.22 136,
12.00 130,
11.88 122,
13.24 122,
14.02 122,
14.17 121,
14.22 121,
13.79 124,
13.26 122,
12.78 117,
12.05 109,
11.20 103,
11.28 102,
11.31 102,
10.78 101,
10.71 100,
10.48 95,
10.74 91,
10.78 86,
10.86 81,
10.84 76,
10.72 69,
10.61 63,
10.67 58,
10.80 54,
10.99 52,
11.00 48,
10.85 47,
10.64 46,
10.35 44,
10.21 42,
10.15 40,
10.13 38,
10.24 34,
10.35 29,
10.52 25,
10.50 20,
10.99 18,
11.37 18,
11.73 17,
11.91 20,
11.80 24,
11.90 25,
11.99 24,
12.31 26,
12.49 28,
12.76 31,
13.16 33,
13.70 34,
13.89 36,
14.01 38,
14.15 39,
14.52 40,
14.79 40,
15.32 40,
15.58 44,
14.97 55,
14.94 63,
15.01 66,
14.07 69,
13.26 75,
13.17 79,
12.19 79,
9.83 75,
9.30 69,
9.01 61,
8.87 54,
9.65 43,
9.76 33,
9.67 29,
11.03 28,
11.35 28,
11.36 25,
11.59 26,
11.97 28,
12.08 30,
11.90 30,
11.00 33,
12.98 35,
12.64 37,
12.16 41,
11.70 41,
11.70 42,
11.79 45,
11.35 53,
11.49 52,
11.67 52,
12.36 58,
10.31 66,
10.72 63,
10.24 57,
10.09 57,
10.12 57,
10.23 58,
10.15 55,
9.83 53,
9.99 53,
10.21 56,
10.37 56,
10.51 56,
10.39 60,
10.35 60,
10.49 61,
10.86 61,
10.27 59,
10.33 62,
10.10 62,
9.60 62,
9.68 68,
9.92 69,
9.96 70,
10.01 70,
10.21 70,
10.33 70,
10.34 69,
10.34 68,
10.33 68,
10.44 67,
10.70 64,
10.80 61,
10.65 58,
10.66 58,
10.68 58,
11.70 59,
11.79 50,
11.56 52,
11.80 53,
12.15 55,
12.57 60,
12.81 68,
13.43 74,
13.90 80,
14.47 87,
16.93 96,
17.05 108,
15.93 110,
15.78 106,
14.54 103,
14.12 91,
13.70 74,
12.81 55,
10.87 39,
9.94 26,
8.99 24,
8.12 25,
8.33 20,
8.66 18,
9.23 19,
10.95 19,
11.66 20,
12.05 25,
12.34 23,
12.58 17,
12.72 11,
12.81 5,
12.79 15,
12.99 28,
13.01 37,
12.61 43,
11.88 47,
11.72 47,
11.22 47,
11.19 47,
10.71 47,
10.45 49,
10.28 52,
10.01 54,
9.48 55,
9.39 63,
9.39 69,
9.73 74,
9.84 78,
10.03 80,
10.48 81,
10.81 85,
11.04 88,
11.18 86,
9.87 92,
11.98 91,
11.61 96,
11.29 101,
10.91 103,
11.23 105,
11.45 105,
11.75 106,
12.09 107,
12.18 107,
12.11 105,
11.91 100,
12.12 95,
12.09 92,
12.32 90,
12.49 86,
12.47 82,
12.74 75,
13.05 68,
13.41 61,
14.02 56,
14.83 53,
15.17 50,
15.07 49,
14.83 51,
15.00 52,
15.11 49,
14.79 44,
16.83 42,
17.96 46,
16.23 38,
13.91 26,
14.30 17,
13.55 12,
11.48 12,
11.38 13,
11.29 18,
11.09 27,
11.00 30,
10.92 30,
12.21 42,
10.47 63,
8.94 70,
7.12 68,
8.21 68,
11.20 94,
11.85 86,
12.79 69,
14.40 48,
13.39 30,
12.58 30,
11.13 30,
10.93 35,
11.61 41,
11.90 55,
11.97 107,
11.36 63,
10.36 43,
10.65 40,
10.42 37,
9.39 41,
9.19 51,
9.20 56,
9.41 63,
9.09 62,
8.74 62,
8.77 62,
8.86 62,
9.82 66,
10.41 68,
9.67 75,
10.11 89,
10.26 98,
11.08 98,
12.11 89,
12.72 76,
13.83 73,
13.64 91,
15.58 141,
20.48 141,
23.69 147,
26.55 152,
21.56 166,
18.30 195,
17.03 207,
15.29 214,
13.98 216,
14.16 206,
14.53 188,
16.08 173,
18.83 159,
18.64 145,
17.14 140,
15.51 147,
14.59 168,
14.04 194,
13.51 209,
12.60 211,
12.53 204,
12.06 191,
11.16 182,
10.16 181,
9.07 171,
8.31 161,
9.23 154,
9.29 144,
8.96 135,
9.05 130,
9.16 128,
9.49 128,
9.92 129,
10.28 127,
11.05 125,
11.98 123,
12.68 119,
13.07 120,
14.70 116,
15.56 115,
15.91 120,
16.60 115,
16.64 112,
16.79 97,
16.20 90,
15.42 85,
15.58 79,
15.80 78,
15.93 85,
16.28 88,
16.81 90,
17.02 95,
16.80 103,
16.27 114,
18.82 130,
18.34 142,
17.72 138,
15.81 125,
13.81 138,
13.74 165,
13.51 172,
11.99 167,
11.87 153,
13.02 138,
14.99 129,
15.26 124,
14.78 122,
14.08 125,
17.06 132,
18.49 144,
19.05 152,
18.75 155,
16.43 159,
15.03 158,
13.65 154,
12.24 151,
12.04 147,
12.00 145,
12.00 153,
12.12 161,
12.23 169,
12.19 178,
12.01 185,
11.95 186,
12.11 184,
12.10 178,
11.40 170,
10.83 162,
10.30 155,
9.77 149,
9.19 144,
9.69 144,
10.46 145,
11.50 144,
12.04 141,
12.27 141,
13.86 136,
15.52 118,
16.93 107,
17.42 101,
17.65 95,
17.62 94,
18.16 98,
21.21 106,
23.24 116,
23.50 145,
22.88 166,
22.01 180,
21.19 190,
20.05 192,
20.50 191,
20.24 191,
19.33 202,
18.37 211,
17.38 216,
16.67 221,
15.66 220,
14.89 214,
14.26 212,
13.81 217,
11.68 225,
10.68 230,
10.31 226,
10.48 213,
10.53 202,
10.71 194,
10.96 186,
11.95 173,
14.95 155,
15.40 147,
17.34 130,
21.05 120,
22.82 114,
24.29 112,
25.24 110,
25.71 109,
25.59 107,
24.82 107,
24.27 113,
23.10 127,
22.34 145,
20.72 158,
14.67 165,
15.50 167,
17.99 162,
17.90 159,
19.21 183,
17.98 180,
11.64 168,
15.09 158,
17.44 125,
20.29 113,
20.73 117,
20.52 106,
17.99 112,
15.48 127,
13.27 131,
10.30 126,
8.76 118,
8.20 112,
7.83 113,
5.60 115,
7.34 115,
7.10 120,
4.96 117,
4.50 124,
4.41 126,
4.67 128,
4.32 132,
4.66 133,
5.37 131,
5.97 130,
7.14 127,
8.00 124,
9.37 124,
12.12 132,
13.49 143,
17.87 153,
18.32 146,
19.41 151,
20.47 155,
20.12 149,
18.98 139,
16.33 135,
19.88 140,
27.15 163,
24.62 163,
20.21 168,
22.30 172,
25.16 166,
25.62 208,
24.06 246,
22.44 244,
21.87 236,
22.28 240,
20.50 236,
20.74 224,
18.52 209,
14.78 184,
10.96 167,
8.99 154,
7.58 159,
7.13 159,
7.33 155,
7.13 149,
7.23 142,
8.11 138,
9.33 135,
10.82 132,
13.70 126,
15.32 130,
16.92 138,
18.03 138,
18.95 132,
19.02 128,
19.14 127,
19.66 128,
18.90 127,
17.60 123,
17.19 120,
14.02 126,
11.47 142,
8.74 158,
6.87 165,
3.83 165,
5.21 160,
10.69 147,
12.19 144,
6.64 87,
9.28 187,
10.00 220,
13.47 191,
13.61 138,
17.87 77,
24.86 78,
29.35 101,
28.48 115,
26.71 125,
24.29 128,
21.82 130,
20.84 131,
19.64 128,
17.66 125,
17.29 123,
16.84 123,
16.25 123,
14.38 113,
13.92 105,
12.87 109,
11.45 119,
9.50 129,
8.09 134,
6.98 135,
6.53 151,
4.83 156,
4.81 151,
4.79 161,
9.61 164,
14.77 189,
21.81 189,
20.60 183,
16.47 212,
14.67 263,
12.75 263,
12.54 236,
29.61 250,
26.29 299,
26.55 288,
33.72 264,
36.39 261,
36.38 283,
34.92 271,
32.03 213,
34.08 218,
27.51 236,
30.86 243,
33.78 272,
30.31 281,
27.16 280,
20.32 276,
17.89 276,
16.05 273,
14.65 259,
12.91 243,
12.43 226,
12.81 207,
11.69 179,
7.81 165,
6.42 157,
5.99 146,
4.56 144,
5.65 142,
5.01 148,
6.67 138,
8.12 168,
8.30 156,
7.50 137,
6.57 116,
2.71 102,
4.54 120,
9.63 198,
17.58 148,
25.32 94,
33.58 91,
34.16 98,
33.03 116,
31.79 119,
24.94 136,
22.25 125,
20.88 140,
19.00 148,
17.30 139,
15.81 122,
15.62 99,
14.10 76,
13.50 79,
12.28 82,
9.19 78,
7.80 70,
7.13 74,
10.17 87,
6.94 122,
4.55 136,
5.14 127,
6.48 121,
5.93 116,
7.29 113,
8.55 104,
12.06 97,
12.83 89,
13.93 84,
14.76 68,
14.96 53,
15.47 36,
16.42 42,
17.60 59,
17.00 56,
16.93 56,
16.54 67,
14.54 77,
14.04 87,
13.71 95,
13.08 106,
17.83 126,
21.84 149,
21.25 171,
15.61 137,
17.65 118,
17.71 124,
18.58 111,
21.59 135,
21.84 144,
21.85 136,
19.77 110,
20.68 94,
19.49 87,
19.23 83,
18.18 82,
15.56 76,
13.35 59,
10.76 39,
6.48 24,
6.03 17,
5.69 14,
5.62 15,
6.83 20,
6.33 43,
3.29 70,
2.41 69,
5.53 66,
6.24 70,
6.59 73,
8.83 76,
10.70 89,
12.15 101,
12.25 111,
14.68 110,
17.82 129,
18.65 132,
21.26 121,
20.67 126,
20.12 135,
19.73 151,
19.04 168,
17.08 188,
16.51 209,
16.04 228,
14.96 234,
14.30 238,
13.93 246,
13.23 244,
15.12 234,
15.25 227,
15.53 271,
16.33 286,
17.88 289,
19.60 282,
21.27 265,
27.10 230,
27.28 206,
26.40 181,
26.26 164,
25.78 154,
24.23 150,
21.81 156,
19.21 165,
16.27 167,
15.74 157,
15.52 141,
15.38 132,
14.07 131,
12.95 127,
10.88 116,
11.19 92,
11.13 72,
11.16 73,
11.03 82,
10.84 98,
10.71 101,
11.00 105,
11.36 107,
10.90 106,
10.66 103,
10.29 103,
10.53 105,
11.48 105,
12.31 104,
13.19 98,
15.24 89,
15.74 78,
15.81 77,
15.70 83,
14.75 89,
14.13 93,
13.73 89,
13.76 88,
15.43 101,
15.86 111,
15.87 117,
16.80 111,
17.12 102,
16.74 91,
15.88 78,
13.84 65,
13.45 55,
12.94 50,
13.83 39,
15.76 37,
17.11 36,
18.48 46,
18.81 53,
18.04 49,
16.66 39,
16.04 36,
15.17 46,
14.90 49,
14.78 56,
15.06 55,
14.44 65,
14.26 49,
14.53 49,
14.36 61,
13.25 68,
13.91 76,
12.90 79,
12.91 77,
12.33 73,
11.72 73,
11.34 79,
10.68 80,
9.98 77,
10.01 78,
10.58 80,
11.63 88,
11.76 92,
11.67 90,
12.01 84,
12.33 77,
12.65 73,
13.09 71,
12.86 67,
12.87 60,
13.01 53,
13.09 48,
13.06 49,
12.90 48,
12.57 48,
11.79 48,
10.75 46,
10.25 45,
10.32 44,
10.63 45,
10.62 47,
10.74 46,
10.83 43,
10.85 42,
10.75 39,
10.72 36,
10.79 33,
10.85 31,
11.01 28,
11.05 27,
10.81 28,
10.35 29,
10.19 28,
9.85 26,
10.43 26,
10.81 26,
9.98 24,
9.97 21,
10.55 18,
10.41 15,
10.30 12,
10.02 10,
10.61 9,
10.71 8,
10.67 9,
10.41 10,
10.22 8,
10.33 8,
10.47 7,
10.54 7,
10.52 8,
10.56 8,
10.60 8,
10.65 10,
10.66 10,
10.57 9,
10.45 8,
10.42 8,
10.41 8,
10.47 8,
10.56 8,
10.53 8,
10.56 8,
10.49 9,
10.46 10,
10.43 10,
10.61 11,
10.68 12,
10.53 11,
10.45 9,
10.44 8,
10.55 8,
10.55 7,
10.53 6,
10.58 6,
10.62 6,
10.66 6,
10.76 6,
10.66 7,
10.60 7,
10.52 7,
10.48 7,
10.32 7,
10.15 6,
10.12 6,
9.89 6,
9.48 5,
9.37 7,
9.39 10,
9.46 12,
9.74 15,
9.78 22,
9.77 32,
9.62 41,
9.43 48,
9.39 54,
9.45 59,
9.63 63,
9.60 69,
9.66 75,
9.74 82,
9.66 88,
9.64 92,
9.52 96,
9.45 100,
9.18 106,
9.15 113,
9.14 120,
9.25 127,
8.96 133,
8.73 138,
8.76 144,
8.85 147,
8.70 149,
8.41 151,
8.37 154,
8.29 156,
8.40 157,
8.55 159,
8.69 160,
9.89 151,
10.79 136,
9.54 147,
9.05 155,
9.31 159,
9.65 155,
10.04 149,
10.90 147,
11.35 148,
12.06 150,
12.73 153,
13.63 155,
13.67 159,
13.53 164,
13.29 166,
13.75 164,
14.48 156,
15.31 145,
15.38 134,
15.44 128,
15.45 125,
15.63 120,
15.63 115,
15.35 112,
15.57 109,
15.43 106,
16.22 105,
15.14 101,
14.75 94,
14.61 94,
15.77 135,
16.56 138,
16.17 116,
16.69 76,
16.65 59,
17.24 106,
16.02 105,
16.34 22,
19.07 47,
16.48 64,
18.70 103,
19.96 103,
18.70 49,
18.25 37,
19.89 41,
20.05 52,
19.49 63,
19.93 72,
20.65 73,
20.96 80,
21.18 82,
20.40 86,
20.36 93,
20.52 99,
19.69 106,
18.80 115,
18.55 112,
18.96 108,
19.25 106,
18.39 104,
17.75 123,
17.89 137,
19.18 147,
23.14 162,
24.67 180,
27.25 169,
31.65 156,
34.21 102,
34.15 66,
29.50 48,
17.45 100,
13.15 74,
14.73 40,
14.73 89,
14.04 120,
11.67 135,
10.76 148,
8.24 178,
6.11 172,
8.21 156,
9.28 160,
12.02 202,
10.20 223,
12.90 148,
12.65 139,
13.62 136,
13.76 134,
14.23 139,
17.30 137,
15.13 126,
14.15 121,
12.81 113,
11.91 99,
11.93 88,
11.98 82,
11.93 78,
11.91 76,
11.65 77,
11.47 79,
11.20 81,
11.49 83,
9.91 68,
10.24 65,
9.89 73,
10.89 71,
11.27 72,
11.51 73,
11.68 71,
11.62 71,
11.16 74,
10.91 56,
11.04 50,
11.05 46,
10.95 43,
11.00 41,
11.07 40,
10.98 38,
10.91 35,
10.70 35,
10.67 35,
10.54 34,
10.54 33,
10.30 33,
10.36 31,
10.46 30,
10.56 29,
10.69 29,
10.63 30,
10.54 29,
10.50 26,
10.85 24,
11.10 23,
11.15 23,
11.05 22,
11.06 20,
11.09 19,
11.17 19,
11.21 18,
11.12 18,
11.04 18,
11.06 16,
11.09 15,
11.11 15,
11.21 14,
11.30 13,
11.38 12,
11.43 12,
11.39 13,
11.35 14,
11.31 15,
11.37 15,
11.41 15,
11.42 15,
11.48 16,
11.45 16,
11.38 15,
11.28 13,
11.21 11,
11.16 11,
11.24 11,
11.33 11,
11.47 11,
11.58 10,
11.60 10,
11.59 10,
11.59 9,
11.60 7,
11.84 7,
11.82 8,
11.75 9,
11.74 8,
12.01 8,
12.03 10,
11.60 13,
11.35 14,
11.65 13,
11.80 13,
11.74 13,
11.72 16,
11.62 19,
11.67 22,
11.78 21,
11.72 20,
11.76 20,
11.76 22,
12.15 22,
12.11 21,
12.01 20,
11.92 20,
11.63 20,
11.62 19,
11.56 20,
11.66 20,
11.68 20,
11.65 20,
11.64 19,
11.81 17,
11.76 17,
11.60 16,
11.67 16,
11.59 17,
11.63 17,
11.66 19,
11.62 20,
11.56 20,
11.46 19,
11.45 18,
11.34 19,
11.24 20,
11.19 20,
11.16 19,
11.10 19,
11.05 19,
11.10 19,
11.19 19,
11.36 20,
11.44 20,
11.52 21,
11.47 21,
11.42 21,
11.34 22,
11.36 21,
11.51 19,
11.59 18,
11.61 17,
11.61 17,
11.48 16,
11.39 16,
11.32 16,
11.34 16,
11.41 17,
11.44 18,
11.43 19,
11.49 20,
11.58 19,
11.56 18,
11.55 18,
11.78 19,
12.00 20,
11.94 22,
11.80 23,
11.40 27,
11.37 31,
11.42 36,
11.42 43,
11.16 50,
11.07 56,
10.92 63,
10.49 67,
10.12 68,
10.26 78,
10.90 73,
11.00 60,
11.68 64,
11.81 71,
11.35 77,
11.40 79,
11.85 80,
12.19 82,
12.44 85,
12.87 89,
12.80 95,
12.94 100,
13.14 99,
13.13 95,
13.04 90,
12.99 87,
12.35 84,
12.13 81,
13.28 86,
12.11 83,
10.57 75,
10.60 70,
12.05 83,
11.88 76,
12.75 75,
13.53 74,
14.12 72,
14.40 71,
14.39 67,
14.16 63,
14.00 60,
13.34 57,
13.55 55,
14.04 54,
14.15 57,
13.79 55,
13.96 54,
14.20 55,
14.50 54,
14.67 52,
14.85 50,
15.10 46,
15.35 41,
15.18 39,
15.27 48,
15.61 31,
15.30 35,
15.23 37,
15.15 40,
14.67 42,
14.45 43,
14.34 44,
14.22 43,
14.01 43,
13.94 43,
13.86 44,
14.32 43,
14.98 43,
15.24 43,
15.62 41,
15.84 37,
15.51 33,
15.19 30,
14.95 31,
14.75 32,
14.78 32,
14.81 32,
14.78 32,
14.61 31,
14.46 31,
14.37 31,
14.39 33,
14.66 34,
14.85 35,
15.03 35,
15.87 35,
15.37 32,
14.71 32,
14.67 37,
14.90 34,
14.79 35,
14.91 33,
14.82 32,
14.79 31,
15.00 28,
15.08 30,
15.02 31,
15.05 32,
15.17 33,
15.26 34,
15.51 37,
15.59 40,
15.66 44,
15.60 47,
15.26 51,
15.15 54,
15.02 56,
14.99 56,
15.08 57,
15.17 56,
15.22 57,
15.01 60,
14.94 62,
14.81 59,
15.25 58,
15.38 61,
14.81 65,
15.29 57,
15.42 59,
16.01 64,
16.22 63,
16.47 59,
16.63 56,
16.60 57,
16.52 56,
16.41 53,
16.19 49,
16.04 44,
15.81 41,
15.51 40,
15.34 40,
15.27 42,
15.34 45,
15.35 49,
15.33 53,
15.43 58,
15.49 61,
15.03 64,
15.33 71,
14.85 65,
15.05 61,
15.37 57,
15.40 56,
15.36 56,
15.27 55,
15.58 56,
15.89 58,
15.87 60,
15.66 63,
15.58 67,
15.46 66,
15.59 64,
16.55 61,
16.71 56,
16.68 53,
16.64 52,
16.29 52,
16.25 54,
16.14 56,
16.01 59,
15.67 63,
15.87 67,
15.96 67,
15.18 65,
16.08 71,
16.39 73,
16.41 69,
16.31 69,
16.24 69,
16.25 67,
16.51 66,
16.93 66,
16.67 69,
16.46 73,
16.51 76,
16.67 79,
16.67 82,
16.56 84,
16.18 87,
15.82 87,
15.57 78,
17.89 85,
14.42 98,
14.05 84,
14.38 73,
15.32 74,
15.14 63,
15.89 61,
15.97 67,
16.74 66,
16.42 66,
16.32 72,
16.21 76,
16.47 78,
16.76 79,
16.97 80,
17.08 78,
17.09 77,
17.01 75,
16.87 73,
18.25 74,
16.39 83,
15.59 89,
15.64 83,
16.87 81,
16.82 78,
16.72 74,
16.53 71,
16.91 68,
17.07 66,
17.12 64,
17.03 65,
16.58 66,
16.50 67,
16.50 69,
16.40 72,
16.70 71,
ex,