13.68 0,
13.68 0,
13.72 0,
13.67 1,
13.58 0,
13.57 0,
13.54 0,
13.53 0,
13.59 0,
13.60 0,
13.64 0,
13.63 0,
13.66 0,
13.58 0,
13.61 0,
13.59 0,
13.63 1,
13.60 1,
13.63 1,
13.63 1,
13.62 0,
13.61 0,
13.59 0,
13.59 0,
13.53 0,
13.54 0,
13.61 0,
13.58 0,
13.60 0,
13.60 0,
13.61 0,
13.60 0,
13.64 0,
13.60 0,
13.65 0,
13.65 0,
13.63 0,
13.68 0,
13.62 0,
13.58 0,
13.60 0,
13.58 0,
13.58 0,
13.61 0,
13.60 0,
13.57 0,
13.59 0,
13.63 0,
13.64 0,
13.59 0,
13.62 0,
13.61 0,
13.63 0,
13.60 0,
13.58 0,
13.58 0,
13.62 0,
13.64 0,
13.62 0,
13.58 0,
13.66 0,
13.64 1,
13.62 1,
13.61 0,
13.63 0,
13.63 0,
13.56 0,
13.62 0,
13.56 0,
13.57 0,
13.59 1,
13.57 1,
13.62 0,
13.72 1,
13.70 2,
13.36 1,
13.40 1,
13.72 0,
13.57 1,
13.58 1,
13.76 1,
13.65 1,
13.47 0,
13.46 0,
13.47 0,
13.64 1,
13.72 1,
13.68 0,
13.65 0,
13.54 1,
13.57 1,
13.60 1,
13.56 0,
13.58 0,
13.62 0,
13.62 0,
13.59 0,
13.62 0,
13.59 0,
13.61 0,
13.62 0,
13.62 0,
13.56 0,
13.60 0,
13.59 0,
13.46 1,
13.54 1,
13.59 0,
13.71 1,
13.76 1,
13.64 1,
13.55 0,
13.57 0,
13.52 0,
13.58 0,
13.68 0,
13.63 0,
13.61 0,
13.60 0,
13.59 0,
13.61 0,
13.56 0,
13.65 0,
13.59 1,
13.63 0,
13.65 1,
13.60 0,
13.57 0,
13.60 0,
13.56 0,
13.61 0,
13.65 0,
13.65 0,
13.62 0,
13.65 0,
13.62 0,
13.65 0,
13.58 0,
13.58 0,
13.63 0,
13.61 0,
13.54 0,
13.59 0,
13.54 0,
13.60 0,
13.62 0,
13.60 0,
13.61 0,
13.62 0,
13.60 0,
13.59 0,
13.60 0,
13.61 0,
13.60 0,
13.60 0,
13.60 0,
13.59 0,
13.58 0,
13.53 0,
13.62 0,
13.66 0,
13.67 0,
13.65 1,
13.59 1,
13.59 0,
13.55 0,
13.59 0,
13.57 0,
13.55 0,
13.59 0,
13.54 0,
13.63 0,
13.71 0,
13.78 1,
13.45 2,
13.34 0,
13.66 1,
13.81 0,
13.56 1,
13.69 1,
13.64 0,
13.58 0,
13.48 0,
13.48 0,
13.53 0,
13.59 1,
13.69 1,
13.65 1,
13.67 0,
13.63 0,
13.67 0,
13.62 0,
13.64 0,
13.52 0,
13.50 0,
13.50 0,
13.53 0,
13.56 0,
13.58 0,
13.63 0,
13.69 0,
13.71 0,
13.67 0,
13.70 0,
13.45 0,
13.49 1,
13.57 0,
13.61 0,
13.72 0,
13.60 0,
13.61 0,
13.57 0,
13.61 0,
13.63 0,
13.58 0,
13.64 0,
13.59 0,
13.60 0,
13.61 0,
13.63 0,
13.63 0,
13.65 0,
13.66 1,
13.65 0,
13.65 0,
13.69 0,
13.59 0,
13.60 0,
13.57 0,
13.53 0,
13.63 0,
13.64 0,
13.61 0,
13.62 0,
13.66 0,
13.66 0,
13.64 0,
13.60 0,
13.60 0,
13.61 0,
13.64 0,
13.67 0,
13.66 0,
13.60 0,
13.59 0,
13.57 0,
13.52 0,
13.56 0,
13.52 0,
13.58 0,
13.59 0,
13.67 0,
13.67 1,
13.68 1,
13.63 1,
13.67 1,
13.65 1,
13.64 1,
13.63 2,
13.62 2,
13.62 2,
13.62 2,
13.64 2,
13.66 2,
13.60 2,
13.54 1,
13.51 1,
13.56 0,
13.66 0,
13.78 2,
13.74 2,
13.33 1,
13.58 0,
13.80 0,
13.64 1,
13.70 1,
13.77 0,
13.64 0,
13.51 0,
13.48 0,
13.51 0,
13.55 1,
13.66 1,
13.65 1,
13.64 1,
13.62 1,
13.70 0,
13.67 0,
13.68 1,
13.58 1,
13.54 1,
13.51 1,
13.48 1,
13.52 1,
13.53 2,
13.61 1,
13.59 1,
13.58 1,
13.58 1,
13.69 1,
13.74 1,
13.50 1,
13.60 1,
13.59 2,
13.74 3,
13.61 2,
13.54 2,
13.54 1,
13.48 1,
13.51 1,
13.55 1,
13.61 1,
13.58 0,
13.61 0,
13.65 0,
13.63 0,
13.66 0,
13.65 0,
13.64 0,
13.65 0,
13.62 0,
13.63 0,
13.66 0,
13.55 0,
13.53 0,
13.54 0,
13.53 0,
13.56 0,
13.58 0,
13.63 1,
13.65 1,
13.62 0,
13.59 1,
13.61 1,
13.58 1,
13.61 1,
13.61 1,
13.57 1,
13.55 0,
13.54 1,
13.56 1,
13.62 1,
13.65 1,
13.61 1,
13.65 2,
13.58 2,
13.59 2,
13.59 2,
13.56 2,
13.57 1,
13.58 2,
13.62 2,
13.65 2,
13.56 1,
13.52 1,
13.52 0,
13.47 0,
13.58 1,
13.87 1,
13.83 3,
13.28 1,
13.71 2,
13.74 1,
13.50 2,
13.79 1,
13.72 0,
13.64 0,
13.59 0,
13.52 0,
13.55 1,
13.67 1,
13.73 1,
13.68 1,
13.62 1,
13.52 0,
13.54 0,
13.55 0,
13.58 0,
13.56 0,
13.59 1,
13.54 1,
13.53 0,
13.55 0,
13.57 0,
13.60 0,
13.63 0,
13.62 1,
13.69 1,
13.85 1,
13.50 0,
13.61 0,
13.61 1,
13.57 1,
13.53 1,
13.70 1,
13.55 1,
13.47 0,
13.49 0,
13.54 0,
13.60 0,
13.60 0,
13.57 1,
13.63 1,
13.56 1,
13.59 1,
13.63 1,
13.59 1,
13.61 1,
13.59 1,
13.62 1,
13.62 1,
13.61 1,
13.55 0,
13.57 0,
13.61 0,
13.64 0,
13.61 0,
13.66 0,
13.59 0,
13.58 0,
13.59 0,
13.57 0,
13.56 0,
13.57 0,
13.60 0,
13.64 1,
13.70 1,
13.62 1,
13.60 1,
13.59 1,
13.57 0,
13.62 0,
13.53 0,
13.55 0,
13.55 0,
13.58 0,
13.56 1,
13.53 1,
13.84 1,
13.99 2,
13.67 2,
13.28 3,
13.76 2,
13.60 2,
13.54 2,
13.70 1,
13.60 0,
13.59 0,
13.56 1,
13.63 1,
13.65 2,
13.77 2,
13.77 2,
13.65 2,
13.59 1,
13.58 1,
13.54 1,
13.57 0,
13.57 1,
13.56 1,
13.57 1,
13.57 1,
13.60 1,
13.56 0,
13.61 0,
13.59 0,
13.63 0,
13.67 0,
13.68 1,
13.91 0,
13.57 0,
13.49 1,
13.66 0,
13.67 0,
13.65 0,
13.61 0,
13.56 1,
13.56 2,
13.54 2,
13.53 2,
13.55 2,
13.64 1,
13.69 1,
13.63 1,
13.64 1,
13.64 1,
13.61 2,
13.64 1,
13.60 1,
13.64 1,
13.62 1,
13.66 1,
13.62 1,
13.68 1,
13.69 1,
13.72 2,
13.70 1,
13.71 2,
13.68 2,
13.74 1,
13.73 2,
13.68 2,
13.68 2,
13.71 2,
13.68 1,
13.66 2,
13.68 2,
13.66 2,
13.64 2,
13.69 1,
13.67 1,
13.72 1,
13.75 1,
13.73 1,
13.76 1,
13.73 1,
13.72 1,
13.73 1,
13.68 1,
13.68 1,
13.66 1,
13.63 1,
13.64 0,
13.64 0,
13.74 0,
13.90 1,
13.93 3,
13.51 3,
13.81 2,
14.01 2,
14.03 2,
14.07 3,
14.01 4,
13.93 6,
13.80 7,
13.60 7,
13.55 6,
13.64 7,
13.61 8,
13.57 10,
13.46 11,
13.39 12,
13.25 13,
13.07 14,
12.90 14,
12.83 13,
12.70 14,
12.58 16,
12.41 18,
12.44 22,
12.62 25,
12.75 27,
12.74 30,
12.83 32,
12.83 34,
12.86 35,
12.81 37,
12.79 45,
13.24 48,
12.96 51,
12.97 53,
13.22 51,
12.95 51,
12.89 55,
13.05 63,
12.90 71,
13.09 68,
12.63 77,
13.45 76,
12.95 74,
13.00 82,
12.72 75,
13.00 71,
13.08 72,
13.26 74,
13.46 77,
13.46 82,
13.61 91,
13.81 100,
14.11 111,
14.29 116,
14.33 115,
14.41 107,
15.19 93,
14.35 87,
13.86 88,
13.71 95,
13.30 103,
13.87 104,
14.61 99,
15.67 99,
18.20 102,
18.90 103,
18.93 107,
17.58 96,
15.49 91,
14.81 105,
14.63 104,
14.43 97,
14.75 95,
15.11 97,
15.17 99,
15.47 101,
16.29 101,
17.45 98,
18.07 90,
18.53 86,
19.22 82,
19.73 74,
19.30 72,
18.83 75,
17.51 72,
17.32 72,
16.48 78,
16.23 74,
16.21 70,
16.15 67,
15.98 66,
15.97 68,
16.10 74,
15.64 67,
15.90 62,
16.16 63,
16.35 61,
16.37 59,
16.45 59,
14.78 61,
15.06 50,
15.30 44,
14.71 33,
13.92 37,
13.15 38,
13.99 35,
11.73 39,
12.16 29,
12.06 29,
12.35 10,
12.73 9,
13.13 14,
12.94 20,
12.57 31,
13.60 40,
13.52 44,
13.20 56,
14.58 56,
14.04 61,
12.97 57,
12.89 54,
13.14 59,
13.38 61,
13.64 59,
13.65 59,
13.80 61,
13.88 64,
14.16 64,
14.14 63,
13.99 61,
14.29 61,
14.33 63,
14.29 66,
14.18 67,
15.71 70,
14.74 102,
12.69 92,
13.15 72,
14.05 73,
14.08 78,
13.97 84,
13.82 87,
13.53 89,
13.34 91,
13.43 95,
13.47 99,
13.22 102,
13.44 104,
13.57 104,
13.68 108,
13.68 110,
13.40 110,
13.22 111,
13.28 113,
13.00 115,
12.99 118,
12.97 122,
13.25 128,
13.25 132,
13.09 135,
12.68 139,
12.81 145,
12.96 151,
12.84 156,
12.07 156,
11.63 150,
11.11 143,
10.57 136,
10.90 132,
10.96 128,
10.93 127,
11.93 129,
12.12 131,
11.76 130,
11.37 127,
10.83 123,
10.80 120,
10.89 116,
10.99 113,
11.03 109,
11.16 105,
11.05 102,
10.89 99,
10.92 97,
10.97 95,
11.03 94,
11.11 92,
11.30 90,
11.48 90,
11.43 86,
11.09 78,
11.19 73,
11.13 68,
10.99 61,
11.01 57,
11.15 55,
11.16 54,
11.37 53,
11.26 53,
9.87 54,
9.48 57,
11.66 46,
10.63 44,
10.37 45,
10.55 43,
10.48 41,
10.39 41,
10.27 39,
10.32 36,
10.58 32,
10.46 38,
10.43 38,
10.14 38,
10.08 38,
10.08 37,
10.04 33,
10.09 30,
10.06 27,
9.94 25,
9.93 24,
9.90 22,
9.98 21,
9.97 21,
10.00 20,
10.00 18,
9.96 16,
9.96 14,
9.97 12,
10.00 12,
10.04 12,
9.94 9,
9.86 8,
9.97 7,
10.06 7,
9.99 7,
9.92 6,
10.06 5,
10.03 4,
10.01 4,
10.01 3,
9.98 3,
9.96 3,
10.02 4,
10.07 4,
10.20 4,
10.15 4,
10.11 5,
10.05 5,
10.09 5,
9.93 5,
9.92 5,
9.99 6,
9.87 5,
9.99 4,
10.12 5,
10.07 4,
9.95 4,
10.04 4,
10.07 4,
10.06 5,
10.03 5,
10.01 5,
10.01 5,
10.04 5,
9.97 5,
9.90 4,
9.89 4,
9.92 4,
9.96 4,
9.98 5,
10.06 5,
9.97 5,
9.99 6,
10.02 5,
10.06 6,
10.07 6,
10.05 5,
10.04 5,
9.99 5,
10.00 4,
10.00 3,
10.00 2,
10.03 2,
10.11 2,
10.22 3,
10.21 4,
9.97 4,
9.97 5,
10.26 4,
10.08 3,
10.04 3,
10.03 2,
10.00 3,
9.99 3,
9.94 4,
9.98 5,
10.07 4,
10.12 2,
10.03 2,
10.00 2,
9.99 1,
10.02 1,
10.09 2,
10.01 2,
10.05 2,
10.03 3,
10.02 3,
9.99 3,
10.05 3,
10.06 2,
10.07 3,
10.10 3,
10.10 4,
10.09 4,
10.12 4,
10.17 5,
10.02 5,
10.00 4,
10.10 5,
10.19 7,
10.08 8,
9.89 6,
9.85 4,
9.92 4,
9.98 4,
9.96 4,
9.93 3,
9.92 2,
9.95 1,
9.95 2,
9.99 2,
10.07 1,
10.09 1,
10.04 0,
10.05 1,
10.12 1,
10.04 2,
10.09 2,
10.11 1,
10.07 1,
10.04 0,
10.05 0,
10.10 0,
10.12 1,
10.02 1,
9.96 1,
10.02 1,
10.01 1,
10.02 0,
9.99 0,
9.98 0,
9.95 0,
9.99 1,
10.03 2,
9.96 2,
9.96 3,
10.00 4,
10.05 6,
10.04 6,
10.09 8,
10.09 9,
9.95 10,
9.94 12,
9.97 13,
10.04 13,
10.03 14,
10.08 15,
10.03 16,
10.11 16,
10.06 21,
10.08 24,
10.05 28,
10.18 32,
10.34 34,
10.30 34,
10.01 38,
9.89 45,
10.15 51,
10.38 51,
10.96 57,
11.23 59,
11.37 62,
11.53 63,
11.73 64,
11.85 64,
12.06 63,
12.10 63,
11.98 65,
11.81 65,
11.61 68,
11.66 69,
11.28 68,
11.29 64,
11.45 56,
11.35 56,
11.31 49,
11.32 39,
11.34 38,
11.22 38,
11.22 40,
11.30 45,
11.51 47,
11.64 47,
11.61 47,
11.58 47,
11.13 48,
11.30 45,
11.50 41,
11.46 41,
11.46 42,
11.35 45,
11.10 49,
12.30 53,
11.81 55,
11.69 56,
11.53 56,
11.50 58,
11.70 61,
11.83 61,
11.80 63,
11.44 67,
11.41 68,
11.47 69,
11.44 69,
11.59 70,
11.68 75,
11.85 79,
12.01 85,
13.22 85,
13.83 89,
13.34 86,
11.13 84,
11.74 81,
12.58 81,
12.82 71,
12.95 70,
12.95 71,
12.89 81,
12.59 74,
13.25 74,
12.42 72,
11.77 68,
10.38 64,
9.41 64,
8.72 54,
8.44 49,
7.66 43,
7.48 40,
7.60 40,
7.97 41,
8.76 50,
9.40 56,
10.02 60,
10.82 60,
10.86 61,
10.67 63,
10.38 68,
10.74 70,
11.23 70,
11.49 70,
11.44 72,
11.63 75,
11.84 73,
12.06 73,
12.19 70,
11.96 66,
11.83 63,
11.66 62,
11.25 62,
11.01 61,
10.79 58,
10.50 55,
10.10 52,
10.07 52,
10.17 55,
10.40 56,
10.65 57,
10.79 57,
10.73 57,
10.81 57,
10.70 60,
10.60 61,
10.49 63,
10.39 63,
10.39 65,
10.45 70,
10.50 71,
10.42 71,
10.27 71,
10.35 70,
10.15 75,
10.65 70,
10.74 70,
10.51 70,
10.79 72,
11.04 76,
11.43 75,
11.67 75,
11.86 75,
11.91 75,
11.91 72,
12.00 73,
12.04 75,
12.14 75,
12.21 82,
12.66 88,
13.42 97,
14.34 120,
13.39 120,
16.19 123,
13.90 84,
12.58 83,
12.89 77,
12.44 77,
11.32 61,
10.00 60,
9.97 65,
10.79 71,
10.78 71,
10.88 76,
10.42 87,
10.30 91,
10.31 95,
10.35 95,
10.43 101,
10.66 115,
11.25 119,
11.84 123,
12.47 123,
12.77 126,
12.99 126,
13.32 125,
13.55 121,
13.57 121,
13.43 117,
13.19 113,
13.11 110,
12.96 105,
12.92 105,
11.84 100,
11.46 101,
11.51 98,
11.68 94,
11.59 94,
11.76 90,
11.69 81,
11.18 78,
11.03 75,
10.94 75,
10.88 70,
10.06 60,
11.08 58,
10.53 55,
10.19 55,
10.41 51,
10.21 49,
10.05 47,
10.03 46,
10.08 46,
10.08 46,
10.10 55,
10.14 57,
10.19 55,
10.20 55,
10.34 52,
10.94 46,
11.38 44,
11.85 45,
12.01 45,
13.14 45,
13.66 42,
13.93 42,
14.04 44,
14.18 44,
14.56 45,
14.96 56,
15.43 62,
15.90 62,
16.82 62,
16.79 74,
18.81 87,
18.09 98,
16.60 100,
13.67 100,
12.08 96,
10.72 85,
9.47 96,
7.88 77,
7.80 77,
8.38 61,
8.60 47,
9.33 39,
9.28 31,
9.17 31,
9.27 22,
9.71 24,
9.79 29,
10.02 34,
10.69 34,
10.75 38,
10.96 45,
11.21 48,
11.49 55,
11.51 55,
11.74 63,
12.12 76,
11.26 79,
10.99 81,
10.87 81,
11.15 89,
11.06 89,
10.79 86,
10.85 90,
10.51 90,
10.17 94,
10.09 96,
9.62 100,
8.78 103,
8.34 103,
8.39 107,
8.71 113,
9.25 114,
9.54 115,
9.68 115,
9.84 117,
9.84 123,
9.97 124,
10.15 124,
10.74 124,
11.10 123,
11.32 122,
11.34 123,
11.01 123,
10.78 123,
10.67 122,
10.95 121,
11.18 118,
11.36 115,
11.48 115,
11.14 112,
10.82 110,
10.61 112,
10.30 112,
10.51 112,
10.75 112,
10.99 110,
11.07 109,
11.07 109,
11.05 109,
11.09 108,
11.23 107,
11.41 110,
11.59 113,
11.88 113,
12.46 118,
13.60 132,
14.93 150,
16.58 159,
15.16 159,
14.52 159,
13.95 150,
12.48 131,
12.35 116,
12.17 116,
11.36 117,
10.28 123,
10.49 129,
10.64 139,
10.35 139,
10.81 148,
11.05 161,
11.50 163,
13.28 159,
13.80 159,
13.81 156,
13.61 156,
13.47 157,
13.78 155,
14.01 155,
13.99 151,
13.03 144,
12.60 139,
12.34 132,
12.18 132,
11.34 125,
10.50 123,
10.16 123,
10.55 119,
10.74 119,
11.14 113,
11.47 99,
10.91 94,
10.58 91,
10.63 91,
10.97 85,
11.56 68,
11.53 68,
11.26 56,
10.76 56,
10.80 54,
10.87 53,
10.99 54,
10.80 54,
10.59 54,
10.48 53,
10.58 51,
10.71 48,
10.85 45,
10.94 41,
11.07 37,
11.39 40,
11.58 44,
11.85 46,
12.14 46,
12.41 45,
12.42 45,
12.35 45,
12.11 44,
12.40 42,
12.87 41,
13.34 39,
14.28 39,
14.70 41,
15.47 45,
16.03 52,
16.70 59,
16.00 62,
16.28 67,
14.51 74,
15.11 72,
14.59 66,
13.31 64,
11.41 64,
10.64 64,
9.80 61,
8.73 58,
9.28 55,
10.10 53,
10.62 49,
11.14 43,
11.48 34,
11.69 24,
11.90 17,
11.96 20,
11.72 25,
11.52 31,
11.18 35,
12.29 37,
12.50 39,
12.41 40,
11.99 44,
11.91 49,
11.76 57,
11.46 66,
10.54 70,
9.98 70,
9.86 72,
9.86 74,
10.10 74,
10.26 71,
10.11 71,
9.80 72,
9.31 74,
9.24 77,
9.23 81,
9.33 83,
9.56 82,
9.69 82,
9.74 83,
9.77 85,
9.69 87,
9.51 89,
9.34 89,
9.15 90,
9.20 88,
9.26 87,
9.65 85,
9.93 84,
10.07 83,
10.29 84,
10.18 85,
10.09 86,
10.18 86,
10.20 87,
10.51 90,
10.89 92,
11.40 94,
11.66 95,
12.10 95,
12.38 95,
12.72 94,
13.63 94,
13.91 95,
14.25 102,
14.66 110,
16.02 119,
15.99 129,
16.16 139,
15.09 137,
13.19 128,
12.81 122,
13.43 114,
12.80 103,
11.57 91,
10.69 79,
9.97 73,
9.07 74,
8.97 77,
8.77 82,
8.50 88,
8.48 95,
8.96 101,
9.63 106,
10.72 108,
12.51 105,
12.50 100,
12.19 95,
11.98 93,
12.35 91,
12.85 88,
13.62 85,
13.85 82,
13.76 81,
13.39 78,
13.21 76,
12.50 71,
11.55 71,
11.11 79,
10.02 77,
9.50 70,
9.78 66,
10.10 61,
9.95 57,
9.81 53,
9.84 51,
9.91 47,
10.33 43,
10.49 38,
10.60 34,
10.24 32,
10.98 28,
10.77 25,
10.73 24,
10.74 22,
10.63 23,
10.51 22,
10.35 19,
10.30 16,
10.33 13,
10.51 11,
10.66 8,
10.90 8,
11.06 12,
11.18 13,
11.11 15,
10.96 18,
10.87 21,
10.84 23,
11.63 24,
12.01 24,
12.32 24,
12.58 24,
13.03 25,
13.08 27,
13.27 30,
13.67 33,
15.38 35,
16.16 49,
13.70 56,
14.89 41,
15.07 33,
15.95 38,
15.86 39,
12.92 38,
12.14 37,
11.38 35,
10.91 30,
12.31 23,
12.82 16,
12.96 13,
12.85 17,
12.74 20,
12.69 28,
12.70 33,
12.68 39,
12.49 42,
12.04 42,
11.69 38,
11.05 35,
11.22 32,
11.38 28,
11.90 23,
11.98 18,
11.24 18,
10.59 22,
10.42 26,
10.14 26,
9.95 20,
10.00 18,
9.43 16,
9.27 18,
9.36 20,
9.52 22,
9.82 22,
9.97 22,
10.05 23,
10.03 24,
9.89 26,
10.04 28,
10.03 28,
9.68 27,
9.57 26,
9.44 27,
9.46 26,
9.47 26,
9.44 26,
9.39 27,
9.34 28,
9.40 29,
9.37 30,
9.58 32,
9.68 34,
9.69 34,
9.64 33,
9.77 33,
10.13 34,
10.37 36,
10.46 38,
10.51 38,
10.61 39,
10.82 41,
11.12 43,
12.00 45,
12.51 46,
12.89 47,
13.13 48,
13.59 47,
13.98 47,
14.77 53,
15.74 63,
15.65 75,
14.59 76,
13.10 69,
11.76 64,
12.95 61,
13.27 56,
12.29 46,
10.80 35,
11.14 27,
11.60 25,
11.78 30,
11.72 37,
11.56 50,
11.44 61,
11.54 71,
12.17 77,
12.64 80,
13.03 79,
13.18 75,
13.26 72,
13.33 68,
13.15 65,
12.54 66,
12.83 71,
13.04 70,
13.00 68,
12.99 64,
12.70 61,
12.32 61,
11.48 67,
10.93 70,
10.38 69,
10.78 67,
10.03 65,
9.92 60,
10.09 60,
10.25 59,
10.48 57,
10.60 53,
10.51 49,
10.42 47,
10.91 45,
11.28 45,
11.45 46,
11.28 46,
11.15 45,
11.12 42,
11.20 41,
11.05 38,
11.14 37,
11.22 33,
11.14 28,
10.90 23,
10.57 19,
10.53 18,
10.62 16,
10.68 14,
10.75 14,
10.87 15,
10.96 16,
10.96 15,
10.94 16,
10.86 19,
11.06 21,
11.23 24,
11.45 26,
11.61 30,
12.00 33,
12.18 37,
12.31 41,
12.49 45,
12.63 49,
13.03 53,
13.82 57,
15.13 60,
15.62 73,
14.33 85,
14.49 76,
14.21 64,
14.79 53,
14.70 42,
12.18 38,
11.56 35,
11.14 34,
10.53 30,
9.21 24,
9.43 17,
9.61 10,
9.86 13,
9.11 17,
9.65 18,
10.82 24,
11.54 25,
11.72 24,
11.44 23,
11.37 19,
10.72 20,
11.66 20,
11.55 14,
11.79 14,
11.82 6,
11.80 11,
11.33 24,
11.22 27,
11.11 33,
10.93 34,
10.75 31,
10.48 24,
10.27 22,
9.94 22,
9.63 22,
9.04 23,
8.94 24,
8.99 26,
8.89 28,
8.92 33,
9.14 38,
9.30 43,
10.02 45,
10.20 44,
10.20 45,
10.21 45,
10.12 46,
10.12 49,
10.07 50,
10.01 51,
10.20 54,
10.21 55,
10.05 57,
9.94 57,
9.66 58,
9.75 59,
9.83 59,
10.17 59,
10.35 59,
10.54 59,
10.76 60,
10.09 61,
10.10 64,
10.91 68,
11.79 67,
12.54 63,
12.41 65,
12.30 69,
14.11 73,
16.09 80,
18.02 95,
17.01 114,
13.55 113,
12.53 103,
14.48 97,
14.90 87,
12.11 76,
11.27 64,
11.12 53,
11.02 51,
11.59 49,
11.87 45,
11.25 48,
10.78 69,
10.71 83,
10.80 95,
11.30 104,
11.82 107,
12.26 106,
13.01 101,
13.25 100,
13.67 103,
13.82 105,
13.85 106,
14.21 105,
13.97 100,
13.44 94,
12.84 89,
11.84 87,
11.35 85,
10.84 83,
10.40 82,
10.21 80,
10.91 79,
10.55 81,
9.84 77,
10.17 73,
10.26 69,
9.73 65,
10.25 62,
10.64 57,
11.10 51,
11.42 48,
11.19 48,
11.03 48,
10.91 46,
10.83 42,
10.76 38,
10.89 35,
11.05 33,
11.18 31,
11.26 28,
11.35 26,
11.39 24,
11.59 22,
11.63 23,
11.58 25,
11.65 27,
11.89 26,
12.24 25,
12.49 25,
12.70 26,
12.94 27,
13.18 30,
13.57 32,
14.24 33,
14.42 35,
14.51 38,
14.67 42,
15.55 48,
15.30 59,
16.22 73,
15.30 77,
15.28 76,
14.65 77,
14.30 77,
14.46 78,
12.91 77,
11.14 72,
10.09 67,
9.86 61,
10.20 58,
10.96 54,
11.26 47,
11.11 38,
11.21 28,
11.22 17,
11.40 14,
10.91 13,
11.15 17,
11.57 18,
12.01 20,
11.95 26,
12.08 39,
11.07 45,
11.50 38,
11.36 44,
11.24 43,
10.68 38,
10.38 50,
10.38 57,
10.71 74,
10.27 82,
9.93 64,
10.46 62,
10.58 65,
10.52 69,
10.48 68,
10.49 68,
10.43 69,
9.75 70,
10.15 73,
10.21 76,
9.49 81,
9.36 85,
9.39 87,
9.44 89,
9.97 90,
9.85 94,
9.73 97,
9.72 97,
9.97 98,
10.16 98,
10.51 98,
10.74 99,
10.84 99,
10.78 101,
10.61 102,
10.82 103,
11.02 102,
11.33 100,
11.42 98,
11.70 98,
11.73 99,
11.82 99,
12.05 99,
12.70 97,
12.98 96,
13.15 98,
13.24 104,
14.96 111,
15.91 120,
16.20 132,
16.43 142,
15.71 145,
15.75 150,
15.04 150,
12.41 145,
11.75 134,
11.44 120,
11.18 107,
10.52 103,
10.01 111,
9.91 120,
10.38 128,
10.80 135,
11.41 141,
12.40 144,
13.12 142,
12.79 140,
12.76 145,
13.15 152,
13.55 153,
13.73 153,
13.71 150,
13.46 146,
12.70 142,
12.27 137,
11.93 134,
11.80 133,
11.58 134,
11.97 138,
11.94 137,
11.92 131,
11.38 124,
10.65 119,
10.49 119,
10.66 116,
10.57 110,
10.93 105,
10.19 98,
10.30 95,
11.28 93,
11.51 85,
11.27 78,
11.28 73,
11.06 66,
10.79 65,
10.93 63,
10.53 60,
10.34 55,
10.65 52,
10.95 49,
10.98 45,
11.08 41,
11.57 37,
11.81 34,
11.97 34,
11.97 36,
12.35 37,
12.52 36,
12.60 36,
12.64 36,
12.81 35,
13.03 36,
13.24 39,
13.63 41,
14.10 44,
14.73 48,
15.24 55,
15.99 64,
14.97 70,
14.88 72,
14.36 71,
13.81 68,
13.30 61,
12.52 55,
11.63 51,
9.87 48,
9.08 44,
8.37 40,
9.47 38,
10.07 35,
10.53 29,
10.94 19,
11.54 9,
11.85 14,
11.99 20,
11.85 24,
11.64 27,
11.99 29,
12.74 30,
13.60 31,
13.62 32,
13.41 34,
12.86 36,
11.88 39,
11.55 43,
11.13 48,
10.52 53,
10.00 57,
9.77 61,
9.59 66,
10.40 60,
10.09 49,
9.81 51,
9.41 53,
9.37 55,
9.65 60,
9.92 62,
10.15 63,
10.15 64,
9.86 66,
9.87 68,
9.80 67,
9.88 67,
9.81 65,
9.63 64,
9.54 61,
9.53 58,
9.49 58,
9.71 59,
10.10 58,
10.11 60,
10.07 62,
10.07 63,
10.15 63,
10.18 62,
10.06 62,
10.06 62,
10.27 61,
10.27 60,
10.36 60,
10.92 61,
11.43 60,
12.06 60,
12.54 64,
13.31 69,
13.78 75,
14.43 82,
15.82 90,
16.58 102,
16.23 112,
15.42 113,
15.27 112,
13.49 110,
12.31 101,
11.58 88,
11.14 78,
11.10 71,
10.91 65,
10.42 72,
9.67 82,
9.74 93,
9.98 101,
10.26 104,
10.88 104,
11.41 105,
11.77 105,
12.29 106,
12.43 107,
12.58 107,
12.66 106,
13.13 104,
13.40 101,
13.31 97,
12.93 94,
12.09 93,
11.84 92,
11.62 90,
11.38 87,
11.03 85,
11.00 82,
10.81 81,
10.54 78,
10.38 75,
10.36 73,
10.49 71,
11.05 70,
11.33 68,
11.49 66,
11.83 65,
11.88 62,
11.68 59,
11.40 56,
11.05 53,
10.97 48,
10.93 43,
10.81 40,
10.60 37,
10.75 35,
10.86 32,
10.85 27,
10.93 22,
10.79 18,
10.71 20,
10.61 21,
10.77 22,
11.12 21,
11.28 20,
11.64 19,
11.91 17,
12.10 17,
12.26 17,
12.62 15,
12.84 14,
13.01 16,
13.28 19,
13.41 23,
13.60 27,
13.98 32,
14.50 37,
16.30 42,
15.69 63,
14.13 81,
13.55 69,
13.83 46,
14.78 33,
15.52 29,
11.57 24,
11.33 18,
10.94 24,
9.90 24,
10.25 19,
10.90 13,
11.66 17,
12.00 21,
11.62 28,
11.38 37,
11.41 47,
12.17 55,
12.39 61,
12.45 65,
12.04 66,
11.72 65,
11.62 64,
11.39 62,
11.81 57,
11.93 52,
11.80 46,
11.58 41,
10.99 38,
10.45 36,
10.40 36,
10.34 35,
9.63 30,
9.36 26,
9.27 23,
9.55 21,
9.48 20,
9.41 17,
9.51 15,
9.91 15,
9.98 16,
10.12 14,
10.28 15,
10.35 14,
10.35 11,
10.41 7,
10.38 8,
10.35 9,
10.26 9,
10.18 11,
10.00 11,
9.94 13,
9.87 15,
9.88 16,
9.95 17,
10.00 18,
9.95 19,
10.00 20,
9.92 25,
9.73 31,
9.41 38,
9.71 43,
10.17 48,
10.61 52,
11.10 55,
12.08 56,
12.52 56,
12.91 58,
13.36 61,
15.62 64,
17.33 65,
18.58 66,
16.15 65,
14.13 59,
12.96 51,
12.39 49,
11.85 48,
11.35 41,
10.70 26,
10.08 20,
9.97 18,
9.74 16,
10.02 15,
10.46 18,
10.54 23,
11.05 25,
11.43 29,
12.26 38,
12.52 50,
12.54 62,
12.48 74,
12.40 82,
12.11 86,
11.86 88,
11.79 90,
11.72 91,
11.79 90,
11.62 95,
11.21 98,
10.97 101,
10.75 104,
10.68 109,
10.91 114,
11.10 117,
11.48 121,
11.85 125,
11.95 127,
11.97 128,
12.16 131,
11.79 134,
11.91 140,
12.11 145,
12.36 146,
12.86 145,
13.33 145,
13.83 151,
14.13 158,
14.49 163,
14.79 165,
14.96 166,
15.06 165,
14.76 163,
14.49 160,
14.18 156,
13.72 155,
13.25 154,
12.69 155,
12.04 158,
11.92 163,
12.18 168,
12.37 173,
12.58 177,
13.25 181,
13.88 184,
14.97 187,
18.00 187,
17.87 185,
16.09 178,
14.03 162,
12.02 158,
11.56 156,
11.52 145,
11.51 133,
12.11 123,
12.11 114,
12.29 120,
12.55 127,
13.18 132,
13.16 137,
13.05 140,
13.07 143,
12.54 148,
12.05 150,
12.02 145,
11.68 139,
11.29 136,
11.01 131,
10.81 124,
10.91 117,
10.78 113,
10.27 109,
9.95 102,
10.41 93,
10.12 89,
10.16 84,
10.41 78,
10.04 73,
9.72 72,
10.63 66,
10.29 62,
9.99 60,
10.09 59,
10.45 58,
11.17 55,
11.42 53,
11.48 50,
11.59 49,
11.66 47,
11.51 46,
11.02 45,
10.77 45,
10.79 44,
10.73 43,
10.05 44,
11.69 51,
10.94 44,
10.85 42,
11.10 45,
11.33 47,
11.47 46,
11.65 46,
10.90 45,
10.39 42,
10.08 37,
9.99 35,
9.86 35,
9.78 35,
9.68 34,
9.69 32,
9.77 30,
9.86 29,
10.05 28,
10.32 25,
10.43 22,
10.56 21,
10.64 20,
10.51 20,
10.36 18,
10.27 18,
10.35 16,
10.26 15,
10.25 14,
10.18 13,
10.03 14,
9.98 14,
9.90 14,
9.83 14,
9.90 13,
9.91 12,
9.94 11,
9.92 9,
9.93 7,
9.82 6,
9.79 5,
9.82 4,
10.03 2,
10.03 3,
10.09 3,
10.15 4,
10.08 5,
10.14 6,
10.13 7,
10.12 7,
10.00 7,
10.11 6,
10.03 6,
9.98 7,
9.99 7,
10.02 9,
10.01 8,
10.01 9,
9.91 8,
9.82 6,
9.91 6,
10.13 6,
10.25 7,
10.20 6,
10.06 6,
10.04 7,
10.08 8,
10.12 7,
10.06 6,
10.03 6,
10.00 6,
9.98 5,
10.00 5,
10.05 5,
10.04 5,
10.03 4,
10.00 5,
10.03 4,
9.96 4,
10.01 4,
10.01 5,
10.01 4,
10.00 4,
9.98 3,
10.01 4,
9.95 4,
10.04 4,
10.05 3,
10.05 2,
10.06 3,
10.07 3,
10.05 4,
10.03 5,
10.03 5,
10.00 5,
10.01 5,
10.02 4,
10.04 4,
10.05 4,
10.01 4,
10.04 3,
10.04 3,
10.05 3,
10.06 3,
10.09 3,
10.08 3,
10.02 3,
10.06 3,
10.08 3,
10.04 3,
10.10 3,
10.10 3,
10.11 2,
10.15 3,
10.12 2,
10.18 2,
10.14 2,
10.13 2,
10.05 3,
10.11 4,
10.07 4,
10.08 4,
10.04 5,
10.08 5,
10.16 4,
10.11 3,
10.05 1,
9.99 1,
9.91 3,
10.09 5,
10.20 3,
10.24 1,
10.29 1,
10.16 2,
9.94 1,
9.97 3,
9.94 4,
10.06 4,
10.27 3,
10.27 3,
10.14 5,
10.02 6,
10.00 6,
10.07 5,
10.12 4,
10.12 3,
10.10 3,
10.12 3,
10.10 4,
10.10 4,
10.06 4,
10.09 4,
10.07 3,
10.11 3,
10.11 2,
10.07 1,
10.00 2,
10.21 1,
10.21 0,
10.08 1,
10.04 3,
10.12 3,
10.15 1,
10.14 1,
10.13 1,
10.04 0,
10.06 0,
10.09 1,
10.10 1,
10.09 1,
10.11 2,
10.06 2,
10.12 2,
10.10 1,
10.09 1,
10.04 1,
10.03 1,
10.05 1,
10.08 1,
10.05 1,
10.05 2,
9.98 1,
9.98 1,
10.00 1,
9.99 1,
9.99 1,
10.07 1,
10.09 0,
10.10 0,
10.12 0,
10.09 1,
10.12 1,
10.09 1,
10.08 2,
10.06 2,
10.05 1,
10.04 2,
10.03 2,
10.02 1,
10.06 1,
10.07 1,
10.06 1,
10.03 1,
10.02 1,
10.00 1,
10.03 1,
10.05 2,
10.07 2,
10.03 2,
10.09 3,
10.01 3,
10.02 3,
10.04 4,
10.10 5,
10.09 6,
10.08 7,
9.84 8,
9.95 8,
10.10 9,
10.16 9,
10.18 8,
10.12 8,
10.06 8,
9.91 8,
9.99 9,
10.07 9,
10.16 10,
10.07 10,
10.07 8,
10.00 8,
9.95 9,
9.96 10,
10.00 12,
9.98 12,
9.98 13,
9.92 13,
9.91 13,
9.91 12,
9.87 11,
9.89 11,
9.97 11,
9.99 10,
9.94 10,
10.02 10,
9.96 9,
9.76 8,
9.82 10,
9.96 12,
9.94 12,
10.02 13,
10.00 13,
9.99 12,
10.02 10,
10.13 10,
10.07 11,
10.09 14,
10.17 15,
10.13 17,
10.15 19,
10.30 23,
10.37 26,
10.36 30,
10.45 33,
10.47 36,
10.57 39,
10.58 44,
10.61 48,
10.63 53,
10.68 57,
10.48 59,
10.51 62,
10.56 67,
10.47 71,
10.51 74,
10.59 78,
10.67 81,
10.69 84,
10.78 86,
10.82 87,
10.90 88,
10.84 91,
10.91 94,
10.98 97,
10.97 101,
10.90 102,
10.98 104,
10.96 109,
10.91 116,
10.84 123,
10.89 129,
11.03 133,
11.22 135,
11.40 135,
11.55 134,
11.98 134,
12.29 134,
12.60 133,
12.88 131,
12.74 130,
12.51 132,
12.49 134,
12.29 137,
12.55 138,
12.08 138,
13.52 127,
12.88 114,
13.18 128,
13.69 127,
14.02 125,
14.03 122,
13.88 120,
13.64 118,
12.78 116,
12.51 114,
12.41 116,
12.48 118,
12.50 118,
12.79 118,
13.10 114,
13.33 111,
13.72 107,
13.69 104,
13.63 101,
13.57 96,
13.18 97,
13.18 99,
13.77 98,
12.70 96,
12.45 88,
12.56 84,
13.01 73,
14.25 64,
14.80 60,
14.96 53,
14.92 46,
14.82 47,
14.24 53,
13.57 59,
13.64 62,
12.07 68,
12.17 65,
12.97 50,
13.20 41,
13.42 31,
13.52 25,
13.57 22,
13.65 20,
13.80 17,
14.18 14,
14.59 16,
16.05 20,
14.78 16,
16.07 37,
13.59 49,
14.09 60,
15.27 75,
15.95 66,
15.26 39,
14.89 41,
14.51 56,
14.64 61,
14.86 65,
14.83 58,
14.83 64,
15.71 64,
16.09 63,
16.28 69,
16.54 74,
15.97 81,
16.49 94,
18.44 107,
18.88 114,
16.53 112,
16.16 101,
16.01 99,
16.21 108,
15.85 113,
14.77 110,
15.12 106,
16.12 106,
16.82 111,
17.04 118,
17.38 122,
17.15 120,
16.70 118,
15.93 115,
15.60 112,
16.80 116,
18.24 129,
20.30 145,
23.47 155,
26.01 158,
28.68 151,
32.23 133,
32.07 88,
25.33 45,
16.63 105,
17.05 172,
17.45 163,
19.25 74,
12.37 84,
8.75 98,
9.70 139,
7.80 169,
8.41 216,
12.32 204,
12.06 158,
11.52 172,
11.01 170,
13.39 158,
13.35 141,
14.49 118,
15.20 103,
15.56 89,
14.90 89,
15.62 103,
9.37 129,
10.81 72,
10.74 72,
10.81 70,
10.49 72,
11.26 71,
10.16 70,
10.40 70,
11.44 56,
11.06 48,
11.35 43,
11.35 39,
11.44 39,
11.43 29,
11.24 25,
10.89 22,
10.94 16,
11.08 16,
11.19 14,
11.36 14,
11.54 13,
11.75 11,
11.98 11,
12.32 10,
12.51 9,
12.68 8,
12.75 11,
12.66 11,
12.46 13,
12.19 14,
12.08 11,
12.11 10,
12.04 10,
11.99 9,
12.06 9,
12.12 8,
12.19 9,
12.19 9,
12.19 9,
12.25 9,
12.24 9,
12.53 10,
12.39 10,
11.92 12,
11.70 8,
12.07 6,
12.08 5,
12.14 5,
12.19 6,
12.06 7,
12.06 7,
12.03 8,
11.98 7,
12.02 8,
12.03 8,
12.01 9,
11.90 8,
11.88 7,
11.87 6,
12.03 4,
12.18 5,
12.17 7,
12.10 9,
12.09 10,
11.97 11,
11.92 11,
11.96 11,
12.10 10,
12.21 8,
12.32 7,
12.38 6,
12.07 6,
12.18 6,
12.30 5,
12.39 5,
12.42 5,
12.48 6,
12.38 8,
12.25 9,
12.16 10,
12.14 11,
12.15 11,
12.01 12,
12.02 12,
12.06 13,
12.07 13,
12.20 12,
12.17 12,
12.11 11,
12.15 11,
12.16 10,
12.16 10,
12.25 10,
12.38 10,
12.45 10,
12.49 9,
12.51 9,
12.70 9,
12.71 9,
12.73 9,
12.65 8,
12.69 7,
12.63 6,
12.68 5,
12.66 4,
12.67 4,
12.62 3,
12.58 3,
12.42 3,
12.45 3,
12.40 3,
12.40 4,
12.66 3,
12.90 1,
12.89 3,
12.09 3,
12.27 4,
12.32 3,
12.31 3,
12.64 3,
12.69 1,
12.66 1,
12.58 2,
12.45 3,
12.45 4,
12.45 4,
12.47 3,
12.41 2,
12.43 2,
12.48 2,
12.66 2,
12.68 2,
12.67 2,
12.63 2,
12.52 2,
12.44 2,
12.37 2,
12.36 1,
12.40 1,
12.42 2,
12.49 3,
12.61 5,
12.67 6,
12.43 6,
12.39 6,
12.60 6,
12.70 7,
12.72 8,
12.61 7,
12.35 6,
12.40 3,
12.41 2,
12.43 2,
12.35 3,
12.37 3,
12.38 3,
12.38 4,
12.36 4,
12.35 4,
12.31 3,
12.36 3,
12.34 3,
12.34 3,
12.33 3,
12.37 3,
12.38 3,
12.41 3,
12.46 4,
12.45 4,
12.48 3,
12.47 2,
12.45 3,
12.38 3,
12.37 3,
12.39 3,
12.44 4,
12.52 4,
12.47 4,
12.45 3,
12.38 2,
12.34 2,
12.34 1,
12.28 1,
12.30 1,
12.31 2,
12.39 2,
12.62 2,
12.69 2,
12.49 2,
12.16 2,
12.29 3,
12.34 3,
12.38 3,
12.51 3,
12.58 3,
12.49 2,
12.39 1,
12.36 2,
12.39 2,
12.38 2,
12.34 2,
12.35 1,
12.38 1,
12.40 1,
12.44 1,
12.46 1,
12.44 1,
12.44 1,
12.37 1,
12.41 1,
12.39 0,
12.39 1,
12.33 1,
12.38 1,
12.43 2,
12.46 2,
12.54 2,
12.35 1,
12.33 2,
12.63 1,
12.62 0,
12.49 1,
12.42 1,
12.36 1,
12.43 1,
12.50 1,
12.47 1,
12.41 1,
12.40 1,
12.42 1,
12.42 1,
12.42 1,
12.39 1,
12.42 0,
12.43 0,
12.41 0,
12.37 0,
12.39 0,
12.36 0,
12.40 0,
12.37 0,
12.43 0,
12.44 0,
12.47 0,
12.48 0,
12.46 0,
12.43 0,
12.45 0,
12.38 0,
12.40 0,
12.38 0,
12.39 0,
12.43 0,
12.43 0,
12.46 0,
12.48 0,
12.42 0,
12.43 0,
12.43 0,
12.41 0,
12.42 0,
12.35 0,
12.39 1,
12.42 1,
12.66 1,
12.75 0,
12.59 2,
12.31 2,
12.28 2,
12.37 1,
12.40 1,
12.48 1,
12.60 1,
12.57 0,
12.46 1,
12.38 2,
12.43 2,
12.45 2,
12.41 2,
12.39 1,
12.47 2,
12.49 1,
12.54 1,
12.47 1,
12.48 1,
12.46 1,
12.40 1,
12.40 1,
12.42 1,
12.43 1,
12.48 1,
12.50 0,
12.48 0,
12.50 0,
12.62 0,
12.42 0,
12.41 1,
12.59 0,
12.62 0,
12.49 1,
12.41 0,
12.42 0,
12.47 0,
12.48 1,
12.43 0,
12.45 0,
12.44 1,
12.46 0,
12.43 1,
12.49 1,
12.45 1,
12.46 1,
12.48 1,
12.47 0,
12.47 0,
12.51 0,
12.44 0,
12.47 0,
12.42 0,
12.44 0,
12.49 0,
12.49 0,
12.46 0,
12.52 0,
12.52 0,
12.48 0,
12.46 0,
12.44 0,
12.41 0,
12.48 0,
12.46 0,
12.47 0,
12.53 0,
12.50 0,
12.47 0,
12.56 0,
12.51 0,
12.51 0,
12.46 0,
12.48 0,
12.48 0,
12.48 0,
12.44 0,
12.45 1,
12.56 1,
12.73 0,
12.51 2,
12.20 2,
12.21 2,
12.44 1,
12.46 1,
12.50 2,
12.59 2,
12.55 1,
12.52 1,
12.39 1,
12.45 2,
12.49 1,
12.46 1,
12.47 1,
12.44 0,
12.51 0,
12.50 0,
12.50 0,
12.49 0,
12.46 0,
12.42 0,
12.44 1,
12.37 1,
12.44 1,
12.46 1,
12.44 1,
12.51 1,
12.51 1,
12.63 1,
12.40 1,
12.42 0,
12.44 0,
12.64 1,
12.46 2,
12.36 1,
12.39 0,
12.47 0,
12.48 0,
12.50 1,
12.46 1,
12.54 1,
12.52 2,
12.56 3,
12.52 3,
12.46 3,
12.46 3,
12.45 3,
12.41 2,
12.50 2,
12.53 3,
12.52 3,
12.48 3,
12.47 3,
12.50 5,
12.45 4,
12.50 3,
12.52 4,
12.51 3,
12.45 2,
12.42 2,
12.44 2,
12.38 2,
12.42 2,
12.51 2,
12.50 2,
12.44 3,
12.40 3,
12.33 3,
12.29 3,
12.31 3,
12.37 3,
12.38 4,
12.38 4,
12.39 4,
12.33 4,
12.34 4,
12.41 4,
12.46 3,
12.46 3,
12.65 4,
12.75 4,
12.15 5,
12.15 6,
12.55 7,
12.70 7,
12.49 4,
12.60 3,
12.61 2,
12.51 2,
12.31 3,
ex,