13.73 0,
13.73 0,
13.72 0,
13.80 0,
13.74 0,
13.73 0,
13.69 0,
13.67 0,
13.72 0,
13.79 1,
13.94 0,
13.81 1,
13.62 2,
13.58 1,
13.72 1,
13.70 1,
13.65 1,
13.69 1,
13.84 1,
13.72 1,
13.70 0,
13.70 0,
13.75 0,
13.75 1,
13.72 1,
13.71 1,
13.74 1,
13.72 1,
13.76 1,
13.74 0,
13.75 1,
13.71 0,
13.72 0,
13.76 0,
13.71 0,
13.71 0,
13.73 0,
13.74 0,
13.74 0,
13.77 0,
13.84 0,
13.71 0,
13.70 0,
13.75 0,
13.84 1,
13.74 1,
13.65 1,
13.65 0,
13.68 0,
13.75 0,
13.75 0,
13.66 0,
13.69 0,
13.70 0,
13.74 0,
13.73 0,
13.76 0,
13.73 0,
13.74 0,
13.75 0,
13.75 0,
13.74 0,
13.74 0,
13.73 0,
13.72 0,
13.75 0,
13.67 0,
13.68 0,
13.69 0,
13.77 0,
13.71 1,
13.74 0,
13.76 0,
13.76 0,
13.75 0,
13.69 0,
13.68 0,
13.69 0,
13.72 0,
13.71 1,
13.77 0,
13.71 0,
13.72 0,
13.71 0,
13.76 0,
13.73 0,
13.71 0,
13.73 0,
13.73 1,
13.70 1,
13.71 0,
13.66 1,
13.73 0,
13.73 0,
13.72 0,
13.73 1,
13.71 0,
13.75 1,
13.71 1,
13.74 1,
13.71 1,
13.73 0,
13.72 1,
13.70 1,
13.69 0,
13.69 1,
13.70 1,
13.66 0,
13.67 0,
13.72 1,
13.73 0,
13.74 1,
13.74 1,
13.70 1,
13.71 1,
13.71 1,
13.70 1,
13.70 1,
13.62 1,
13.65 1,
13.62 1,
13.65 0,
13.81 0,
13.96 0,
13.96 2,
13.71 3,
13.58 0,
13.67 1,
13.68 1,
13.65 1,
13.74 1,
13.75 0,
13.75 0,
13.71 0,
13.74 1,
13.81 1,
13.80 2,
13.77 2,
13.73 1,
13.73 1,
13.70 1,
13.71 1,
13.72 0,
13.67 1,
13.65 1,
13.63 2,
13.66 1,
13.62 1,
13.72 1,
13.75 1,
13.76 1,
13.77 1,
13.78 0,
13.79 1,
13.63 1,
13.68 1,
13.74 1,
13.75 1,
13.77 2,
13.61 2,
13.62 1,
13.65 0,
13.65 0,
13.68 0,
13.71 0,
13.75 0,
13.73 0,
13.73 1,
13.76 1,
13.73 0,
13.71 0,
13.69 1,
13.69 0,
13.73 1,
13.70 0,
13.71 1,
13.70 1,
13.69 0,
13.69 0,
13.74 0,
13.68 0,
13.67 0,
13.72 0,
13.69 0,
13.69 0,
13.72 0,
13.70 0,
13.66 0,
13.69 0,
13.74 0,
13.72 0,
13.68 0,
13.68 0,
13.64 0,
13.65 0,
13.71 1,
13.70 0,
13.66 0,
13.70 0,
13.76 0,
13.77 0,
13.77 0,
13.67 1,
13.72 0,
13.70 1,
13.66 1,
13.64 1,
13.64 2,
13.67 2,
13.66 2,
13.69 2,
13.77 2,
13.74 2,
13.77 1,
13.82 1,
13.71 1,
13.73 1,
13.67 1,
13.81 1,
13.99 1,
14.06 1,
13.77 2,
13.55 1,
13.69 1,
13.71 1,
13.65 2,
13.75 2,
13.78 2,
13.78 1,
13.73 0,
13.64 1,
13.73 1,
13.72 1,
13.79 1,
13.73 1,
13.74 1,
13.74 1,
13.71 1,
13.70 1,
13.73 1,
13.69 1,
13.66 1,
13.67 0,
13.69 0,
13.73 0,
13.71 1,
13.74 0,
13.77 0,
13.79 0,
13.82 0,
13.64 1,
13.64 1,
13.69 2,
13.75 1,
13.75 1,
13.70 1,
13.63 1,
13.61 1,
13.67 0,
13.69 0,
13.72 0,
13.72 0,
13.73 0,
13.70 0,
13.72 0,
13.70 0,
13.71 0,
13.67 0,
13.69 0,
13.75 0,
13.69 0,
13.71 0,
13.70 0,
13.72 0,
13.71 0,
13.68 0,
13.72 0,
13.70 0,
13.72 0,
13.69 0,
13.70 0,
13.68 0,
13.65 0,
13.67 0,
13.66 0,
13.70 0,
13.65 0,
13.67 1,
13.68 0,
13.72 1,
13.72 1,
13.75 1,
13.77 0,
13.76 0,
13.76 0,
13.71 0,
13.71 0,
13.72 1,
13.74 1,
13.73 0,
13.75 0,
13.70 0,
13.72 0,
13.71 0,
13.71 0,
13.70 0,
13.66 0,
13.67 0,
13.70 1,
13.76 1,
13.78 1,
13.82 2,
13.75 2,
13.71 2,
13.66 2,
13.66 2,
13.80 2,
13.92 2,
14.01 4,
13.63 6,
13.54 5,
13.63 3,
13.67 4,
13.64 4,
13.74 5,
13.83 5,
13.80 5,
13.68 5,
13.67 5,
13.62 5,
13.69 4,
13.71 3,
13.74 2,
13.87 3,
13.84 5,
13.90 5,
13.86 5,
13.77 5,
13.67 5,
13.70 5,
13.72 5,
13.86 5,
13.82 5,
13.88 6,
13.89 7,
13.96 7,
13.99 8,
13.93 8,
13.86 9,
13.80 9,
13.77 9,
13.86 10,
13.71 10,
13.67 9,
13.62 8,
13.70 6,
13.84 4,
13.88 3,
13.90 3,
13.80 2,
13.76 2,
13.75 2,
13.76 3,
13.63 3,
13.64 4,
13.64 5,
13.62 4,
13.65 5,
13.68 5,
13.65 5,
13.59 5,
13.60 5,
13.60 6,
13.59 6,
13.69 5,
13.58 5,
13.67 5,
13.68 5,
13.44 5,
13.51 4,
13.61 3,
13.64 4,
13.59 4,
13.56 4,
13.62 4,
13.59 4,
13.55 4,
13.53 5,
13.47 4,
13.51 4,
13.49 4,
13.52 4,
13.49 4,
13.47 4,
13.50 4,
13.53 4,
13.46 5,
13.49 5,
13.57 5,
13.59 5,
13.54 5,
13.53 5,
13.46 5,
13.45 5,
13.48 4,
13.56 3,
13.79 4,
13.80 5,
13.38 7,
13.31 5,
13.43 3,
13.49 2,
13.45 2,
13.50 2,
13.61 1,
13.67 2,
13.62 3,
13.57 3,
13.57 2,
13.66 3,
13.61 3,
13.64 3,
13.58 3,
13.56 2,
13.55 2,
13.61 1,
13.60 1,
13.53 1,
13.50 1,
13.54 1,
13.48 1,
13.47 1,
13.54 0,
13.51 0,
13.60 0,
13.63 0,
13.70 0,
13.54 1,
13.61 0,
13.65 0,
13.70 0,
13.73 1,
13.63 1,
13.59 0,
13.55 0,
13.57 1,
13.59 1,
13.59 1,
13.58 0,
13.63 0,
13.65 1,
13.60 1,
13.58 1,
13.61 1,
13.62 0,
13.62 0,
13.63 0,
13.57 0,
13.60 0,
13.58 0,
13.58 0,
13.58 0,
13.57 0,
13.60 0,
13.62 0,
13.61 0,
13.61 0,
13.58 0,
13.61 1,
13.59 1,
13.60 1,
13.59 1,
13.56 1,
13.59 1,
13.57 2,
13.54 2,
13.58 2,
13.53 2,
13.60 2,
13.62 2,
13.60 2,
13.62 2,
13.63 1,
13.62 1,
13.60 1,
13.60 0,
13.57 0,
13.55 0,
13.62 0,
13.83 0,
13.88 1,
13.73 3,
13.32 2,
13.53 0,
13.60 1,
13.56 1,
13.55 1,
13.70 2,
13.72 1,
13.66 1,
13.58 0,
13.49 1,
13.55 1,
13.61 1,
13.66 1,
13.57 1,
13.58 1,
13.56 1,
13.54 2,
13.57 1,
13.59 1,
13.56 1,
13.58 1,
13.59 1,
13.57 1,
13.57 1,
13.57 1,
13.60 1,
13.65 1,
13.74 1,
13.70 0,
13.53 0,
13.51 1,
13.62 1,
13.70 1,
13.70 0,
13.59 1,
13.50 1,
13.56 0,
13.64 0,
13.57 0,
13.58 0,
13.57 0,
13.56 0,
13.58 0,
13.58 1,
13.62 1,
13.57 0,
13.59 0,
13.57 0,
13.58 0,
13.58 1,
13.58 0,
13.61 0,
13.58 0,
13.63 0,
13.60 0,
13.58 0,
13.62 0,
13.63 0,
13.61 0,
13.59 0,
13.54 0,
13.56 0,
13.60 0,
13.62 0,
13.57 0,
13.58 0,
13.57 0,
13.63 0,
13.63 0,
13.62 0,
13.58 0,
13.59 0,
13.59 0,
13.63 0,
13.57 0,
13.54 0,
13.56 0,
13.52 0,
13.58 0,
13.56 0,
13.57 0,
13.59 0,
13.59 0,
13.62 0,
13.64 0,
13.59 0,
13.57 0,
13.59 0,
13.56 0,
13.58 0,
13.59 0,
13.58 0,
13.59 0,
13.57 0,
13.68 1,
13.75 0,
13.72 1,
13.58 2,
13.47 1,
13.57 0,
13.63 0,
13.54 1,
13.54 2,
13.66 1,
13.68 2,
13.63 1,
13.54 1,
13.56 0,
13.59 0,
13.57 0,
13.62 0,
13.55 1,
13.60 1,
13.59 0,
13.58 0,
13.61 0,
13.53 0,
13.53 0,
13.56 0,
13.56 0,
13.55 1,
13.54 1,
13.58 0,
13.59 1,
13.66 1,
13.57 1,
13.62 1,
13.59 2,
13.62 3,
13.67 3,
13.69 5,
13.69 7,
13.74 9,
13.73 12,
13.76 14,
13.77 16,
13.74 17,
13.66 19,
13.52 18,
13.40 16,
13.42 13,
13.48 11,
13.45 10,
13.39 10,
13.31 8,
13.19 6,
13.16 5,
13.23 3,
13.33 1,
13.38 1,
13.42 3,
13.44 4,
13.40 6,
13.34 9,
13.38 11,
13.35 13,
13.33 13,
13.47 13,
13.56 12,
13.54 10,
13.59 8,
13.53 6,
13.63 5,
13.66 4,
13.67 3,
13.61 2,
13.57 2,
13.59 1,
13.50 1,
13.51 2,
13.56 2,
13.55 1,
13.59 1,
13.57 1,
13.53 1,
13.52 1,
13.51 0,
13.54 0,
13.51 1,
13.53 0,
13.54 0,
13.54 1,
13.53 0,
13.56 0,
13.54 0,
13.49 0,
13.50 0,
13.51 0,
13.50 0,
13.44 0,
13.45 1,
13.47 1,
13.62 2,
13.63 1,
13.52 0,
13.41 0,
13.48 0,
13.52 1,
13.55 1,
13.51 2,
13.56 2,
13.68 1,
13.73 1,
13.61 1,
13.48 1,
13.42 1,
13.47 2,
13.51 4,
13.43 5,
13.22 7,
13.14 8,
13.16 9,
13.03 8,
13.11 7,
13.26 9,
13.44 13,
13.52 17,
13.62 22,
10.74 29,
11.83 62,
16.17 96,
14.05 95,
12.18 115,
10.05 122,
8.94 104,
8.31 73,
7.76 33,
7.74 35,
7.49 94,
5.38 128,
2.35 157,
1.59 168,
2.91 197,
6.37 248,
6.30 272,
10.71 283,
10.82 237,
11.57 235,
12.23 251,
15.38 252,
18.05 243,
22.16 231,
24.70 228,
25.87 226,
25.55 219,
25.95 204,
25.26 205,
26.06 204,
27.78 190,
28.18 210,
26.39 230,
29.53 155,
27.72 69,
27.67 47,
30.83 35,
30.29 73,
26.80 112,
32.11 116,
35.37 78,
36.30 47,
34.71 72,
28.40 109,
30.68 126,
31.52 111,
26.11 77,
20.67 66,
21.12 55,
19.70 65,
19.14 83,
22.40 115,
22.03 94,
17.74 56,
13.41 56,
13.25 44,
12.45 37,
11.64 57,
11.79 89,
10.68 117,
9.61 137,
8.51 149,
6.46 161,
5.78 177,
6.09 183,
4.75 187,
4.29 198,
4.65 199,
4.11 192,
3.26 179,
4.12 171,
5.16 172,
5.47 169,
6.07 159,
5.83 144,
5.65 141,
6.80 136,
6.73 130,
7.29 130,
7.59 131,
8.99 134,
8.25 137,
8.09 138,
8.43 137,
9.27 134,
9.50 131,
9.99 126,
10.54 122,
11.14 116,
11.29 108,
11.42 97,
12.81 88,
13.00 78,
13.22 74,
13.30 71,
12.87 68,
12.20 67,
11.82 63,
11.42 61,
10.51 59,
10.25 58,
10.12 56,
10.23 56,
10.26 53,
10.29 46,
10.42 40,
10.83 36,
10.94 34,
11.05 32,
11.11 32,
10.93 30,
10.85 29,
10.73 27,
10.67 24,
10.51 21,
10.50 17,
10.49 15,
10.40 13,
10.52 11,
10.60 11,
10.72 11,
10.86 11,
10.82 10,
10.81 9,
10.84 9,
10.88 9,
10.88 10,
10.88 11,
10.86 11,
10.78 10,
10.75 9,
10.71 8,
10.72 7,
10.71 7,
10.71 7,
10.69 7,
10.61 7,
10.64 7,
10.67 6,
10.72 5,
10.71 3,
10.78 2,
10.65 3,
10.66 4,
10.66 6,
10.75 6,
10.88 6,
11.12 7,
11.21 7,
11.04 4,
10.60 3,
10.57 7,
10.86 9,
10.95 9,
11.01 9,
11.22 10,
11.16 8,
11.01 7,
10.77 7,
10.75 7,
10.85 6,
10.87 4,
10.88 2,
10.82 1,
10.78 2,
10.88 3,
11.00 4,
11.00 5,
10.95 5,
10.91 5,
10.87 5,
10.92 4,
10.89 4,
10.98 3,
10.99 3,
10.95 4,
10.93 3,
10.98 3,
11.13 3,
10.97 3,
10.72 2,
10.91 3,
10.93 3,
11.00 4,
10.82 6,
10.73 5,
10.72 5,
10.74 5,
10.73 6,
10.73 6,
10.75 6,
10.79 5,
10.75 5,
10.71 5,
10.71 5,
10.77 5,
10.79 6,
10.75 5,
10.77 5,
10.76 5,
10.77 5,
10.80 5,
10.76 5,
10.82 5,
10.83 5,
10.83 5,
10.83 5,
10.80 5,
10.78 5,
10.81 5,
10.79 5,
10.78 5,
10.80 4,
10.80 4,
10.87 3,
10.86 4,
10.83 4,
10.77 4,
10.84 4,
10.75 3,
10.88 3,
10.80 2,
10.76 2,
10.80 3,
10.85 3,
10.84 2,
10.83 2,
10.76 1,
10.80 1,
10.93 1,
11.09 2,
11.07 2,
10.84 2,
10.52 2,
10.76 3,
10.84 2,
10.72 2,
10.85 2,
10.92 2,
10.84 1,
10.77 0,
10.74 1,
10.78 1,
10.78 1,
10.73 2,
10.76 2,
10.78 2,
10.78 1,
10.75 1,
10.77 0,
10.77 1,
10.64 1,
10.62 1,
10.60 1,
10.63 2,
10.66 2,
10.76 3,
10.73 2,
10.72 2,
10.70 1,
10.73 1,
10.86 1,
10.52 2,
10.62 1,
10.75 1,
10.87 3,
10.62 5,
10.52 4,
10.52 2,
10.61 3,
10.67 3,
10.63 3,
10.52 3,
10.64 2,
10.67 2,
10.73 3,
10.77 4,
10.85 6,
10.88 7,
10.95 8,
10.95 9,
10.84 10,
10.82 11,
10.87 12,
10.90 12,
10.96 12,
11.05 13,
11.04 13,
11.18 13,
11.13 14,
11.09 17,
11.04 20,
11.09 24,
11.10 28,
10.92 32,
11.19 35,
11.77 38,
12.02 46,
12.31 52,
12.91 59,
13.11 66,
13.25 72,
13.23 76,
13.33 78,
13.27 79,
13.17 80,
12.99 81,
13.02 82,
13.03 82,
12.91 83,
12.92 84,
12.73 84,
12.62 82,
12.37 80,
11.77 78,
11.91 80,
12.05 81,
11.96 79,
12.22 80,
12.23 81,
12.20 82,
12.08 83,
11.92 84,
11.99 84,
12.02 85,
12.07 88,
12.02 92,
13.09 95,
12.26 85,
14.87 100,
14.67 113,
13.33 106,
12.86 98,
11.49 95,
10.91 93,
10.83 93,
11.18 95,
11.83 97,
11.88 94,
11.59 98,
10.73 98,
10.98 95,
11.27 89,
11.51 91,
10.89 90,
10.57 84,
10.45 74,
10.40 66,
10.34 66,
10.56 70,
10.80 74,
10.54 76,
10.24 79,
10.05 83,
10.08 86,
10.42 85,
10.84 84,
11.16 84,
10.87 84,
10.96 83,
10.86 84,
10.63 86,
10.69 87,
10.97 88,
10.69 89,
10.60 90,
10.41 91,
10.09 92,
10.36 92,
10.44 93,
10.59 93,
10.57 93,
10.41 93,
10.32 92,
10.66 92,
10.69 93,
10.65 94,
10.37 95,
10.26 95,
10.39 95,
10.20 94,
10.33 92,
10.22 90,
10.05 89,
9.91 88,
9.83 89,
9.89 89,
10.08 89,
10.13 88,
10.41 84,
10.82 78,
11.03 77,
10.83 79,
10.84 77,
10.63 77,
10.36 78,
10.67 77,
10.05 78,
10.08 82,
10.58 80,
11.04 78,
11.02 80,
11.24 87,
11.56 94,
11.47 103,
12.25 112,
13.80 111,
17.60 122,
17.55 138,
15.27 131,
15.54 118,
17.02 119,
15.35 102,
14.17 96,
13.15 108,
11.28 120,
10.36 131,
9.88 141,
10.18 155,
11.61 163,
12.16 168,
13.22 166,
13.93 155,
14.11 146,
14.30 140,
14.41 138,
14.48 137,
14.09 139,
13.68 141,
13.00 146,
12.72 152,
12.51 154,
12.24 150,
11.84 146,
11.74 144,
11.58 139,
11.33 132,
11.28 126,
11.41 121,
11.71 117,
11.94 112,
12.49 105,
12.67 98,
12.74 93,
12.66 90,
12.52 88,
12.25 86,
12.14 82,
12.03 80,
12.04 77,
11.94 76,
11.99 74,
11.99 73,
12.24 70,
12.49 68,
12.97 70,
13.20 72,
13.35 75,
13.41 77,
14.08 78,
14.59 76,
15.16 75,
15.60 76,
15.92 78,
15.86 80,
15.93 81,
16.35 82,
17.19 87,
16.63 101,
18.29 115,
16.13 114,
15.08 111,
14.75 109,
14.67 102,
12.89 95,
11.80 88,
10.98 77,
11.06 75,
11.59 71,
11.86 72,
12.25 75,
12.36 77,
12.02 80,
12.13 83,
13.36 87,
15.83 90,
16.51 94,
16.46 99,
15.98 105,
14.74 114,
13.90 123,
13.03 130,
12.21 136,
11.12 140,
10.64 143,
10.54 144,
11.00 144,
10.82 144,
10.70 146,
10.74 152,
10.32 155,
10.04 160,
9.88 164,
9.78 165,
9.47 163,
9.55 163,
9.76 163,
9.95 161,
10.15 158,
10.44 156,
10.87 153,
11.52 151,
11.73 148,
11.84 144,
11.87 140,
12.01 134,
12.27 128,
12.35 120,
12.18 112,
12.28 103,
12.26 96,
12.20 91,
12.62 88,
12.76 88,
12.81 89,
13.16 88,
13.52 91,
13.61 97,
13.76 103,
13.95 112,
14.26 123,
15.97 135,
19.85 160,
22.55 201,
22.98 221,
19.31 225,
17.18 198,
19.99 185,
20.30 195,
18.95 194,
17.63 197,
16.82 202,
16.54 198,
17.24 190,
17.50 182,
16.08 174,
14.63 170,
12.85 170,
12.17 174,
11.78 188,
11.48 199,
11.44 200,
11.12 193,
10.97 182,
10.93 168,
10.57 158,
8.92 149,
8.50 142,
8.17 140,
7.72 137,
7.76 134,
8.02 129,
8.32 126,
8.88 122,
9.02 120,
9.15 119,
9.38 116,
10.79 115,
11.69 113,
12.52 108,
13.20 98,
14.06 88,
14.61 75,
15.51 76,
16.42 76,
17.06 74,
17.43 70,
17.48 66,
17.47 64,
16.92 66,
17.40 75,
17.78 77,
16.27 78,
16.03 81,
15.45 82,
14.35 81,
14.33 88,
13.68 95,
12.70 96,
14.38 92,
14.68 84,
14.63 69,
14.73 49,
14.79 47,
14.21 56,
13.69 58,
13.34 59,
12.73 61,
12.52 63,
12.62 62,
12.45 61,
12.02 62,
11.41 63,
11.11 62,
10.69 63,
10.37 64,
10.02 65,
9.60 66,
9.14 68,
8.93 72,
8.11 74,
7.56 79,
7.82 89,
8.06 95,
8.14 99,
8.59 102,
8.55 104,
8.34 107,
8.30 111,
8.24 113,
8.23 113,
8.61 110,
8.95 109,
9.43 108,
9.73 106,
10.07 103,
10.38 100,
10.64 96,
11.28 93,
11.97 90,
12.63 87,
12.65 83,
12.54 79,
12.23 76,
11.85 79,
11.84 81,
12.01 81,
12.33 83,
13.36 85,
14.10 86,
14.74 92,
15.50 100,
15.39 110,
15.12 121,
14.59 129,
13.95 131,
13.77 133,
13.98 138,
14.94 146,
15.92 162,
12.71 166,
11.50 148,
9.30 131,
8.90 110,
9.37 85,
10.15 77,
12.95 89,
14.35 100,
15.02 110,
15.08 116,
14.31 120,
13.55 122,
13.04 121,
13.83 116,
15.98 110,
16.47 104,
16.57 99,
15.04 93,
13.44 86,
11.92 79,
10.67 74,
10.26 69,
10.72 64,
10.92 60,
10.67 60,
9.95 62,
9.36 63,
8.68 63,
8.23 63,
7.76 57,
7.30 52,
7.42 51,
7.41 46,
7.24 39,
7.36 36,
7.73 33,
8.32 29,
8.66 28,
8.99 27,
9.16 27,
9.27 27,
9.52 27,
9.85 29,
10.92 30,
11.49 29,
12.22 28,
12.97 28,
14.13 25,
14.55 27,
15.11 29,
15.43 30,
15.60 33,
15.50 35,
15.56 37,
15.75 40,
15.70 46,
15.71 55,
16.30 66,
17.88 75,
16.51 87,
14.78 105,
13.54 103,
12.32 88,
12.54 76,
12.09 68,
11.11 59,
9.80 52,
10.45 52,
11.22 54,
12.07 53,
12.28 50,
12.27 47,
12.02 51,
10.94 53,
11.42 51,
12.56 45,
13.41 36,
14.08 35,
13.95 34,
13.42 29,
11.74 28,
11.10 32,
10.22 35,
9.59 39,
9.17 42,
9.44 43,
9.52 41,
9.78 36,
9.72 34,
9.59 34,
9.48 34,
9.28 34,
8.93 37,
8.62 40,
9.15 43,
8.19 46,
9.02 50,
8.91 56,
8.61 60,
7.95 60,
8.18 60,
8.69 67,
9.22 72,
10.02 71,
10.42 69,
10.65 65,
10.70 66,
11.39 68,
11.76 67,
12.01 63,
12.07 58,
12.07 55,
12.25 55,
12.47 56,
13.15 56,
13.86 56,
14.68 58,
15.91 65,
18.76 76,
19.36 96,
18.24 112,
16.74 111,
17.14 109,
15.11 111,
12.96 106,
11.41 92,
10.87 79,
10.68 72,
11.03 81,
13.64 94,
15.13 103,
15.93 107,
16.04 109,
15.02 114,
14.80 122,
14.83 131,
14.95 137,
14.58 136,
13.89 131,
13.14 126,
12.00 123,
11.75 120,
11.31 118,
11.05 116,
11.01 113,
10.83 108,
10.60 108,
9.59 103,
9.22 98,
9.03 96,
9.22 93,
9.44 88,
9.46 81,
9.38 77,
9.44 74,
9.95 73,
10.37 73,
10.60 75,
10.77 75,
10.89 74,
11.15 72,
11.33 69,
11.30 65,
11.59 63,
11.79 60,
11.81 57,
12.15 56,
11.92 59,
11.41 61,
11.40 63,
12.01 62,
12.20 63,
12.31 62,
12.54 60,
12.73 59,
12.72 59,
13.29 60,
15.40 67,
18.02 83,
17.99 92,
16.06 91,
14.98 89,
14.31 86,
13.28 77,
11.01 66,
10.49 58,
9.66 54,
8.55 48,
8.20 42,
8.46 44,
8.82 41,
9.83 34,
10.34 29,
10.73 16,
11.17 16,
11.61 16,
12.01 15,
13.07 17,
14.03 22,
14.37 24,
13.19 25,
13.47 19,
12.69 43,
10.95 58,
9.82 52,
10.14 44,
10.47 48,
10.40 56,
10.31 63,
9.89 66,
8.82 66,
9.29 66,
9.48 65,
10.08 65,
10.15 67,
10.30 67,
10.41 68,
10.48 69,
10.53 71,
10.48 71,
10.58 72,
9.99 74,
10.26 72,
10.15 72,
9.93 72,
9.91 73,
9.95 75,
9.92 76,
9.89 77,
9.99 77,
10.04 78,
10.10 78,
10.41 77,
11.03 73,
10.74 68,
10.95 68,
11.63 71,
11.52 70,
11.18 69,
10.94 73,
11.14 77,
11.29 82,
11.95 90,
13.19 102,
16.03 116,
17.57 138,
19.66 160,
19.43 166,
13.75 151,
11.62 124,
12.24 103,
11.81 94,
10.55 91,
10.32 90,
10.35 99,
10.42 105,
10.12 107,
9.54 107,
8.83 108,
8.92 111,
8.80 116,
9.03 126,
10.15 136,
10.65 142,
11.02 146,
11.46 149,
12.36 151,
12.98 153,
13.45 155,
13.82 153,
14.26 152,
14.47 148,
14.56 142,
14.53 135,
13.80 128,
13.03 125,
12.40 124,
11.74 126,
11.36 125,
11.03 123,
10.69 123,
10.90 125,
11.17 125,
11.21 123,
11.16 119,
11.04 114,
11.13 111,
11.20 107,
11.14 102,
11.10 98,
10.94 93,
10.79 88,
10.73 84,
10.75 80,
10.72 76,
10.64 72,
10.73 67,
10.78 62,
10.89 55,
11.08 48,
11.07 39,
10.76 36,
10.84 37,
11.66 37,
11.92 34,
12.19 34,
12.36 34,
12.58 33,
12.80 32,
12.85 33,
13.04 35,
13.70 38,
14.10 41,
14.54 44,
14.89 49,
14.66 52,
14.38 52,
14.07 49,
13.35 45,
12.98 41,
12.30 36,
11.51 33,
9.79 34,
8.97 38,
8.18 43,
7.43 48,
7.05 52,
6.92 54,
6.97 54,
7.72 52,
8.05 52,
8.39 51,
8.69 49,
9.59 47,
10.30 44,
11.08 42,
12.04 38,
13.51 31,
14.30 22,
14.97 10,
15.29 12,
14.75 21,
14.00 31,
13.12 41,
12.09 50,
11.89 56,
11.61 59,
11.19 60,
11.22 60,
10.70 63,
9.72 64,
9.25 61,
9.20 55,
9.49 48,
9.76 44,
9.83 43,
9.79 41,
9.92 44,
9.93 47,
10.03 50,
10.14 51,
10.38 51,
10.51 54,
10.49 57,
10.33 57,
10.18 54,
10.27 50,
9.88 50,
10.00 54,
9.99 56,
9.52 57,
9.55 57,
9.72 54,
9.99 53,
10.67 52,
10.89 53,
10.98 54,
11.10 56,
11.17 58,
11.28 61,
11.37 61,
11.29 61,
11.46 59,
11.76 61,
12.21 66,
14.07 73,
15.22 84,
16.68 98,
17.11 108,
14.12 105,
12.41 89,
11.90 70,
12.11 57,
12.21 56,
12.14 57,
12.08 58,
11.37 59,
10.80 61,
10.34 65,
9.99 68,
9.95 72,
10.01 76,
9.20 84,
9.10 88,
9.42 91,
9.90 96,
10.37 101,
11.01 107,
11.50 115,
12.26 122,
12.90 127,
14.01 129,
14.50 130,
15.11 131,
14.97 129,
15.23 126,
15.30 121,
15.08 116,
13.59 112,
12.92 108,
12.26 106,
11.77 105,
11.32 104,
11.16 104,
11.39 104,
11.49 105,
11.13 107,
11.20 108,
11.38 107,
11.86 105,
11.77 101,
11.43 96,
11.37 95,
11.52 95,
11.63 92,
11.84 88,
11.90 81,
11.33 75,
11.02 70,
10.98 66,
10.90 61,
10.85 56,
10.92 52,
11.04 49,
11.18 47,
11.19 46,
11.17 45,
11.13 44,
11.24 43,
11.27 41,
11.32 38,
11.35 36,
11.28 33,
11.47 30,
11.90 25,
12.40 25,
12.76 27,
13.24 28,
13.62 29,
14.12 33,
14.80 36,
15.58 42,
16.16 48,
16.82 57,
16.42 69,
15.53 69,
14.56 58,
13.28 51,
12.10 43,
10.86 34,
9.03 26,
8.40 21,
7.78 31,
7.44 38,
7.09 41,
6.88 40,
6.98 36,
7.09 35,
8.01 39,
8.37 42,
8.80 44,
9.64 46,
10.12 46,
10.81 47,
11.42 49,
12.01 48,
12.09 47,
12.34 45,
12.55 43,
12.90 41,
13.08 40,
13.09 36,
13.16 33,
12.53 28,
11.95 25,
11.95 25,
11.51 25,
11.53 25,
11.30 24,
11.11 23,
10.32 21,
10.06 21,
9.92 22,
9.94 22,
9.90 22,
9.74 21,
9.69 23,
9.84 26,
9.86 31,
9.88 35,
9.88 38,
9.92 40,
9.92 42,
9.98 42,
10.05 40,
10.04 38,
10.17 36,
10.22 35,
10.16 34,
10.01 35,
9.81 38,
9.62 39,
9.67 39,
9.76 37,
10.05 36,
10.31 36,
10.68 37,
10.73 36,
10.73 35,
10.78 34,
10.80 34,
10.82 34,
10.97 37,
11.08 39,
11.10 41,
11.02 43,
11.08 45,
11.44 47,
11.62 50,
12.19 53,
13.06 58,
15.95 67,
18.33 79,
18.77 97,
12.71 107,
11.80 93,
12.79 70,
13.18 56,
11.10 50,
10.86 45,
10.90 40,
11.07 44,
10.66 50,
10.05 57,
9.85 63,
9.82 64,
9.58 61,
9.09 59,
8.83 63,
9.13 69,
9.55 73,
10.41 78,
11.00 82,
11.84 84,
12.26 86,
12.79 87,
13.28 85,
13.86 82,
13.93 80,
14.02 78,
14.07 74,
13.85 70,
13.46 66,
12.87 62,
11.72 59,
11.22 59,
10.92 61,
11.00 62,
11.33 64,
11.46 66,
11.42 67,
11.22 66,
10.99 64,
10.79 62,
10.63 59,
10.95 56,
11.04 53,
11.02 51,
11.10 50,
11.44 47,
11.64 44,
11.69 41,
11.59 37,
11.28 34,
11.14 31,
11.06 29,
11.03 26,
11.10 23,
11.07 20,
11.13 16,
11.21 13,
11.21 10,
11.15 8,
11.13 5,
11.27 5,
11.43 5,
11.60 4,
11.78 5,
11.93 10,
12.00 15,
12.14 20,
12.47 25,
12.62 30,
12.76 35,
12.99 39,
13.49 43,
13.89 46,
14.17 52,
14.96 61,
15.23 73,
14.46 84,
13.76 73,
13.60 57,
13.53 44,
12.92 38,
11.96 40,
10.72 43,
10.62 47,
10.40 51,
10.06 52,
9.10 53,
8.73 55,
8.52 57,
8.60 59,
8.74 59,
8.63 59,
8.45 59,
8.97 60,
9.32 61,
9.84 62,
10.27 62,
11.33 65,
12.06 71,
12.45 76,
12.58 81,
12.75 86,
12.77 89,
12.43 86,
12.31 83,
12.13 75,
11.96 73,
11.70 76,
11.54 77,
11.23 73,
10.83 72,
10.30 73,
9.91 76,
9.96 79,
10.03 79,
10.21 78,
10.15 75,
10.08 72,
10.06 69,
10.00 67,
9.99 63,
10.02 60,
10.02 56,
10.44 52,
10.57 48,
10.64 44,
10.69 40,
10.65 38,
10.67 36,
10.32 34,
10.07 31,
10.21 30,
10.15 31,
10.05 30,
10.08 30,
10.12 30,
10.48 38,
10.70 41,
11.37 41,
11.45 43,
11.37 43,
11.09 46,
10.93 52,
11.02 55,
11.28 57,
12.07 58,
12.09 61,
12.17 63,
12.21 62,
12.56 61,
13.50 60,
14.72 61,
15.53 62,
13.95 61,
11.43 56,
10.14 47,
9.99 39,
9.85 33,
9.91 27,
10.14 31,
11.29 32,
12.13 31,
12.71 38,
12.87 46,
12.73 54,
13.03 63,
13.51 74,
14.02 88,
13.84 103,
13.10 117,
12.66 125,
11.66 126,
11.02 123,
10.67 121,
10.44 121,
9.93 124,
9.56 129,
9.03 133,
8.85 137,
8.94 140,
9.16 144,
9.46 147,
10.18 152,
10.43 156,
10.67 161,
10.79 166,
11.14 172,
11.19 176,
11.17 181,
11.41 183,
12.02 186,
12.62 186,
13.13 188,
13.64 190,
13.83 192,
13.93 193,
13.83 194,
12.87 195,
12.40 192,
12.36 186,
12.27 181,
12.44 178,
12.23 176,
11.80 178,
11.75 179,
12.28 176,
12.51 173,
12.91 170,
13.85 168,
13.66 164,
12.51 161,
11.07 154,
9.98 143,
9.74 129,
9.52 127,
9.74 125,
10.01 120,
10.21 113,
10.47 105,
11.26 97,
11.66 94,
12.09 92,
12.30 91,
12.56 93,
12.44 95,
12.21 94,
11.69 89,
10.65 82,
10.43 77,
10.48 69,
10.43 64,
10.05 56,
10.61 48,
11.34 44,
11.22 42,
10.96 40,
10.87 42,
11.05 41,
11.14 40,
11.12 39,
11.17 40,
11.35 40,
11.73 40,
11.63 39,
11.49 38,
11.25 36,
11.48 36,
11.82 37,
12.29 39,
13.01 36,
12.74 39,
11.71 37,
10.86 34,
10.21 39,
9.77 50,
9.33 56,
9.09 58,
9.00 56,
8.91 52,
8.95 47,
9.99 42,
10.46 35,
10.57 28,
10.60 24,
10.91 23,
10.95 21,
10.97 18,
11.00 15,
11.20 13,
11.20 11,
11.06 11,
10.67 11,
10.49 10,
10.23 7,
10.06 5,
9.86 3,
9.79 2,
9.84 1,
9.89 1,
10.06 2,
10.16 2,
10.18 2,
10.20 2,
9.93 2,
10.04 2,
10.23 2,
10.41 3,
10.20 4,
10.15 4,
10.13 4,
10.08 6,
10.06 8,
10.08 10,
10.07 11,
10.12 12,
10.18 12,
10.24 12,
10.37 11,
10.28 10,
10.28 9,
10.21 9,
10.07 9,
10.02 9,
10.06 8,
10.04 7,
10.12 7,
10.22 6,
10.26 5,
10.28 4,
10.27 2,
10.30 1,
10.24 1,
10.13 1,
10.15 2,
10.16 2,
10.14 3,
10.18 3,
10.28 4,
10.27 6,
10.32 7,
10.08 7,
10.02 8,
10.14 8,
10.27 7,
10.41 5,
10.56 4,
10.59 4,
10.46 5,
10.41 5,
10.46 6,
10.52 6,
10.48 5,
10.42 5,
10.43 6,
10.37 7,
10.41 6,
10.43 6,
10.49 6,
10.40 6,
10.43 5,
10.48 6,
10.45 5,
10.45 5,
10.45 6,
10.67 6,
10.55 5,
10.58 6,
10.65 7,
10.67 6,
10.70 5,
10.67 6,
10.71 6,
10.66 7,
10.68 7,
10.68 7,
10.62 7,
10.66 6,
10.73 6,
10.67 5,
10.73 5,
10.89 5,
10.87 4,
10.92 4,
10.91 4,
11.09 5,
11.15 5,
11.10 6,
11.12 7,
11.13 11,
11.20 14,
11.27 17,
11.34 18,
11.35 19,
11.28 20,
11.23 21,
11.23 24,
11.17 25,
11.05 26,
11.02 26,
11.02 27,
10.93 29,
10.89 30,
10.87 33,
10.77 35,
10.63 38,
10.46 41,
9.71 47,
9.64 55,
9.91 63,
9.94 67,
9.76 68,
9.76 73,
9.46 80,
9.16 87,
8.55 92,
8.39 97,
8.31 100,
8.26 98,
8.37 95,
8.50 94,
8.67 98,
9.02 101,
9.10 105,
9.20 107,
8.97 107,
8.09 108,
6.82 115,
5.29 127,
3.84 133,
3.27 139,
2.47 143,
2.13 140,
1.19 130,
1.95 117,
1.96 73,
2.41 89,
6.02 101,
5.96 97,
7.10 79,
7.97 56,
12.62 22,
14.21 12,
14.41 26,
16.49 25,
18.37 35,
20.63 71,
24.64 86,
23.03 86,
21.37 73,
22.81 56,
23.73 74,
23.25 49,
22.24 49,
21.10 43,
20.04 48,
19.20 65,
18.04 87,
16.02 87,
14.23 80,
17.72 67,
22.26 91,
28.13 161,
51.56 161,
59.17 215,
55.52 170,
53.99 115,
46.35 163,
52.27 163,
36.25 154,
26.12 93,
18.05 116,
30.84 109,
25.65 109,
26.53 251,
29.23 308,
8.87 167,
1.88 66,
8.53 66,
22.37 143,
36.47 182,
34.57 163,
31.03 60,
34.65 60,
38.65 60,
24.63 159,
21.46 214,
14.06 87,
12.71 87,
10.53 95,
25.46 199,
24.51 235,
14.65 44,
12.48 44,
12.13 85,
11.57 102,
8.70 118,
11.03 107,
11.19 107,
11.23 103,
11.32 104,
12.00 88,
11.73 81,
10.98 81,
11.43 71,
11.58 58,
11.99 47,
12.51 32,
13.16 32,
13.17 33,
13.02 35,
12.28 38,
12.03 46,
11.69 46,
11.56 46,
11.23 38,
11.20 38,
11.12 27,
11.36 27,
11.35 21,
11.59 20,
11.77 20,
11.52 22,
11.69 22,
11.48 13,
11.33 13,
11.02 14,
11.02 14,
11.17 14,
11.37 6,
11.64 5,
11.64 5,
11.49 7,
11.26 7,
11.29 5,
11.28 4,
11.63 7,
11.77 11,
11.10 11,
11.11 11,
11.41 16,
11.53 16,
11.94 17,
11.99 17,
11.91 14,
11.82 12,
11.88 13,
12.05 13,
12.11 13,
12.08 11,
12.03 11,
11.99 12,
12.11 13,
12.05 13,
11.93 13,
11.77 12,
11.76 9,
11.66 9,
11.58 9,
11.46 10,
11.40 11,
11.46 12,
11.62 12,
11.84 12,
11.57 10,
11.54 7,
11.66 7,
11.79 7,
11.71 7,
11.58 7,
11.52 18,
11.98 24,
12.32 28,
12.57 28,
11.58 29,
11.17 35,
10.97 31,
10.78 25,
11.24 25,
11.52 18,
11.78 20,
12.01 24,
12.13 26,
12.17 26,
12.05 24,
12.11 25,
11.99 23,
11.90 19,
11.80 19,
11.70 15,
11.71 12,
11.75 10,
11.71 9,
11.72 9,
11.68 9,
11.73 8,
11.68 8,
11.56 7,
11.58 7,
11.56 7,
11.68 7,
11.80 7,
11.85 6,
11.85 6,
11.94 5,
12.25 6,
12.29 6,
11.85 2,
11.84 5,
12.05 5,
11.96 6,
12.17 6,
12.18 2,
12.02 2,
11.88 2,
11.82 4,
12.00 4,
12.01 6,
12.01 6,
12.02 6,
12.00 6,
11.99 6,
11.98 6,
11.83 6,
11.76 6,
11.73 6,
11.69 6,
11.67 7,
11.70 7,
11.66 7,
11.75 6,
11.76 5,
11.74 3,
11.86 3,
11.67 1,
11.76 3,
11.90 2,
12.04 2,
11.89 2,
11.73 3,
11.74 4,
11.69 3,
11.67 2,
11.72 2,
11.71 2,
11.73 3,
11.76 3,
11.76 2,
11.75 2,
11.73 2,
11.73 4,
11.74 4,
11.74 4,
11.73 4,
11.76 3,
11.72 2,
11.73 2,
11.81 2,
11.80 2,
11.81 2,
11.74 1,
11.71 2,
11.68 3,
11.66 4,
11.70 5,
11.70 6,
11.88 6,
11.73 6,
11.75 6,
11.78 5,
11.85 5,
11.89 4,
11.96 4,
12.00 4,
12.00 5,
11.95 6,
11.89 8,
11.91 8,
11.91 9,
11.88 8,
11.88 6,
11.86 6,
11.99 4,
12.02 5,
12.20 6,
11.89 7,
11.62 6,
11.84 4,
11.89 4,
11.91 3,
11.90 3,
12.01 1,
11.98 0,
11.86 1,
11.76 3,
11.74 5,
11.77 6,
11.89 5,
11.93 3,
11.97 3,
12.01 3,
11.94 3,
11.91 2,
11.92 2,
11.90 2,
11.82 2,
11.81 2,
11.89 2,
11.93 2,
12.00 2,
12.00 2,
11.97 2,
12.09 1,
12.06 1,
11.97 1,
11.99 1,
11.97 2,
11.95 2,
11.93 2,
11.89 3,
11.85 4,
11.93 4,
11.92 3,
12.01 3,
11.93 2,
12.01 2,
11.99 2,
11.98 2,
11.94 2,
11.93 2,
11.92 2,
11.86 2,
11.93 1,
11.90 1,
11.88 1,
11.88 1,
11.87 1,
11.95 2,
11.88 1,
11.91 1,
11.92 1,
11.92 1,
11.90 1,
11.88 0,
11.85 0,
11.87 0,
11.86 0,
11.91 0,
11.91 0,
11.85 0,
11.90 0,
11.86 0,
11.86 0,
11.87 0,
11.84 0,
11.87 0,
11.85 1,
11.89 1,
11.92 0,
11.91 0,
11.94 1,
11.93 1,
11.93 2,
11.96 1,
11.92 1,
11.87 1,
11.89 1,
11.87 1,
11.89 1,
11.89 1,
11.93 1,
12.00 2,
11.93 1,
11.90 1,
11.86 1,
11.82 1,
11.82 1,
11.87 1,
11.86 0,
11.93 0,
11.92 0,
11.94 0,
12.00 1,
11.95 1,
11.92 1,
11.88 2,
11.95 1,
11.93 1,
11.92 1,
11.89 0,
11.89 0,
12.07 1,
12.24 3,
12.12 4,
11.67 1,
11.99 2,
11.94 3,
12.05 3,
12.00 1,
12.00 2,
11.88 2,
11.89 3,
11.92 3,
11.91 2,
11.92 1,
11.88 2,
12.05 3,
12.00 2,
12.05 3,
11.98 2,
11.94 1,
11.92 1,
11.90 1,
11.92 1,
11.90 0,
11.97 0,
11.98 0,
12.06 1,
11.99 1,
12.06 1,
12.24 1,
12.08 1,
11.96 1,
12.01 1,
12.25 2,
12.10 4,
11.94 3,
11.97 1,
11.95 1,
11.90 1,
11.84 1,
11.87 0,
11.89 0,
11.87 1,
11.87 0,
11.90 0,
11.92 0,
11.92 0,
11.90 0,
11.91 1,
11.97 1,
11.93 1,
11.93 1,
11.99 1,
11.93 1,
11.90 1,
11.90 1,
11.90 1,
11.86 1,
11.86 1,
11.90 1,
11.85 0,
11.86 0,
11.85 1,
11.86 1,
11.87 1,
11.85 1,
11.87 1,
11.92 1,
11.90 0,
11.89 0,
11.93 1,
11.96 1,
11.91 1,
11.90 0,
11.91 0,
11.90 0,
11.91 0,
11.89 1,
11.86 1,
11.90 1,
11.93 1,
11.91 1,
11.87 0,
11.89 0,
11.93 0,
11.93 0,
11.92 0,
11.89 0,
11.87 0,
11.85 0,
11.90 0,
11.87 0,
11.90 0,
11.90 1,
11.94 1,
11.97 0,
11.94 0,
11.96 0,
11.90 1,
11.91 0,
11.87 0,
11.91 0,
11.89 0,
11.94 1,
12.00 1,
12.20 1,
12.19 2,
11.76 2,
11.80 1,
12.08 1,
12.11 1,
12.13 3,
12.10 3,
12.12 4,
11.95 3,
11.89 2,
11.88 3,
11.98 3,
11.84 4,
11.93 4,
11.98 5,
12.02 5,
12.05 5,
12.02 3,
11.94 2,
11.92 2,
11.92 2,
11.92 2,
11.94 2,
11.93 2,
11.98 2,
12.01 1,
12.10 1,
12.04 1,
12.10 1,
12.10 1,
11.99 1,
12.05 1,
12.05 2,
11.97 2,
12.05 1,
12.07 1,
12.04 1,
12.04 0,
12.04 1,
12.06 0,
12.03 0,
12.14 0,
12.06 0,
12.00 1,
11.97 1,
12.04 1,
12.05 1,
12.06 0,
12.06 1,
12.02 1,
12.07 1,
12.10 1,
12.05 1,
12.11 1,
12.09 2,
11.97 2,
11.98 2,
11.95 1,
12.02 0,
11.98 0,
12.00 0,
12.01 0,
12.00 1,
12.02 1,
12.06 0,
12.08 1,
12.06 0,
12.08 1,
12.03 1,
12.00 1,
12.00 2,
12.01 2,
12.00 2,
12.00 2,
12.02 1,
11.99 1,
12.01 2,
11.92 1,
11.95 1,
12.04 1,
12.02 0,
12.00 0,
11.98 0,
11.99 0,
12.02 1,
12.07 1,
12.09 1,
12.06 1,
12.02 1,
12.02 1,
12.04 0,
12.06 1,
12.05 1,
12.06 1,
12.04 1,
12.07 0,
12.03 0,
11.97 0,
12.00 0,
12.00 0,
12.03 0,
12.08 1,
12.14 1,
12.09 1,
12.20 0,
11.98 3,
11.72 3,
11.89 1,
12.12 1,
12.07 2,
12.03 2,
12.11 2,
11.98 2,
11.95 0,
11.97 1,
12.01 2,
12.01 2,
11.95 1,
11.97 1,
12.08 1,
12.09 1,
12.08 1,
12.00 1,
11.96 1,
11.97 1,
12.01 2,
12.01 2,
12.05 2,
12.00 1,
12.05 1,
12.07 1,
12.06 1,
12.07 1,
12.09 2,
11.93 2,
12.03 1,
12.13 2,
12.09 2,
12.04 2,
12.10 2,
12.07 0,
12.06 0,
11.99 0,
12.00 0,
12.02 0,
12.01 0,
12.06 0,
12.02 0,
12.02 1,
12.03 1,
12.01 1,
12.00 1,
12.01 2,
11.96 1,
11.94 1,
11.90 1,
11.95 1,
11.94 1,
11.97 2,
11.94 1,
12.02 2,
11.96 1,
11.94 1,
11.97 1,
12.01 1,
11.99 0,
11.98 1,
11.98 1,
12.03 0,
12.02 0,
12.02 0,
11.97 0,
11.97 0,
11.95 0,
11.98 1,
11.96 0,
11.96 0,
11.94 0,
11.97 0,
12.02 0,
11.99 0,
11.97 1,
11.99 0,
11.99 0,
11.95 1,
11.96 1,
11.95 1,
11.94 1,
11.93 1,
11.96 1,
11.97 1,
11.90 1,
11.98 1,
12.02 1,
12.14 0,
12.13 0,
12.12 0,
12.06 1,
12.05 1,
12.04 1,
12.02 1,
12.00 2,
11.98 2,
12.01 2,
11.96 2,
12.36 3,
12.32 3,
11.71 3,
11.74 2,
12.14 3,
11.99 3,
12.13 4,
12.13 4,
11.96 3,
11.91 4,
11.96 4,
12.08 4,
12.13 4,
12.07 3,
12.12 4,
12.23 3,
ex,