14.35 0,
14.32 0,
14.36 0,
14.32 0,
14.39 0,
14.40 0,
14.41 0,
14.41 0,
14.37 0,
14.49 1,
14.50 1,
14.30 3,
14.27 2,
14.33 0,
14.37 1,
14.33 1,
14.30 1,
14.27 0,
14.26 0,
14.35 0,
14.38 0,
14.41 1,
14.38 1,
14.29 1,
14.32 0,
14.35 0,
14.32 0,
14.33 1,
14.31 0,
14.34 1,
14.41 1,
14.38 1,
14.46 1,
14.33 1,
14.45 3,
14.30 3,
14.24 3,
14.27 0,
14.18 0,
14.21 0,
14.27 1,
14.73 1,
14.68 6,
14.36 6,
13.99 3,
14.44 1,
14.37 1,
14.29 2,
14.35 2,
14.36 1,
14.26 1,
14.32 3,
14.18 4,
14.30 2,
14.43 2,
14.40 2,
14.38 2,
14.34 2,
14.31 1,
14.36 2,
14.34 1,
14.25 1,
14.34 2,
14.19 4,
14.05 4,
14.16 2,
14.30 1,
14.28 0,
14.33 1,
14.43 2,
14.43 2,
14.38 3,
14.22 4,
14.18 3,
14.37 3,
14.26 3,
14.13 3,
14.13 0,
14.24 1,
14.14 2,
14.11 1,
14.21 0,
14.23 0,
14.29 0,
14.27 0,
14.29 0,
14.25 0,
14.23 0,
14.26 0,
14.27 0,
14.29 0,
14.32 0,
14.32 1,
14.32 0,
14.31 0,
14.36 0,
14.31 0,
14.27 0,
14.27 0,
14.25 0,
14.25 0,
14.27 0,
14.26 0,
14.26 1,
14.31 1,
14.27 1,
14.25 1,
14.30 1,
14.26 1,
14.33 1,
14.33 0,
14.36 1,
14.29 0,
14.28 0,
14.31 0,
14.29 1,
14.32 1,
14.26 1,
14.25 0,
14.20 1,
14.33 1,
14.60 1,
14.68 5,
13.92 4,
14.22 1,
14.45 1,
14.24 2,
14.44 2,
14.42 1,
14.39 1,
14.27 1,
14.24 1,
14.31 1,
14.38 1,
14.40 0,
14.36 0,
14.20 1,
14.07 5,
14.43 3,
14.30 2,
14.27 2,
14.27 2,
14.21 2,
14.22 2,
14.21 2,
14.23 2,
14.24 1,
14.26 2,
14.22 2,
14.16 3,
14.08 3,
14.06 3,
14.30 2,
14.37 1,
14.41 2,
14.53 2,
14.35 2,
14.30 3,
14.23 2,
14.14 1,
14.17 1,
14.20 1,
14.24 0,
14.10 2,
14.30 4,
14.43 4,
14.24 3,
14.11 2,
14.24 3,
14.31 3,
14.30 3,
14.31 2,
14.32 1,
14.28 1,
14.36 1,
14.35 0,
14.27 0,
14.28 0,
14.18 0,
14.20 0,
14.22 0,
14.19 0,
14.16 0,
14.20 1,
14.20 1,
14.11 1,
14.25 2,
14.28 2,
14.29 2,
14.23 2,
14.36 2,
14.38 2,
14.36 2,
14.33 2,
14.36 2,
14.36 2,
14.32 1,
14.26 1,
14.26 1,
14.28 1,
14.26 1,
14.20 1,
14.20 1,
14.25 3,
14.44 3,
14.67 2,
14.43 3,
14.10 2,
14.47 0,
14.43 0,
14.36 1,
14.32 2,
14.36 2,
14.26 1,
14.18 1,
14.20 1,
14.32 1,
14.39 1,
14.41 1,
14.40 2,
14.40 2,
14.39 2,
14.30 2,
14.31 1,
14.30 1,
14.32 1,
14.31 1,
14.33 1,
14.29 1,
14.37 1,
14.37 1,
14.38 1,
14.32 1,
14.32 1,
14.20 1,
14.22 1,
14.30 1,
14.46 0,
14.34 1,
14.31 1,
14.35 1,
14.36 1,
14.35 0,
14.32 0,
14.32 1,
14.36 0,
14.34 0,
14.40 0,
14.28 0,
14.32 1,
14.32 1,
14.35 0,
14.33 0,
14.35 0,
14.38 0,
14.41 0,
14.35 1,
14.36 0,
14.31 0,
14.36 0,
14.35 0,
14.32 0,
14.39 0,
14.38 0,
14.37 0,
14.36 0,
14.32 0,
14.32 0,
14.29 0,
14.32 0,
14.32 0,
14.34 1,
14.38 0,
14.35 0,
14.34 0,
14.34 0,
14.37 0,
14.38 0,
14.37 0,
14.40 1,
14.38 1,
14.40 0,
14.31 1,
14.30 0,
14.27 1,
14.28 0,
14.32 0,
14.57 1,
14.60 1,
14.38 3,
14.31 4,
14.47 2,
14.47 1,
14.36 0,
14.36 1,
14.36 1,
14.33 1,
14.23 0,
14.25 1,
14.33 1,
14.39 2,
14.37 2,
14.36 1,
14.34 1,
14.37 1,
14.35 1,
14.33 1,
14.33 0,
14.28 1,
14.32 1,
14.32 1,
14.35 1,
14.33 1,
14.31 1,
14.33 1,
14.36 0,
14.31 1,
14.20 1,
14.18 1,
14.29 0,
14.43 1,
14.41 3,
14.32 3,
14.26 3,
14.33 2,
14.33 1,
14.28 1,
14.32 1,
14.28 1,
14.33 1,
14.31 0,
14.37 1,
14.30 1,
14.29 0,
14.39 0,
14.40 0,
14.40 1,
14.34 1,
14.37 0,
14.38 1,
14.38 1,
14.30 1,
14.25 1,
14.28 1,
14.34 1,
14.37 1,
14.35 2,
14.33 2,
14.29 2,
14.29 1,
14.30 1,
14.28 1,
14.23 1,
14.24 0,
14.31 0,
14.29 0,
14.30 1,
14.31 0,
14.31 1,
14.33 1,
14.36 1,
14.32 1,
14.34 1,
14.33 1,
14.24 3,
14.21 3,
14.19 2,
14.24 1,
14.27 1,
14.21 1,
14.26 1,
14.26 1,
14.62 0,
14.68 4,
14.54 7,
13.93 6,
14.39 2,
14.30 1,
14.14 1,
14.41 1,
14.32 0,
14.24 0,
14.17 1,
14.26 1,
14.32 1,
14.41 1,
14.36 1,
14.30 1,
14.27 1,
14.18 0,
14.31 0,
14.28 0,
14.19 0,
14.16 1,
14.44 1,
14.19 3,
14.08 2,
14.27 0,
14.26 0,
14.30 0,
14.32 0,
14.16 1,
14.14 1,
14.22 0,
14.29 0,
14.34 0,
14.35 1,
14.22 1,
14.15 0,
14.17 1,
14.14 1,
14.13 1,
14.27 1,
14.27 1,
14.31 1,
14.30 1,
14.31 1,
14.25 1,
14.28 1,
14.27 1,
14.29 1,
14.35 1,
14.32 1,
14.24 1,
14.31 2,
14.24 2,
14.23 2,
14.30 1,
14.31 1,
14.28 1,
14.31 1,
14.28 1,
14.30 1,
14.28 1,
14.33 1,
14.27 1,
14.21 1,
14.25 0,
14.30 1,
14.30 1,
14.30 0,
14.26 1,
14.36 4,
14.45 4,
14.39 2,
14.33 1,
14.35 0,
14.31 0,
14.30 0,
14.14 0,
14.27 2,
14.47 2,
14.43 1,
14.31 0,
14.28 0,
14.24 0,
14.25 1,
14.38 1,
14.60 0,
14.60 3,
14.16 3,
14.35 1,
14.45 0,
14.26 1,
14.32 2,
14.26 2,
14.27 3,
14.38 2,
14.22 0,
14.19 0,
14.22 2,
14.40 3,
14.38 3,
14.35 3,
14.29 3,
14.35 2,
14.24 1,
14.28 1,
14.30 0,
14.40 0,
14.35 0,
14.35 0,
14.38 1,
14.32 1,
14.35 1,
14.31 1,
14.36 1,
14.26 1,
14.21 1,
14.24 0,
14.44 0,
14.48 1,
14.33 1,
14.24 1,
14.30 0,
14.28 0,
14.31 0,
14.28 0,
14.24 0,
14.40 2,
14.45 1,
14.35 0,
14.33 0,
14.27 0,
14.32 0,
14.36 0,
14.38 1,
14.37 1,
14.34 1,
14.34 1,
14.32 0,
14.30 0,
14.35 0,
14.32 0,
14.35 0,
14.32 0,
14.35 0,
14.33 0,
14.30 0,
14.32 0,
14.30 0,
14.34 0,
14.33 0,
14.34 0,
14.33 0,
14.36 0,
14.32 0,
14.35 0,
14.37 0,
14.41 0,
14.37 0,
14.36 0,
14.36 0,
14.32 0,
14.31 0,
14.28 0,
14.47 1,
14.39 0,
14.36 0,
14.34 0,
14.32 0,
14.37 0,
14.31 0,
14.37 0,
14.41 0,
14.36 0,
14.33 0,
14.34 0,
14.30 0,
14.32 0,
14.30 0,
14.34 1,
14.32 1,
14.48 0,
14.50 2,
14.12 3,
14.16 1,
14.50 0,
14.38 0,
14.32 1,
14.33 2,
14.34 1,
14.21 1,
14.22 0,
14.29 0,
14.36 1,
14.38 1,
14.36 1,
14.35 1,
14.36 1,
14.35 1,
14.32 0,
14.33 0,
14.28 0,
14.28 0,
14.30 1,
14.30 0,
14.37 0,
14.33 1,
14.38 0,
14.30 0,
14.36 0,
14.47 0,
14.21 0,
14.26 0,
14.34 0,
14.49 1,
14.39 2,
14.36 1,
14.36 0,
14.34 0,
14.31 0,
14.33 0,
14.29 0,
14.34 0,
14.38 1,
14.37 0,
14.37 0,
14.29 0,
14.31 0,
14.37 0,
14.35 0,
14.37 0,
14.39 0,
14.38 0,
14.35 0,
14.33 0,
14.36 0,
14.32 0,
14.34 0,
14.36 0,
14.31 0,
14.30 0,
14.34 0,
14.37 0,
14.36 0,
14.34 0,
14.32 0,
14.34 0,
14.32 0,
14.36 1,
14.35 1,
14.38 1,
14.34 1,
14.39 0,
14.40 1,
14.35 1,
14.36 1,
14.32 1,
14.30 1,
14.32 1,
14.33 1,
14.32 1,
14.31 1,
14.37 1,
14.40 1,
14.38 1,
14.39 1,
14.35 1,
14.32 1,
14.35 1,
14.37 1,
14.32 1,
14.25 1,
14.27 1,
14.28 0,
14.45 0,
14.61 0,
14.56 3,
14.23 4,
14.39 2,
14.46 0,
14.43 1,
14.31 1,
14.48 1,
14.44 1,
14.34 1,
14.21 1,
14.30 1,
14.33 1,
14.35 1,
14.36 1,
14.32 1,
14.35 1,
14.40 1,
14.43 2,
14.27 2,
14.31 2,
14.27 2,
14.23 1,
14.27 1,
14.29 1,
14.28 1,
14.37 0,
14.35 0,
14.42 0,
14.29 0,
14.26 0,
14.33 0,
14.29 1,
14.43 3,
14.36 4,
14.25 3,
14.17 2,
14.32 0,
14.30 0,
14.30 0,
14.31 1,
14.30 1,
14.29 0,
14.32 1,
14.34 1,
14.29 2,
14.28 1,
14.29 1,
14.30 1,
14.40 1,
14.34 2,
14.20 2,
14.25 1,
14.27 0,
14.28 0,
14.39 1,
14.30 2,
14.23 1,
14.28 0,
14.29 0,
14.35 0,
14.28 0,
14.35 1,
14.08 3,
14.11 2,
14.22 0,
14.28 0,
14.28 0,
14.27 0,
14.27 0,
14.29 0,
14.34 0,
14.29 0,
14.32 0,
14.32 1,
14.47 1,
14.30 4,
14.18 4,
14.19 2,
14.27 2,
14.26 1,
14.36 1,
14.24 2,
14.10 3,
14.16 1,
14.16 1,
14.37 0,
14.61 0,
14.65 3,
14.09 6,
13.91 5,
14.34 1,
14.11 1,
14.36 2,
14.37 1,
14.29 0,
14.15 0,
14.18 1,
14.23 1,
14.26 1,
14.33 1,
14.32 2,
14.29 1,
14.27 1,
14.26 0,
14.25 0,
14.19 0,
14.34 0,
13.95 4,
13.98 4,
14.14 0,
14.21 0,
14.25 0,
14.26 0,
14.28 0,
14.34 1,
14.13 1,
14.11 1,
14.29 0,
14.29 0,
14.29 0,
14.30 0,
14.24 1,
14.20 0,
14.16 0,
14.14 0,
14.18 0,
14.23 0,
14.23 1,
14.23 1,
14.20 1,
14.19 1,
14.19 2,
14.17 2,
14.26 2,
14.30 2,
14.24 2,
14.30 1,
14.33 1,
14.28 1,
14.29 1,
14.28 1,
14.24 1,
14.27 1,
14.17 1,
14.19 1,
14.14 1,
14.18 1,
14.22 1,
14.20 0,
14.20 1,
14.17 1,
14.26 2,
14.35 2,
14.35 2,
14.26 1,
14.28 1,
14.28 0,
14.31 0,
14.18 1,
14.47 3,
14.37 2,
14.33 1,
14.15 0,
14.23 1,
14.29 2,
14.28 2,
14.19 2,
14.14 2,
14.40 2,
14.84 1,
14.48 3,
14.37 4,
14.62 3,
14.54 3,
14.36 3,
14.41 5,
14.42 5,
14.56 7,
14.61 8,
14.62 10,
14.55 12,
14.54 12,
14.54 13,
14.55 12,
14.77 12,
14.79 15,
14.63 20,
14.59 23,
14.24 27,
14.21 28,
14.13 28,
14.08 28,
13.92 27,
13.87 27,
13.93 25,
13.82 24,
13.90 23,
13.91 24,
13.68 24,
13.54 24,
13.65 20,
14.09 17,
14.27 16,
14.34 15,
14.20 15,
14.15 18,
14.33 24,
14.54 17,
13.99 14,
13.84 16,
13.98 19,
13.65 28,
13.38 40,
13.27 57,
10.39 63,
11.46 36,
12.04 13,
12.03 8,
9.28 8,
12.20 26,
13.47 9,
11.84 17,
11.88 22,
11.97 29,
12.00 37,
11.99 45,
11.90 52,
11.68 59,
11.48 65,
11.29 71,
11.53 75,
11.50 77,
11.89 77,
12.41 77,
12.48 77,
12.26 79,
11.89 82,
11.92 86,
11.92 91,
11.84 96,
12.26 103,
13.35 109,
13.96 120,
14.06 133,
13.51 134,
13.21 124,
12.66 122,
12.61 127,
12.90 142,
13.62 161,
14.51 177,
16.28 177,
16.64 172,
16.72 164,
16.97 153,
17.75 137,
17.75 123,
17.85 108,
18.59 90,
21.04 76,
22.31 84,
22.81 97,
22.60 106,
22.31 110,
22.14 113,
22.21 110,
22.72 105,
23.10 100,
23.61 94,
23.78 85,
22.97 81,
22.13 75,
21.57 66,
21.55 62,
21.32 62,
21.14 63,
20.80 63,
20.32 63,
19.78 65,
19.06 67,
18.37 67,
17.28 61,
17.01 52,
16.82 40,
16.23 29,
16.03 20,
15.96 15,
16.01 12,
15.56 11,
15.03 8,
14.79 9,
14.70 14,
14.82 21,
14.97 28,
15.08 34,
15.07 39,
14.37 44,
14.02 50,
13.98 57,
13.71 65,
13.77 74,
13.85 80,
13.92 86,
14.06 90,
14.39 94,
14.76 98,
15.17 101,
15.65 105,
15.72 106,
15.96 104,
15.68 101,
15.09 97,
14.86 94,
14.65 91,
13.76 95,
13.47 103,
13.23 110,
13.03 116,
12.73 123,
12.66 130,
12.29 137,
12.17 143,
11.32 147,
11.27 151,
11.32 157,
11.09 164,
11.39 168,
11.98 169,
12.14 172,
11.30 177,
11.33 172,
11.63 162,
10.63 158,
13.64 167,
13.21 158,
12.99 155,
13.12 167,
11.96 162,
11.87 180,
12.34 153,
12.18 147,
12.38 145,
12.02 145,
11.64 144,
11.73 141,
11.91 139,
11.64 137,
11.43 131,
11.42 126,
11.56 122,
11.77 122,
12.24 121,
12.43 115,
12.40 108,
12.39 108,
11.89 106,
11.86 108,
11.53 103,
11.82 98,
13.20 93,
13.69 90,
14.17 96,
14.38 96,
13.39 92,
13.12 85,
13.08 80,
13.28 78,
13.15 78,
13.16 82,
13.26 84,
13.28 88,
12.95 92,
12.41 95,
11.85 95,
11.97 94,
11.91 91,
11.70 90,
11.35 89,
11.15 89,
10.93 88,
10.97 86,
11.20 82,
11.29 73,
11.30 65,
11.12 65,
11.97 64,
12.44 65,
12.66 66,
12.82 67,
12.62 68,
12.45 68,
12.10 67,
11.48 66,
11.40 69,
11.44 68,
11.33 70,
10.93 72,
11.31 73,
11.73 74,
12.05 74,
12.36 71,
12.30 67,
12.21 61,
12.72 59,
13.00 63,
13.82 68,
13.78 75,
13.21 77,
13.43 69,
14.01 65,
14.83 62,
14.19 59,
13.01 53,
12.57 56,
12.89 54,
12.70 48,
12.19 39,
11.69 46,
12.05 52,
12.31 57,
12.38 60,
12.07 60,
11.19 57,
11.08 53,
10.83 54,
10.39 66,
10.79 77,
10.73 81,
10.78 84,
11.38 88,
11.92 93,
12.35 99,
12.26 106,
11.87 112,
11.06 119,
12.85 124,
15.66 123,
14.14 123,
12.87 106,
11.64 93,
11.55 87,
11.11 80,
10.59 71,
10.53 57,
11.15 49,
11.52 40,
11.34 31,
9.81 38,
9.80 42,
9.60 51,
13.60 52,
12.25 51,
10.59 57,
10.19 58,
9.71 64,
9.84 68,
10.03 71,
10.18 75,
10.29 76,
10.55 76,
10.61 77,
10.61 75,
10.99 72,
11.25 70,
11.62 70,
11.62 72,
11.39 74,
11.25 75,
11.11 76,
10.98 78,
10.52 82,
10.48 87,
10.47 91,
10.40 94,
10.88 96,
10.83 100,
10.69 103,
10.74 108,
14.45 113,
19.36 118,
21.59 138,
17.65 151,
16.62 126,
15.93 92,
16.11 76,
13.41 71,
11.93 72,
11.15 71,
9.29 80,
9.24 81,
9.00 82,
8.39 86,
9.01 110,
7.40 138,
6.96 121,
8.96 117,
13.77 122,
13.03 98,
12.52 57,
12.96 40,
13.99 39,
13.82 32,
13.36 28,
13.09 23,
13.11 23,
12.53 20,
11.53 19,
12.31 27,
12.26 32,
12.36 29,
12.13 26,
12.16 23,
12.33 19,
12.68 18,
13.18 18,
13.62 16,
13.16 14,
12.80 14,
12.49 15,
12.31 17,
12.37 19,
12.65 20,
12.90 18,
12.71 18,
12.60 17,
12.44 13,
12.52 10,
12.69 7,
13.02 9,
13.26 12,
13.61 14,
13.61 17,
13.61 18,
13.47 18,
13.33 18,
13.31 18,
13.26 19,
13.54 20,
13.85 22,
14.05 23,
14.25 23,
14.81 22,
15.18 26,
15.41 30,
15.57 35,
15.57 40,
15.57 45,
15.52 50,
15.68 55,
15.87 61,
16.22 68,
16.36 73,
19.55 78,
18.21 93,
22.78 110,
22.89 64,
15.72 53,
12.85 65,
10.84 55,
10.21 42,
11.13 33,
10.76 30,
10.19 59,
10.55 84,
10.33 87,
11.65 70,
12.99 52,
15.67 38,
15.74 31,
15.40 33,
15.55 25,
14.95 17,
13.61 17,
12.22 21,
10.29 26,
10.39 32,
10.50 34,
10.60 33,
10.89 31,
11.03 31,
11.17 27,
11.27 23,
11.48 22,
11.53 25,
11.70 28,
11.46 31,
11.25 34,
11.07 38,
10.96 41,
10.84 43,
10.70 49,
10.52 52,
10.29 52,
9.74 49,
9.54 47,
9.49 46,
9.71 45,
9.93 43,
10.23 42,
10.46 42,
11.59 44,
12.33 49,
13.10 52,
13.81 54,
14.33 52,
14.38 55,
14.58 63,
15.40 70,
18.87 79,
23.19 90,
22.94 104,
19.33 111,
18.33 97,
17.95 108,
16.16 106,
11.98 106,
11.00 108,
10.41 116,
10.14 129,
10.38 137,
10.71 137,
10.60 134,
11.67 129,
12.18 131,
12.79 132,
13.29 133,
13.80 131,
13.09 127,
12.35 125,
12.43 125,
12.12 126,
11.80 127,
11.76 129,
11.31 132,
10.76 132,
11.23 130,
11.87 125,
12.64 119,
12.56 110,
12.31 102,
12.23 96,
12.57 92,
12.84 88,
12.90 84,
12.96 78,
13.17 75,
13.20 72,
13.22 69,
13.32 67,
13.28 66,
13.37 65,
13.41 65,
13.62 65,
13.77 66,
13.83 66,
13.99 64,
14.35 63,
14.57 62,
14.93 63,
15.25 66,
15.76 69,
16.00 69,
16.23 70,
16.52 72,
16.67 74,
16.74 77,
16.84 78,
16.94 80,
16.85 84,
16.92 88,
17.67 92,
20.99 99,
21.57 111,
21.72 123,
18.32 123,
16.11 108,
14.10 108,
11.69 107,
6.65 91,
6.45 72,
7.00 63,
7.04 51,
7.41 44,
7.73 42,
9.38 48,
11.15 60,
14.08 72,
16.65 94,
15.98 101,
16.03 114,
15.52 125,
14.51 133,
13.36 141,
11.26 149,
10.69 154,
10.38 157,
10.23 157,
10.45 157,
10.20 159,
10.84 159,
11.72 156,
11.73 151,
11.63 146,
11.82 141,
11.52 143,
11.60 139,
11.65 137,
11.52 135,
11.14 134,
10.99 131,
10.91 128,
11.36 125,
11.39 120,
11.23 113,
11.03 103,
10.64 93,
10.63 84,
10.82 76,
11.12 70,
11.71 64,
11.66 58,
11.38 47,
11.03 37,
10.95 31,
11.47 25,
12.03 20,
13.36 18,
14.37 17,
15.15 20,
15.68 31,
17.25 45,
19.09 58,
21.34 74,
21.85 93,
24.71 107,
23.51 110,
21.75 104,
17.37 92,
16.33 91,
15.36 93,
15.63 81,
15.50 72,
14.73 112,
11.59 144,
15.21 120,
14.20 133,
13.79 130,
13.47 130,
12.94 131,
12.89 128,
13.02 128,
12.62 123,
11.98 115,
11.94 110,
11.67 112,
11.36 120,
10.00 128,
9.31 134,
9.34 135,
9.65 133,
10.24 127,
10.18 118,
10.25 108,
10.71 100,
11.08 94,
11.43 89,
11.71 84,
11.80 78,
11.82 71,
11.90 63,
11.91 57,
11.41 51,
10.95 45,
10.31 42,
9.86 41,
9.46 43,
9.80 43,
10.53 44,
12.88 46,
14.19 47,
15.38 46,
16.18 42,
16.46 36,
16.34 33,
16.11 34,
15.77 37,
15.38 42,
15.44 48,
15.88 53,
17.17 57,
17.45 60,
16.91 74,
16.10 87,
17.92 83,
17.58 76,
15.72 65,
13.45 44,
10.21 34,
9.56 24,
8.55 19,
8.20 12,
7.96 21,
8.45 31,
8.65 36,
8.72 37,
8.84 40,
9.53 40,
10.24 39,
12.34 37,
12.90 34,
13.05 24,
13.21 23,
12.10 31,
11.45 37,
11.04 41,
10.49 43,
10.25 44,
10.06 45,
10.04 45,
10.13 42,
10.37 40,
10.71 35,
10.12 37,
10.56 44,
10.64 40,
10.45 55,
11.81 57,
10.00 33,
9.59 16,
9.20 17,
9.07 26,
8.99 27,
9.45 24,
9.97 34,
10.96 56,
11.66 55,
12.27 41,
12.69 47,
12.51 54,
12.43 62,
12.66 69,
12.97 74,
13.41 73,
13.65 70,
13.92 77,
15.91 78,
16.74 80,
17.41 84,
18.55 87,
18.10 88,
14.37 82,
10.14 72,
9.48 63,
9.51 64,
10.36 63,
11.15 52,
12.90 48,
12.38 44,
11.51 47,
11.43 56,
13.34 71,
14.15 84,
13.63 97,
14.96 111,
14.83 117,
12.89 173,
12.72 176,
11.94 147,
11.55 137,
11.39 135,
11.20 145,
11.48 170,
10.57 155,
10.93 146,
11.86 170,
12.31 145,
12.49 157,
12.48 162,
10.20 147,
9.62 151,
11.43 157,
11.73 165,
11.06 172,
11.23 179,
11.72 189,
11.58 196,
11.31 197,
11.41 194,
11.05 194,
10.99 203,
12.05 203,
11.29 182,
10.32 175,
9.25 170,
10.03 176,
11.09 163,
10.91 165,
20.28 199,
18.40 234,
16.73 188,
18.04 139,
19.15 90,
17.58 79,
15.82 62,
14.67 53,
14.24 40,
13.84 37,
12.06 49,
11.21 60,
12.18 68,
13.27 69,
13.53 61,
11.86 50,
10.74 55,
9.74 65,
9.32 68,
9.01 64,
9.01 58,
8.95 46,
9.92 46,
10.14 41,
10.21 37,
10.27 33,
9.96 25,
9.76 25,
9.63 20,
9.55 20,
9.25 21,
9.25 26,
9.45 26,
9.76 29,
9.73 32,
9.57 37,
9.90 47,
9.72 47,
9.97 46,
9.99 55,
9.93 62,
9.46 75,
9.96 75,
10.20 84,
10.92 105,
12.25 115,
12.36 132,
12.61 132,
12.80 152,
12.70 182,
12.83 190,
12.92 196,
16.35 198,
18.80 200,
19.89 204,
19.09 197,
16.86 187,
17.41 195,
17.19 206,
18.98 210,
19.30 214,
18.60 221,
18.85 229,
17.53 235,
16.78 242,
16.00 250,
14.96 257,
13.14 259,
12.29 256,
11.97 250,
11.54 243,
10.88 241,
11.47 240,
11.85 241,
12.27 241,
12.70 241,
13.21 243,
13.22 249,
13.29 255,
13.76 274,
13.45 279,
13.37 286,
11.75 271,
12.91 237,
12.84 235,
13.23 233,
13.44 228,
13.60 224,
13.76 227,
13.94 231,
13.94 233,
13.91 232,
13.80 232,
13.28 233,
13.32 235,
13.52 236,
14.29 233,
14.39 228,
14.60 223,
14.76 225,
14.31 228,
14.12 231,
13.75 235,
13.11 238,
12.60 235,
12.48 228,
12.33 217,
12.22 207,
11.43 202,
11.08 201,
10.88 200,
10.81 198,
11.02 193,
11.06 187,
11.40 181,
11.77 177,
11.94 174,
11.82 174,
12.15 176,
12.87 177,
13.22 176,
13.58 171,
13.75 163,
13.48 157,
13.04 152,
12.71 149,
12.68 146,
12.79 144,
12.77 144,
12.39 145,
11.84 148,
11.56 150,
10.98 152,
10.39 156,
9.84 160,
9.62 164,
9.57 168,
10.10 169,
10.07 168,
10.04 166,
9.79 165,
9.33 162,
9.32 159,
9.36 151,
9.21 141,
8.74 130,
8.59 123,
8.96 119,
8.99 116,
9.24 114,
9.80 113,
10.21 108,
10.95 103,
10.64 99,
10.59 93,
10.31 86,
10.76 81,
11.10 76,
11.60 79,
11.74 86,
12.52 92,
13.20 97,
13.37 106,
13.56 119,
13.91 126,
14.44 129,
14.42 127,
15.00 131,
14.82 134,
17.65 134,
20.07 107,
15.48 83,
13.74 70,
15.97 63,
17.65 51,
16.65 32,
14.83 60,
14.17 68,
15.43 61,
17.28 46,
17.84 28,
17.04 41,
13.45 62,
11.52 77,
10.16 82,
9.39 78,
9.13 75,
8.96 70,
8.54 63,
8.03 55,
7.17 47,
6.72 39,
6.66 46,
6.44 59,
6.73 63,
7.94 54,
8.77 48,
10.47 54,
11.62 59,
12.40 57,
12.65 54,
12.52 52,
12.58 51,
12.49 51,
11.98 49,
11.61 48,
11.32 49,
11.11 49,
9.97 49,
9.62 51,
9.90 54,
10.13 54,
10.60 57,
11.18 62,
11.89 68,
13.17 74,
13.47 82,
13.61 94,
14.90 106,
21.09 116,
19.10 106,
14.96 69,
13.54 59,
14.62 60,
13.51 68,
13.11 79,
13.03 81,
13.03 77,
11.74 74,
11.78 77,
12.00 73,
12.15 70,
11.98 68,
11.74 68,
12.56 68,
12.66 66,
12.39 63,
11.76 60,
11.10 59,
10.90 60,
10.79 62,
10.20 64,
10.48 67,
10.56 69,
10.59 70,
10.38 70,
10.29 68,
10.43 65,
10.29 60,
9.93 61,
9.97 60,
9.73 58,
9.72 56,
10.37 56,
9.58 71,
10.51 52,
10.23 52,
10.37 51,
10.58 49,
10.77 50,
11.50 55,
11.60 62,
11.47 69,
11.49 73,
12.32 73,
13.05 72,
13.69 72,
14.07 75,
13.79 78,
14.17 81,
14.47 83,
14.76 85,
14.67 88,
14.53 92,
14.33 94,
13.99 96,
13.85 97,
14.13 98,
17.48 105,
17.73 125,
17.22 143,
14.77 145,
12.65 138,
10.89 132,
8.63 121,
8.12 106,
9.81 98,
10.71 104,
11.03 80,
10.93 67,
10.70 65,
11.55 69,
12.08 67,
13.38 65,
13.75 63,
13.93 56,
13.70 52,
11.29 66,
10.34 82,
9.77 91,
9.51 96,
9.82 98,
9.40 101,
9.98 95,
10.13 91,
10.15 85,
10.04 83,
9.95 83,
10.26 78,
10.35 77,
10.50 78,
10.61 81,
11.10 83,
11.49 85,
11.93 88,
12.41 91,
12.31 93,
11.92 94,
11.42 91,
10.99 86,
10.66 80,
10.99 77,
11.43 77,
12.65 77,
12.94 73,
12.79 66,
12.62 60,
12.52 58,
12.61 58,
12.96 59,
13.71 63,
14.00 70,
14.20 77,
14.34 84,
14.27 94,
14.23 105,
14.06 116,
14.18 123,
16.04 131,
18.39 148,
17.25 143,
13.63 116,
12.68 97,
11.62 88,
10.97 82,
8.24 79,
6.33 76,
6.28 73,
7.20 80,
10.43 81,
11.17 88,
11.03 87,
10.44 81,
12.34 73,
13.79 64,
15.15 63,
17.01 68,
16.46 63,
15.43 48,
14.07 37,
11.68 36,
10.17 34,
9.76 31,
9.60 29,
10.26 25,
10.35 23,
10.28 21,
9.97 22,
9.86 32,
9.96 26,
9.74 25,
9.59 27,
9.61 28,
9.72 28,
9.85 28,
10.09 29,
10.33 29,
10.53 30,
10.59 30,
10.52 30,
10.42 29,
10.18 26,
10.72 21,
11.06 23,
11.44 26,
12.00 31,
12.57 37,
12.85 39,
13.37 36,
13.63 32,
14.03 30,
14.38 29,
14.48 32,
14.72 35,
14.98 37,
15.84 36,
14.73 41,
15.62 70,
16.53 83,
17.28 88,
18.47 91,
11.38 84,
11.90 66,
12.31 53,
11.38 53,
9.24 47,
9.49 34,
10.34 31,
11.27 33,
11.34 34,
10.96 47,
10.55 51,
10.79 41,
10.96 37,
11.45 30,
12.66 25,
13.59 16,
13.14 14,
12.57 25,
10.49 27,
9.76 39,
9.86 48,
10.72 51,
11.99 48,
12.15 41,
11.93 33,
11.45 28,
10.70 23,
10.21 19,
9.80 16,
9.63 15,
9.59 15,
9.83 15,
9.94 17,
10.48 20,
10.87 23,
11.23 26,
11.51 27,
11.92 28,
12.05 30,
11.76 29,
11.67 25,
10.81 24,
10.71 18,
10.53 19,
11.14 24,
11.38 27,
11.49 29,
11.79 27,
12.64 25,
13.01 20,
13.55 20,
14.20 20,
15.13 17,
15.63 19,
16.27 34,
17.07 58,
19.34 90,
17.95 112,
16.85 107,
16.49 102,
14.54 108,
13.75 100,
13.09 78,
10.97 65,
9.63 59,
8.37 63,
6.99 69,
7.07 81,
8.30 95,
9.90 103,
11.93 100,
12.02 95,
11.84 93,
11.59 91,
12.61 88,
13.61 85,
14.33 81,
14.58 76,
13.55 71,
12.43 67,
11.46 64,
10.29 60,
9.52 57,
9.70 56,
9.94 56,
10.59 56,
10.94 57,
10.65 63,
10.99 60,
10.80 60,
10.69 56,
10.48 52,
10.32 52,
10.07 51,
9.92 50,
9.83 49,
9.86 48,
9.92 48,
9.95 46,
9.98 43,
10.01 43,
10.11 40,
10.58 36,
10.93 39,
11.96 43,
12.42 48,
12.70 53,
12.77 57,
12.82 60,
13.00 61,
13.38 62,
13.60 64,
13.29 68,
13.01 70,
13.24 70,
17.19 72,
19.20 86,
20.18 111,
17.65 126,
15.35 112,
15.70 104,
14.02 95,
9.96 80,
8.69 72,
9.65 68,
10.29 57,
10.79 46,
10.93 48,
10.72 53,
10.81 56,
10.69 52,
11.22 47,
12.89 43,
13.76 40,
13.92 36,
13.10 46,
13.63 56,
11.02 66,
10.34 78,
10.62 84,
11.25 85,
11.82 81,
11.95 76,
11.60 72,
11.35 65,
10.64 57,
10.14 53,
9.96 53,
9.76 53,
9.81 51,
9.96 51,
10.17 52,
10.48 53,
10.47 53,
10.39 54,
10.28 54,
10.30 52,
10.58 50,
10.80 48,
10.96 48,
11.14 47,
11.34 46,
11.51 48,
11.78 49,
12.31 48,
13.02 45,
13.55 46,
13.65 49,
13.57 52,
13.57 54,
13.86 54,
15.18 56,
15.80 61,
16.57 75,
17.37 97,
18.55 99,
18.57 89,
17.18 79,
10.11 67,
9.13 74,
9.01 76,
8.22 78,
7.05 87,
8.51 101,
10.27 108,
12.02 109,
11.79 105,
11.56 102,
11.85 95,
14.40 90,
15.46 88,
15.74 91,
15.23 89,
13.17 81,
11.81 68,
10.71 73,
9.89 69,
9.93 66,
10.15 63,
10.37 59,
10.17 57,
11.44 52,
10.68 53,
10.45 56,
10.39 58,
9.74 63,
9.93 55,
9.70 51,
9.37 49,
9.16 46,
9.12 43,
9.01 42,
9.19 42,
9.34 43,
9.55 44,
10.01 47,
10.37 44,
10.83 45,
11.38 50,
12.51 53,
13.07 56,
13.46 58,
13.60 60,
13.93 65,
14.23 69,
14.44 72,
14.16 77,
13.79 79,
13.58 80,
14.02 79,
17.62 84,
18.20 101,
16.90 121,
14.37 119,
14.03 99,
13.81 84,
12.13 88,
10.53 81,
10.68 71,
11.28 68,
12.04 60,
11.91 45,
10.96 26,
10.49 16,
10.42 14,
10.18 13,
10.40 16,
11.24 21,
12.10 24,
12.64 29,
12.37 36,
12.05 38,
10.76 45,
9.73 55,
9.48 71,
10.08 76,
10.63 77,
10.53 76,
10.29 75,
10.04 76,
9.50 78,
9.61 82,
9.82 92,
9.19 96,
9.67 93,
10.30 95,
10.84 95,
11.47 94,
11.69 93,
11.94 91,
12.03 87,
11.77 82,
11.39 78,
11.03 75,
10.67 72,
10.35 71,
10.36 72,
10.71 74,
11.12 77,
11.11 79,
11.22 80,
11.58 76,
12.22 70,
12.81 70,
13.50 72,
14.01 73,
14.26 79,
14.27 84,
14.40 89,
16.33 94,
18.28 103,
18.43 130,
16.77 152,
16.30 148,
14.42 138,
11.73 130,
10.30 114,
9.14 105,
8.91 115,
9.19 131,
10.18 148,
12.22 151,
12.43 144,
12.25 132,
12.13 121,
13.63 113,
15.15 106,
16.22 105,
16.49 97,
16.32 85,
15.10 90,
13.83 85,
10.80 85,
9.99 86,
10.07 83,
10.40 78,
10.54 73,
10.15 70,
10.34 69,
9.87 64,
9.65 60,
9.41 56,
9.40 51,
9.37 46,
9.33 42,
9.23 41,
9.26 39,
9.29 37,
9.44 35,
9.57 37,
9.82 39,
10.05 44,
10.10 47,
10.36 43,
11.38 42,
11.94 38,
12.55 43,
13.05 47,
13.55 49,
13.58 50,
13.54 48,
13.79 47,
13.96 46,
14.13 46,
14.29 49,
13.82 52,
14.63 59,
16.48 68,
17.16 84,
14.39 104,
12.76 108,
13.27 97,
13.80 84,
11.29 66,
9.52 57,
8.66 44,
9.39 47,
10.08 40,
10.77 30,
11.27 21,
11.13 15,
11.01 21,
10.95 25,
11.04 20,
11.48 11,
11.56 6,
12.31 11,
13.02 20,
14.19 26,
13.75 32,
12.96 37,
10.62 50,
10.89 44,
11.14 63,
11.59 76,
12.15 73,
12.27 67,
12.17 61,
11.80 53,
10.78 47,
10.42 43,
10.41 36,
10.31 36,
10.36 39,
10.51 41,
10.76 43,
10.84 47,
10.84 51,
10.90 55,
10.82 59,
10.63 62,
10.69 63,
10.75 63,
10.75 61,
10.78 59,
10.92 57,
11.26 59,
12.11 60,
12.41 59,
12.57 57,
12.70 54,
12.85 50,
13.01 45,
13.28 45,
13.86 44,
14.66 43,
15.00 40,
15.61 39,
17.37 56,
16.79 80,
15.23 103,
14.02 105,
13.17 97,
13.46 93,
13.29 91,
12.52 90,
10.47 89,
9.23 81,
8.88 78,
8.81 67,
8.48 68,
8.57 71,
8.62 79,
10.63 92,
11.37 101,
11.55 104,
11.55 105,
12.37 104,
13.23 103,
14.05 97,
14.63 90,
15.22 82,
15.10 78,
14.50 71,
12.55 63,
10.90 54,
12.06 25,
10.57 34,
11.14 47,
10.96 48,
10.91 49,
10.86 49,
10.47 49,
10.08 48,
9.89 47,
9.85 46,
9.88 44,
10.01 42,
10.10 40,
10.03 38,
10.01 36,
10.03 34,
10.14 32,
10.27 29,
10.20 27,
10.29 26,
10.40 26,
10.81 27,
11.12 26,
11.41 26,
12.12 31,
12.57 34,
12.80 37,
12.90 37,
13.62 37,
13.94 36,
14.24 36,
14.66 38,
14.53 41,
14.12 46,
13.90 50,
14.22 54,
15.85 60,
17.09 71,
16.89 90,
16.59 100,
16.35 94,
15.27 80,
14.34 73,
11.52 88,
10.66 99,
9.69 113,
8.83 126,
7.98 136,
8.21 141,
9.81 149,
9.56 146,
9.32 132,
9.54 123,
9.78 118,
11.11 113,
12.25 113,
14.29 113,
14.64 104,
15.70 129,
13.73 173,
12.46 104,
10.38 86,
15.53 93,
12.77 189,
9.19 149,
9.21 141,
9.53 125,
8.86 126,
8.70 140,
10.14 149,
9.28 143,
8.51 148,
8.13 167,
8.96 183,
10.04 192,
10.70 198,
10.13 225,
11.57 264,
11.36 197,
11.55 193,
11.28 188,
11.19 180,
11.84 160,
12.58 139,
12.79 127,
11.04 120,
14.47 114,
13.19 113,
13.12 104,
13.05 99,
13.14 92,
13.46 91,
13.29 90,
13.04 83,
12.84 76,
12.82 68,
12.81 62,
12.88 57,
13.00 53,
13.32 49,
13.62 46,
14.19 55,
15.89 67,
11.90 87,
11.85 91,
15.10 76,
15.82 73,
15.27 64,
15.31 53,
15.26 42,
14.72 32,
14.44 21,
13.71 13,
13.67 5,
12.56 9,
12.12 13,
11.62 20,
10.17 28,
9.59 41,
9.91 59,
10.27 73,
10.82 79,
11.08 78,
11.25 70,
11.42 61,
11.75 55,
11.89 47,
11.77 41,
11.67 38,
11.80 34,
12.16 29,
11.99 28,
11.49 27,
11.34 24,
11.16 25,
10.99 27,
11.17 25,
11.15 23,
11.20 23,
11.14 24,
10.84 24,
10.66 25,
10.61 25,
10.77 23,
10.89 22,
11.19 22,
11.52 24,
12.09 30,
12.29 35,
12.40 36,
12.61 36,
12.41 34,
12.68 33,
12.83 28,
12.89 18,
13.09 7,
13.13 6,
12.93 7,
12.41 11,
12.17 13,
12.01 13,
12.05 15,
12.32 18,
11.83 20,
12.39 15,
13.00 15,
12.71 13,
12.96 18,
12.54 23,
13.87 37,
14.87 30,
9.80 32,
16.26 103,
18.49 73,
19.06 104,
15.66 57,
13.36 63,
10.69 57,
9.54 44,
8.75 37,
9.81 42,
9.38 49,
9.23 45,
10.30 35,
10.11 45,
10.33 46,
11.97 50,
14.01 59,
15.89 51,
17.14 33,
15.38 35,
15.62 28,
13.43 34,
12.83 74,
11.94 82,
10.98 86,
10.99 95,
10.70 94,
10.52 87,
12.08 84,
9.46 114,
9.97 113,
10.37 98,
9.89 97,
9.88 88,
9.92 86,
9.88 85,
10.07 80,
10.02 74,
10.21 74,
9.57 76,
11.50 78,
9.80 77,
9.51 80,
9.77 82,
10.07 85,
10.36 88,
10.43 86,
10.62 81,
10.33 78,
11.72 78,
12.91 75,
13.28 70,
12.76 73,
12.75 77,
13.20 75,
13.54 77,
14.80 86,
16.41 103,
19.52 115,
18.54 111,
15.37 94,
12.19 68,
12.05 77,
11.85 81,
11.30 85,
9.51 91,
8.60 98,
8.58 105,
8.86 110,
11.20 115,
11.66 119,
12.11 120,
12.21 120,
11.79 114,
12.06 105,
13.01 96,
13.96 90,
13.53 84,
12.53 81,
11.70 82,
11.12 80,
11.00 77,
10.94 76,
10.96 75,
11.14 74,
11.18 74,
11.06 71,
12.17 68,
11.15 64,
11.15 62,
11.18 62,
11.96 63,
10.08 70,
11.33 76,
11.12 60,
11.10 54,
11.08 52,
11.09 50,
11.15 46,
11.08 44,
11.53 42,
11.67 39,
12.05 35,
12.16 32,
12.24 34,
12.21 36,
12.13 45,
12.17 47,
12.29 49,
12.33 51,
12.19 52,
12.16 53,
12.20 53,
12.56 50,
13.17 48,
14.17 49,
15.34 56,
16.00 68,
14.91 71,
13.97 63,
13.05 53,
10.95 44,
10.12 35,
9.99 25,
8.29 6,
8.28 8,
8.30 9,
8.28 8,
7.70 13,
8.19 22,
8.91 31,
9.44 37,
10.77 40,
11.53 42,
12.16 42,
12.49 37,
12.64 39,
12.58 46,
12.18 51,
11.52 54,
10.39 55,
10.37 53,
10.32 53,
9.96 55,
10.30 57,
9.35 52,
9.82 56,
9.55 61,
9.23 64,
9.19 68,
9.19 71,
9.59 76,
9.79 81,
9.96 86,
10.25 90,
10.44 92,
11.13 93,
10.96 93,
11.28 91,
11.31 90,
11.35 90,
11.32 89,
11.29 89,
11.41 88,
11.45 87,
11.46 84,
11.02 80,
11.41 79,
11.16 76,
11.00 73,
11.23 72,
11.22 70,
11.47 67,
11.69 65,
11.64 62,
11.56 57,
11.50 52,
11.50 51,
11.37 50,
11.12 49,
10.93 48,
10.89 45,
10.91 46,
10.86 48,
10.70 48,
10.93 46,
11.28 46,
11.66 48,
11.73 53,
11.61 56,
11.52 58,
11.32 57,
11.24 57,
11.24 56,
11.23 55,
11.36 56,
11.80 59,
12.64 62,
13.40 68,
15.66 77,
15.41 82,
14.75 70,
14.74 54,
14.57 44,
14.23 38,
13.42 39,
11.24 40,
11.12 36,
11.01 36,
10.68 47,
9.73 58,
9.15 68,
8.97 75,
9.02 81,
9.06 83,
9.41 85,
9.98 85,
11.20 84,
11.60 81,
11.84 77,
11.95 71,
12.18 66,
12.06 62,
11.74 57,
11.32 53,
10.72 52,
10.43 53,
10.17 54,
9.94 55,
9.98 56,
10.34 56,
10.59 57,
10.95 56,
11.18 56,
11.34 55,
11.58 53,
11.68 52,
11.57 50,
11.41 47,
11.30 45,
11.09 43,
11.06 41,
11.05 39,
10.89 37,
10.75 36,
10.19 34,
10.10 37,
9.13 57,
10.40 80,
10.48 101,
10.49 39,
11.96 43,
12.25 44,
12.72 44,
13.05 42,
13.36 41,
13.10 40,
13.02 40,
13.45 39,
13.89 37,
14.60 38,
15.32 43,
15.63 56,
15.65 73,
14.42 79,
14.40 71,
14.35 63,
14.28 56,
13.55 47,
11.44 39,
10.21 28,
9.47 18,
9.70 8,
10.13 9,
10.48 17,
10.88 24,
10.96 31,
10.95 34,
10.93 34,
11.07 34,
11.58 32,
12.58 28,
12.90 26,
13.00 22,
12.92 18,
12.75 15,
12.29 14,
11.63 17,
10.14 22,
9.94 28,
9.83 31,
9.72 31,
9.72 29,
9.63 25,
9.55 23,
9.66 20,
9.58 19,
9.51 16,
9.49 15,
9.50 14,
9.52 14,
9.58 14,
9.58 14,
9.56 15,
9.57 15,
9.44 16,
9.34 16,
9.61 17,
9.92 16,
10.08 15,
10.20 15,
10.14 14,
10.11 13,
10.29 13,
10.65 14,
10.80 15,
11.11 17,
11.38 18,
12.34 19,
12.35 25,
12.47 31,
13.29 35,
13.42 41,
13.38 50,
13.79 56,
17.06 61,
21.01 74,
20.07 96,
20.13 103,
14.32 66,
13.47 41,
11.91 42,
9.88 41,
9.68 37,
9.27 42,
8.40 47,
9.98 49,
10.44 44,
10.39 50,
11.10 46,
13.89 38,
14.85 33,
15.51 40,
15.84 42,
14.93 66,
14.12 87,
13.80 96,
13.03 95,
12.75 93,
12.61 93,
12.19 89,
10.69 85,
9.70 82,
8.90 80,
8.44 80,
8.23 82,
8.65 84,
9.15 87,
10.58 88,
11.16 88,
11.55 91,
11.78 94,
12.25 93,
12.58 93,
12.80 93,
12.93 98,
12.92 103,
12.97 108,
13.06 118,
13.10 118,
13.13 124,
13.21 133,
13.12 136,
12.78 139,
12.57 139,
12.45 141,
12.38 148,
12.75 150,
12.98 149,
13.06 149,
13.10 148,
13.34 158,
13.61 163,
13.73 167,
13.78 171,
13.26 173,
13.31 168,
14.74 156,
18.35 150,
17.01 154,
13.88 160,
11.66 184,
9.95 190,
9.82 182,
10.42 169,
10.97 162,
11.19 160,
11.75 157,
12.07 156,
12.37 156,
12.87 154,
12.97 151,
12.66 150,
13.01 144,
12.94 139,
13.20 134,
13.73 130,
13.29 126,
12.50 119,
12.01 112,
11.32 109,
11.21 101,
11.03 97,
10.64 96,
10.15 94,
10.15 93,
10.29 90,
10.49 89,
10.29 87,
10.32 82,
10.49 79,
10.59 75,
11.52 72,
12.04 72,
12.42 72,
12.81 71,
12.96 69,
13.12 66,
13.53 67,
14.65 68,
16.74 68,
17.69 65,
15.64 56,
11.03 97,
10.24 121,
9.77 118,
9.81 104,
9.92 93,
10.00 87,
10.38 79,
10.72 68,
11.10 55,
11.35 43,
11.54 34,
12.05 26,
12.45 21,
12.82 21,
12.97 23,
ex,