14.09 7,
14.03 5,
13.94 3,
13.87 3,
13.72 4,
13.63 5,
13.60 6,
13.49 7,
13.44 6,
13.45 7,
13.52 7,
13.69 7,
13.83 6,
14.03 6,
13.96 4,
14.02 3,
14.08 4,
14.17 4,
14.14 3,
13.92 3,
13.89 3,
13.95 4,
14.07 4,
14.01 3,
13.94 4,
13.86 4,
13.83 4,
13.79 4,
13.80 6,
13.60 6,
13.60 8,
14.22 12,
14.03 14,
13.69 14,
13.99 19,
13.99 26,
13.38 31,
13.81 32,
14.07 28,
14.18 24,
14.18 20,
14.13 16,
14.28 9,
14.71 6,
14.86 8,
14.86 11,
14.61 12,
14.49 13,
14.21 14,
14.00 14,
13.88 13,
13.82 11,
13.91 9,
14.02 6,
14.28 6,
14.39 7,
14.01 8,
13.90 8,
13.95 8,
14.04 7,
13.89 7,
13.94 7,
13.94 6,
13.82 5,
13.65 4,
13.52 4,
13.51 3,
13.61 3,
13.68 4,
13.71 4,
13.71 4,
13.70 4,
13.61 4,
13.60 4,
13.58 4,
13.51 3,
13.59 2,
13.58 3,
13.70 4,
13.72 4,
13.75 4,
13.82 4,
13.96 4,
14.03 4,
13.93 5,
14.05 5,
14.21 5,
14.26 5,
14.26 7,
13.98 8,
13.96 8,
13.95 7,
13.92 8,
13.90 8,
13.88 9,
13.91 9,
13.92 8,
13.94 8,
13.99 6,
14.07 5,
14.13 4,
14.12 4,
14.12 3,
14.06 3,
13.83 2,
13.83 4,
13.99 6,
13.70 6,
13.34 7,
13.18 12,
13.18 16,
13.71 20,
13.85 22,
13.97 22,
14.09 21,
14.09 19,
14.49 16,
14.74 12,
14.87 8,
14.73 5,
14.42 6,
14.27 7,
14.41 8,
14.32 8,
14.10 7,
13.81 6,
13.66 6,
13.85 8,
14.15 7,
14.55 8,
14.38 10,
13.94 12,
13.92 10,
14.11 7,
13.79 7,
13.90 8,
13.92 8,
13.74 7,
13.66 6,
13.64 5,
13.58 4,
13.59 4,
13.47 5,
13.42 5,
13.37 6,
13.32 7,
13.42 8,
13.56 9,
13.66 9,
13.89 8,
14.01 7,
14.11 6,
14.14 5,
14.13 5,
14.10 6,
14.13 7,
14.27 7,
14.24 8,
14.02 7,
13.98 6,
13.96 6,
13.89 5,
13.82 6,
13.68 7,
13.60 7,
13.60 6,
13.61 4,
13.75 4,
13.85 4,
13.86 3,
13.86 3,
13.97 3,
13.99 2,
14.02 2,
14.03 3,
14.03 3,
13.98 4,
13.95 5,
14.10 5,
14.27 4,
14.27 5,
14.17 5,
13.50 7,
13.29 11,
13.14 15,
13.14 17,
13.78 16,
13.89 13,
13.99 10,
14.15 7,
14.21 3,
14.27 1,
14.39 4,
14.54 6,
14.53 8,
14.45 9,
14.26 10,
13.80 11,
13.60 12,
13.45 12,
13.49 11,
13.63 11,
13.78 10,
14.18 9,
14.04 9,
13.71 9,
13.81 9,
13.95 6,
13.85 6,
14.01 5,
14.06 4,
14.14 4,
13.96 5,
14.08 4,
14.01 5,
13.25 7,
12.95 9,
12.70 12,
12.77 15,
13.20 17,
13.44 14,
13.55 10,
13.66 4,
13.83 5,
14.02 5,
14.16 7,
14.58 9,
14.75 9,
14.92 7,
14.89 6,
14.89 5,
14.52 5,
14.07 6,
13.84 6,
13.61 6,
13.61 5,
13.72 4,
13.70 5,
13.44 6,
13.46 6,
13.46 4,
13.59 4,
13.64 4,
13.70 3,
13.70 4,
13.71 5,
13.77 6,
13.79 8,
13.94 9,
14.09 9,
14.16 10,
13.95 10,
13.42 11,
13.43 12,
13.45 11,
13.52 11,
13.64 9,
13.73 7,
13.89 8,
14.01 8,
14.33 8,
14.42 8,
14.46 8,
14.52 8,
14.36 7,
14.21 7,
13.99 7,
13.65 7,
13.54 7,
13.48 6,
13.48 6,
13.65 5,
13.78 3,
13.93 2,
14.04 2,
14.08 2,
14.03 3,
13.95 4,
13.80 5,
13.91 7,
13.91 9,
14.04 10,
13.59 11,
13.27 10,
13.11 10,
13.11 11,
13.04 12,
13.25 12,
13.60 10,
13.81 8,
13.81 6,
14.31 4,
14.37 5,
14.46 6,
14.43 7,
14.43 8,
14.27 9,
14.06 11,
13.91 11,
13.73 12,
13.61 13,
13.60 13,
13.65 13,
13.80 12,
14.14 12,
14.30 10,
14.38 8,
14.45 6,
14.29 4,
14.26 3,
14.15 2,
13.88 2,
13.84 3,
13.93 4,
13.86 4,
13.84 3,
13.86 3,
13.90 3,
14.03 3,
13.97 3,
13.95 3,
13.97 3,
13.91 3,
13.92 3,
13.86 3,
13.92 5,
13.86 5,
13.85 5,
13.88 6,
13.86 6,
13.91 6,
13.91 6,
13.92 6,
13.97 5,
14.00 5,
14.00 2,
14.00 2,
13.97 2,
14.03 4,
14.07 4,
14.07 5,
14.00 5,
14.06 5,
14.07 6,
14.14 7,
14.14 7,
14.14 7,
13.97 8,
13.98 10,
13.98 11,
13.98 12,
14.04 13,
14.15 15,
14.26 17,
14.33 18,
14.33 19,
14.37 18,
14.14 17,
14.13 16,
14.12 14,
13.89 12,
13.81 12,
13.77 11,
13.87 11,
14.14 12,
14.09 12,
13.83 12,
13.52 12,
13.42 11,
13.38 11,
13.46 11,
13.53 10,
13.70 8,
13.80 8,
13.88 9,
13.91 11,
14.01 13,
14.03 15,
14.03 17,
13.97 17,
14.08 18,
14.15 20,
14.05 23,
14.01 26,
13.96 29,
14.08 30,
14.07 31,
14.09 31,
14.03 30,
13.99 28,
14.11 26,
14.09 25,
14.09 24,
13.94 23,
13.54 22,
13.28 19,
13.13 17,
13.21 16,
13.17 16,
13.17 16,
13.26 20,
13.49 23,
13.57 25,
13.67 26,
13.81 26,
13.81 26,
14.22 25,
14.46 24,
14.28 22,
14.11 20,
14.11 17,
13.65 16,
13.38 15,
13.36 15,
13.41 16,
13.41 16,
13.34 15,
13.24 13,
13.24 12,
13.22 8,
13.22 5,
13.45 4,
13.69 5,
14.16 5,
14.30 6,
14.42 7,
14.49 9,
14.27 10,
14.11 10,
13.99 9,
13.92 8,
14.06 4,
14.19 7,
14.25 12,
14.23 17,
14.13 20,
14.01 20,
13.79 20,
13.45 19,
13.31 18,
13.18 16,
13.09 16,
13.08 15,
13.17 16,
13.42 17,
13.28 16,
12.96 15,
13.34 14,
13.59 13,
13.71 13,
13.87 12,
13.95 12,
13.90 11,
13.92 10,
13.93 8,
13.96 5,
14.12 8,
14.04 9,
13.96 7,
13.94 9,
13.84 9,
13.86 9,
13.83 10,
13.91 10,
13.90 11,
13.90 12,
13.87 14,
13.81 16,
13.76 18,
13.76 20,
13.76 22,
13.73 24,
13.79 26,
13.61 27,
13.50 28,
13.50 29,
13.73 28,
13.76 26,
13.78 23,
13.70 20,
13.70 17,
13.68 15,
13.66 13,
13.65 11,
13.66 9,
13.66 7,
13.71 6,
13.74 4,
13.73 5,
13.69 5,
13.74 6,
13.72 6,
13.79 6,
13.85 5,
13.91 5,
13.94 4,
13.97 4,
14.00 4,
14.02 4,
14.01 4,
13.98 4,
13.98 4,
13.96 3,
13.95 3,
13.94 2,
13.90 2,
13.89 2,
13.90 2,
13.81 3,
13.78 4,
13.74 5,
13.70 5,
13.64 5,
13.65 5,
13.64 5,
13.58 5,
13.51 6,
13.56 6,
13.62 7,
13.55 7,
13.89 6,
13.78 7,
13.40 8,
13.64 8,
13.73 8,
13.60 8,
13.62 8,
13.73 7,
13.62 6,
13.53 5,
13.53 5,
13.50 5,
13.57 5,
13.63 6,
13.64 6,
13.64 6,
13.66 6,
13.66 6,
13.70 5,
13.69 5,
13.69 3,
13.72 2,
13.66 1,
13.69 2,
13.68 2,
13.68 2,
13.61 2,
13.61 2,
13.60 2,
13.53 2,
13.44 1,
13.39 3,
13.36 3,
13.53 3,
13.50 2,
13.50 1,
13.40 2,
13.50 3,
13.54 4,
13.55 4,
13.62 4,
13.62 4,
13.59 5,
13.59 5,
13.56 6,
13.55 6,
13.59 6,
13.52 5,
13.59 5,
13.61 5,
13.65 4,
13.62 4,
13.60 3,
13.63 4,
13.62 3,
13.62 3,
13.60 2,
13.62 2,
13.66 1,
13.69 2,
13.67 2,
13.66 2,
13.63 1,
13.63 1,
13.69 1,
13.66 0,
13.61 0,
13.62 0,
13.63 0,
13.65 0,
13.61 0,
13.57 1,
13.61 1,
13.62 1,
13.60 1,
13.60 1,
13.59 1,
13.62 0,
13.70 1,
13.90 2,
13.90 3,
13.41 3,
13.57 2,
13.73 1,
13.72 0,
13.75 1,
13.78 2,
13.73 2,
13.67 2,
13.59 2,
13.60 2,
13.71 2,
13.67 1,
13.65 1,
13.62 0,
13.63 0,
13.67 0,
13.65 0,
13.63 0,
13.65 0,
13.59 1,
13.61 1,
13.60 1,
13.61 1,
13.58 1,
13.59 1,
13.58 1,
13.69 1,
13.72 2,
13.51 2,
13.47 1,
13.63 1,
13.67 1,
13.63 1,
13.61 1,
13.59 1,
13.61 1,
13.61 1,
13.62 1,
13.71 1,
13.71 2,
13.82 3,
13.81 4,
13.81 5,
13.74 5,
13.74 3,
13.73 1,
13.59 2,
13.58 2,
13.49 4,
13.49 7,
13.22 10,
13.17 14,
13.14 17,
13.06 19,
13.05 21,
12.93 23,
12.76 24,
12.54 26,
12.54 28,
12.38 30,
12.28 34,
12.40 37,
12.57 40,
12.90 44,
13.01 47,
13.11 50,
13.20 54,
12.96 59,
12.82 65,
12.72 70,
12.67 75,
12.43 80,
12.20 82,
11.98 87,
11.61 109,
11.99 121,
13.65 147,
11.69 185,
10.72 145,
10.72 98,
13.09 98,
14.06 99,
15.07 101,
14.70 104,
14.70 105,
15.06 106,
17.38 104,
17.67 97,
18.82 88,
18.82 79,
19.60 67,
16.70 61,
14.02 60,
15.90 70,
15.90 80,
17.79 83,
17.81 85,
17.49 100,
17.59 110,
17.59 115,
19.51 112,
20.28 109,
21.18 109,
22.21 110,
22.21 112,
23.95 116,
24.71 121,
24.98 117,
23.53 111,
22.40 104,
21.25 91,
20.34 84,
17.93 76,
16.25 71,
15.16 68,
13.55 64,
13.39 59,
13.54 53,
13.49 47,
13.17 39,
12.97 35,
13.21 41,
13.82 38,
14.01 32,
14.09 27,
13.68 32,
13.15 36,
13.23 43,
13.31 54,
13.31 64,
13.86 74,
14.44 83,
14.97 88,
15.24 89,
15.24 89,
15.25 89,
14.95 90,
14.67 90,
14.11 90,
14.11 91,
13.88 94,
14.20 97,
14.34 100,
14.33 103,
14.33 108,
13.81 112,
13.53 116,
13.27 121,
13.05 126,
13.05 131,
12.08 137,
11.91 142,
11.82 147,
11.62 150,
11.62 155,
11.31 160,
11.44 165,
10.94 168,
10.54 168,
10.54 167,
9.90 169,
10.05 165,
9.65 161,
8.46 161,
8.96 155,
9.35 159,
10.05 152,
9.68 152,
9.88 139,
10.53 130,
11.24 132,
11.32 136,
10.96 142,
10.72 149,
10.55 151,
9.75 144,
9.79 133,
10.06 121,
10.63 111,
11.09 102,
11.78 96,
12.06 91,
12.28 86,
12.38 82,
12.38 81,
12.12 79,
12.12 76,
11.93 74,
11.79 71,
11.79 68,
11.27 66,
11.17 64,
11.10 59,
10.98 53,
10.98 48,
11.08 47,
11.25 46,
11.50 45,
11.40 43,
11.40 40,
11.39 39,
11.31 37,
11.30 37,
11.39 40,
11.39 45,
12.36 51,
12.42 58,
12.09 64,
11.23 67,
11.23 65,
10.58 59,
10.33 52,
10.31 45,
10.41 39,
10.41 35,
10.61 33,
10.56 33,
10.46 33,
10.29 33,
10.15 32,
10.15 30,
10.19 27,
10.26 23,
10.36 21,
10.51 17,
10.65 14,
10.50 10,
10.15 9,
10.16 6,
10.20 6,
10.16 6,
10.20 7,
10.25 7,
10.26 8,
10.14 7,
10.17 6,
10.18 6,
10.20 7,
10.13 8,
10.02 8,
9.93 6,
10.01 5,
9.97 5,
9.97 4,
10.02 4,
10.07 4,
10.08 5,
10.13 5,
10.13 5,
10.19 6,
10.28 6,
10.36 6,
10.44 6,
10.47 8,
10.47 9,
10.38 8,
10.53 9,
10.39 10,
10.34 11,
10.34 11,
10.31 10,
10.38 10,
10.40 11,
10.36 12,
10.36 12,
10.31 11,
10.42 10,
10.54 9,
10.56 9,
10.56 9,
10.62 8,
10.69 8,
10.63 7,
10.62 6,
10.62 6,
10.60 5,
10.54 4,
10.53 3,
10.48 2,
10.48 2,
10.50 2,
10.51 2,
10.53 2,
10.60 3,
10.60 2,
10.58 2,
10.53 3,
10.55 3,
10.49 3,
10.49 4,
10.48 4,
10.51 4,
10.57 5,
10.52 5,
10.52 5,
10.52 4,
10.61 4,
10.49 3,
10.31 3,
10.30 2,
10.39 1,
10.41 0,
10.52 1,
10.62 0,
10.45 1,
10.45 1,
10.50 3,
10.55 4,
10.63 3,
10.76 4,
10.87 3,
10.87 4,
10.81 4,
10.87 3,
10.98 2,
11.03 1,
10.96 3,
10.88 6,
10.78 9,
10.77 11,
10.76 13,
10.81 14,
10.92 15,
11.26 19,
11.26 25,
12.06 32,
12.39 40,
12.36 50,
12.00 59,
12.00 68,
11.00 75,
10.94 80,
10.90 88,
11.02 96,
11.02 103,
11.82 108,
12.11 111,
12.13 113,
12.30 115,
12.30 115,
12.26 112,
12.13 108,
11.97 103,
11.77 99,
11.77 95,
10.84 94,
10.73 91,
10.68 88,
10.67 83,
10.67 78,
10.93 73,
11.06 72,
11.14 70,
11.22 69,
11.22 68,
11.35 68,
11.46 69,
11.46 68,
11.57 66,
11.57 65,
11.80 64,
11.97 64,
12.18 62,
12.30 64,
12.30 68,
12.67 71,
12.79 74,
12.87 78,
13.16 82,
13.16 88,
13.45 95,
13.44 104,
13.49 109,
13.53 110,
13.41 108,
13.12 106,
13.01 105,
12.82 103,
12.54 102,
12.17 102,
11.93 101,
11.72 99,
11.19 95,
10.80 90,
10.52 83,
10.04 79,
8.54 79,
8.30 78,
8.39 73,
8.60 62,
9.11 56,
9.31 61,
9.45 70,
9.38 79,
9.34 88,
9.67 96,
10.04 101,
10.74 104,
10.96 106,
10.96 106,
11.19 105,
11.30 104,
11.27 102,
11.04 100,
11.04 101,
10.82 100,
10.79 98,
10.66 95,
10.62 93,
10.62 90,
10.38 88,
10.12 85,
9.93 83,
10.00 81,
10.00 81,
10.18 81,
10.32 82,
10.26 85,
10.25 87,
10.25 90,
10.35 92,
10.44 93,
10.37 94,
9.99 95,
9.99 94,
9.92 92,
9.99 90,
10.17 87,
10.19 84,
10.19 82,
10.49 85,
10.99 87,
11.21 89,
11.35 90,
11.91 93,
12.32 97,
12.94 104,
13.68 112,
15.98 121,
16.62 131,
16.75 134,
16.65 127,
15.81 119,
15.63 113,
15.03 108,
13.82 104,
11.41 95,
10.62 101,
9.48 103,
8.00 107,
7.85 112,
7.89 117,
8.32 122,
10.24 130,
11.01 132,
11.42 129,
11.89 127,
12.78 126,
13.12 122,
13.47 114,
13.85 107,
13.89 97,
13.81 87,
13.65 79,
13.65 75,
12.79 75,
11.58 78,
11.19 84,
10.97 87,
10.97 87,
11.00 84,
10.92 80,
11.09 76,
11.21 71,
11.21 65,
11.29 62,
11.21 60,
11.44 58,
11.64 57,
11.64 56,
11.65 56,
11.25 57,
11.23 58,
11.14 56,
11.14 53,
11.01 51,
11.29 49,
11.43 50,
11.69 55,
11.69 60,
12.06 65,
12.99 68,
13.12 69,
13.19 68,
13.19 63,
13.65 59,
14.01 55,
14.45 53,
14.67 54,
14.67 57,
14.77 62,
15.20 66,
15.31 70,
15.76 75,
15.76 83,
16.17 100,
18.88 130,
20.22 137,
17.66 99,
17.66 103,
15.79 119,
13.34 130,
10.83 127,
10.02 113,
10.02 100,
10.08 96,
9.47 83,
9.09 78,
9.47 78,
10.07 78,
10.35 78,
10.80 76,
11.39 69,
11.55 63,
11.32 68,
11.02 77,
10.57 84,
10.43 89,
10.78 91,
10.97 94,
10.97 98,
10.89 102,
10.85 106,
10.83 111,
10.77 114,
10.87 117,
11.02 121,
11.10 124,
10.74 128,
10.52 131,
10.30 134,
10.15 136,
10.02 137,
10.12 137,
10.12 139,
10.23 140,
10.36 139,
10.17 138,
10.07 137,
10.07 137,
10.47 137,
10.33 137,
10.18 135,
9.96 132,
9.96 129,
9.98 127,
10.07 125,
10.33 124,
10.53 124,
10.53 123,
10.57 121,
10.87 118,
11.01 113,
11.43 105,
11.43 104,
11.87 99,
11.92 91,
11.79 87,
12.51 84,
12.51 81,
13.32 83,
14.68 94,
15.69 109,
15.86 127,
15.86 146,
16.35 164,
18.61 182,
18.65 199,
17.85 204,
17.85 197,
16.07 185,
14.31 163,
13.43 140,
11.42 131,
11.42 141,
10.65 153,
9.04 164,
8.37 175,
9.28 187,
9.28 193,
10.30 188,
11.17 176,
11.83 163,
12.48 152,
12.48 144,
13.29 140,
12.81 140,
12.84 140,
13.61 138,
13.61 136,
13.86 135,
13.90 136,
13.50 139,
13.87 141,
13.72 141,
13.51 138,
12.83 134,
12.20 128,
11.49 119,
11.02 110,
10.59 102,
10.52 95,
10.51 87,
9.85 83,
9.61 82,
9.43 80,
9.26 78,
9.22 79,
9.23 80,
9.30 80,
9.51 78,
10.27 76,
10.60 74,
10.91 72,
11.35 68,
11.86 64,
12.20 58,
12.56 52,
12.89 50,
13.00 52,
13.08 55,
13.27 56,
14.00 56,
14.41 54,
14.72 52,
14.98 49,
15.39 46,
15.59 43,
15.88 42,
17.44 48,
17.25 65,
16.95 79,
15.99 83,
15.92 75,
12.92 62,
14.24 78,
12.21 77,
10.26 74,
9.68 68,
10.49 60,
11.29 53,
11.23 49,
10.45 43,
9.98 35,
9.14 25,
9.27 16,
9.82 25,
10.05 32,
10.70 38,
11.16 41,
11.45 45,
11.51 51,
11.56 57,
11.59 64,
11.43 70,
10.86 75,
10.69 80,
10.63 83,
10.64 85,
10.80 86,
10.75 86,
10.59 86,
10.42 88,
9.91 89,
9.73 90,
9.58 91,
9.49 92,
9.22 93,
9.17 93,
9.07 93,
8.71 93,
8.75 94,
8.97 94,
9.27 93,
9.75 93,
9.75 92,
9.72 93,
9.62 93,
9.98 91,
10.24 87,
10.46 83,
10.91 81,
11.17 77,
11.17 74,
11.12 71,
11.21 67,
11.28 62,
11.41 58,
11.54 56,
11.84 57,
12.07 58,
12.48 60,
12.93 64,
13.93 70,
14.15 77,
14.34 85,
15.43 93,
16.71 102,
17.98 118,
18.48 129,
16.21 126,
15.26 121,
14.22 112,
13.51 96,
12.25 79,
12.10 65,
11.15 56,
10.61 66,
10.98 83,
11.32 95,
11.76 102,
12.48 103,
12.50 103,
12.38 99,
12.16 93,
11.81 88,
12.01 86,
12.37 86,
12.68 83,
12.33 80,
11.55 78,
11.13 76,
10.48 71,
10.09 69,
9.83 69,
9.67 68,
9.72 65,
9.86 61,
9.84 56,
9.76 52,
9.67 47,
9.63 44,
9.66 42,
9.92 39,
10.22 36,
10.28 34,
10.17 34,
10.37 32,
10.37 29,
10.41 25,
10.31 21,
10.57 19,
10.77 17,
11.02 14,
11.30 13,
11.40 11,
11.48 9,
11.62 8,
11.85 7,
11.84 5,
11.80 4,
11.73 4,
11.60 5,
11.50 6,
11.48 9,
11.36 11,
11.46 14,
11.66 18,
11.91 21,
12.17 23,
12.26 27,
12.29 31,
12.42 36,
12.46 42,
12.54 47,
12.82 53,
13.49 60,
15.61 67,
15.54 77,
14.76 80,
14.87 69,
15.28 59,
14.97 56,
14.11 51,
10.92 37,
10.49 28,
10.31 24,
9.65 15,
8.38 3,
8.76 14,
9.29 23,
10.05 37,
11.80 56,
11.96 70,
11.99 74,
11.19 73,
11.06 70,
10.66 68,
10.57 60,
12.18 49,
13.10 37,
13.60 28,
13.69 21,
13.17 25,
12.53 34,
11.75 45,
11.10 58,
10.91 66,
10.98 68,
11.12 64,
11.37 57,
11.18 48,
10.90 38,
10.47 30,
10.14 30,
10.22 23,
10.28 11,
10.37 8,
10.42 7,
10.31 12,
10.15 19,
10.04 24,
9.90 27,
9.68 29,
9.77 30,
9.96 30,
9.99 31,
9.86 32,
9.78 34,
10.01 35,
10.11 33,
10.19 33,
10.49 36,
10.32 35,
10.87 36,
11.12 36,
11.68 46,
11.99 47,
11.97 50,
11.93 53,
12.47 55,
13.11 56,
13.80 57,
14.42 57,
16.08 56,
17.59 67,
19.32 86,
18.55 111,
16.13 120,
15.03 112,
15.06 104,
13.49 99,
12.99 90,
12.58 75,
11.95 61,
11.31 54,
11.37 53,
11.12 60,
10.45 70,
9.96 85,
9.11 103,
9.13 122,
10.07 135,
10.80 140,
11.93 139,
12.88 133,
12.94 127,
12.94 126,
13.00 128,
12.95 127,
12.92 125,
12.94 121,
13.02 116,
12.50 109,
12.21 109,
12.03 103,
11.83 91,
10.82 88,
10.38 86,
10.13 86,
10.10 85,
10.07 83,
10.07 81,
10.06 80,
10.39 77,
10.50 77,
10.65 74,
10.78 69,
10.75 64,
10.77 64,
10.74 52,
10.79 46,
10.79 41,
10.73 37,
10.64 32,
10.61 32,
10.69 29,
10.65 26,
10.62 23,
10.52 14,
10.81 14,
10.80 13,
10.76 13,
11.31 21,
11.51 28,
11.70 28,
11.77 29,
12.12 29,
12.03 29,
11.95 29,
12.60 42,
12.85 50,
13.45 46,
14.03 47,
16.49 50,
16.95 50,
17.26 66,
17.25 76,
16.51 76,
16.26 72,
15.98 72,
15.42 68,
12.69 52,
11.36 42,
10.87 42,
8.87 39,
7.83 32,
7.94 29,
7.81 24,
8.34 20,
9.12 21,
9.96 25,
10.64 23,
11.49 20,
11.54 21,
11.53 30,
11.17 31,
10.87 28,
11.09 22,
11.77 11,
12.60 9,
12.91 13,
12.82 21,
12.43 28,
11.77 28,
11.47 34,
11.43 42,
11.56 45,
11.09 48,
11.20 51,
11.04 46,
9.77 44,
9.71 45,
9.65 47,
9.59 48,
9.62 49,
9.85 50,
10.01 51,
10.21 53,
10.41 53,
10.38 55,
10.36 55,
10.09 54,
9.82 53,
9.63 53,
9.64 58,
9.75 60,
10.04 63,
10.11 65,
10.12 68,
10.27 69,
10.42 70,
10.64 68,
10.77 67,
10.89 67,
10.98 68,
10.88 77,
11.15 81,
11.14 81,
11.07 81,
11.13 78,
11.60 77,
12.08 75,
12.95 79,
14.14 96,
16.94 112,
17.68 122,
18.60 131,
18.31 134,
16.21 134,
14.67 122,
13.91 95,
12.10 84,
11.46 83,
11.12 83,
10.85 88,
9.97 93,
9.54 95,
8.85 101,
7.47 111,
7.24 120,
7.36 126,
7.90 130,
9.21 133,
9.87 136,
11.08 143,
11.21 150,
13.25 153,
13.95 154,
14.48 154,
14.79 153,
15.10 142,
15.18 132,
15.08 120,
14.14 109,
13.48 100,
12.94 94,
12.18 91,
10.61 92,
10.02 93,
9.59 94,
9.32 95,
9.64 93,
9.77 93,
10.08 93,
10.77 89,
10.82 78,
10.91 74,
11.01 68,
11.18 68,
11.21 63,
11.08 49,
10.95 44,
10.62 40,
10.53 34,
10.51 26,
10.51 17,
10.35 14,
10.46 15,
10.45 15,
10.95 13,
10.91 16,
10.95 18,
11.19 19,
11.63 19,
11.81 21,
11.96 22,
12.24 25,
12.80 27,
12.97 29,
13.12 31,
13.51 33,
13.73 37,
13.98 41,
14.23 47,
15.13 52,
15.86 57,
15.83 75,
16.33 85,
16.77 85,
16.99 70,
17.43 79,
17.01 77,
12.95 63,
11.60 50,
11.14 40,
9.13 32,
7.82 25,
6.60 16,
6.70 11,
7.22 11,
7.51 15,
8.36 23,
9.33 28,
10.35 28,
10.36 28,
10.20 19,
10.29 13,
11.44 16,
12.53 16,
13.33 19,
13.82 27,
13.51 32,
12.99 41,
12.57 48,
12.06 52,
11.89 54,
11.79 54,
11.69 54,
11.45 54,
10.70 49,
10.95 48,
10.71 46,
10.60 47,
10.68 47,
10.67 51,
10.41 59,
10.22 61,
10.06 62,
9.97 66,
10.01 66,
10.48 64,
10.84 61,
10.76 57,
10.51 54,
10.18 54,
10.01 56,
10.06 56,
10.26 55,
10.48 55,
10.63 54,
10.58 60,
10.58 63,
10.61 66,
10.62 67,
10.62 67,
10.64 66,
10.80 67,
11.48 69,
11.85 69,
12.09 70,
12.28 69,
12.82 69,
13.17 69,
13.71 69,
14.51 69,
16.67 98,
17.98 122,
18.52 139,
17.99 139,
17.14 144,
15.92 130,
14.51 112,
12.40 93,
11.60 78,
11.40 83,
11.18 89,
10.42 94,
9.89 99,
9.29 99,
8.10 104,
7.71 113,
7.66 122,
7.82 127,
8.66 127,
9.49 132,
10.57 133,
11.59 134,
13.00 135,
13.30 135,
13.61 134,
13.86 130,
13.98 123,
13.74 114,
13.40 114,
12.48 103,
12.06 91,
11.63 90,
11.22 92,
10.69 97,
10.35 100,
9.82 99,
9.54 101,
9.87 103,
10.09 103,
10.36 102,
10.33 91,
10.26 83,
10.35 76,
10.52 76,
10.74 69,
10.92 59,
10.93 54,
10.90 50,
10.87 48,
10.84 45,
10.85 43,
10.77 40,
10.79 37,
11.00 37,
11.14 34,
11.43 26,
11.61 27,
11.79 29,
12.06 29,
12.52 32,
12.45 37,
12.27 37,
12.37 36,
12.71 35,
12.75 36,
12.78 36,
12.83 33,
13.02 31,
13.21 31,
13.49 30,
15.26 40,
16.92 55,
17.57 67,
17.00 67,
15.33 64,
15.37 62,
15.33 60,
13.38 54,
12.39 54,
11.43 45,
10.66 32,
9.21 31,
8.25 27,
7.39 27,
6.92 22,
7.36 19,
8.12 16,
9.05 22,
9.92 28,
11.03 29,
11.01 25,
10.88 25,
10.79 30,
10.82 30,
10.79 32,
11.44 33,
12.58 36,
12.72 35,
12.89 35,
12.92 30,
12.57 31,
12.46 38,
12.44 41,
12.20 43,
11.68 42,
11.32 39,
11.00 38,
10.18 38,
9.95 38,
9.81 38,
9.69 45,
9.93 47,
10.03 48,
9.95 51,
9.84 54,
9.83 57,
9.79 60,
9.69 61,
9.95 61,
10.19 61,
10.25 60,
10.25 60,
10.10 59,
10.03 59,
10.07 57,
10.32 57,
10.39 58,
10.51 58,
10.60 55,
10.68 54,
10.62 55,
10.80 56,
10.92 56,
10.98 56,
11.04 58,
11.17 59,
11.29 59,
11.41 59,
11.79 59,
12.12 60,
12.61 68,
13.31 76,
13.80 86,
14.52 100,
16.22 117,
17.75 140,
19.09 160,
19.24 160,
15.48 160,
16.17 148,
14.46 107,
13.14 92,
10.86 81,
10.37 84,
10.41 93,
10.71 102,
10.36 112,
9.59 121,
8.61 129,
8.14 137,
8.11 143,
8.23 148,
8.63 150,
10.49 150,
11.59 149,
12.28 147,
12.36 149,
13.16 148,
13.53 143,
13.84 133,
13.85 120,
13.47 109,
12.97 100,
12.36 100,
11.93 93,
11.74 85,
11.53 86,
11.34 88,
10.88 88,
10.91 90,
11.01 90,
11.19 89,
11.11 85,
11.00 81,
11.05 77,
11.13 74,
11.14 69,
11.25 64,
11.36 64,
11.15 59,
11.06 53,
11.31 51,
11.29 48,
11.30 44,
11.18 40,
11.13 37,
11.31 35,
11.56 33,
11.69 33,
11.71 31,
11.83 36,
12.04 38,
12.13 39,
12.24 39,
12.68 38,
12.68 37,
12.66 38,
12.64 38,
12.69 38,
12.66 36,
12.76 33,
13.48 28,
13.85 23,
14.13 23,
14.34 24,
14.66 36,
14.90 46,
15.17 55,
15.73 61,
16.52 69,
16.37 81,
15.53 77,
13.89 70,
13.73 68,
13.30 61,
12.44 47,
9.22 32,
8.33 22,
7.57 22,
7.81 14,
8.88 16,
9.14 24,
9.19 32,
10.43 41,
10.42 48,
10.18 53,
9.94 53,
10.47 49,
10.70 49,
11.52 46,
11.95 39,
12.39 34,
12.52 28,
12.41 28,
12.12 24,
11.53 32,
11.34 37,
11.43 40,
11.54 41,
11.52 39,
11.40 35,
11.01 31,
10.09 28,
9.86 28,
9.62 25,
9.61 22,
9.81 24,
9.87 27,
9.90 28,
9.65 29,
9.56 30,
9.52 29,
9.51 28,
9.64 28,
9.63 27,
9.69 28,
9.97 29,
10.38 27,
10.49 27,
10.54 27,
10.51 28,
10.55 28,
10.59 28,
10.78 28,
11.15 30,
11.49 31,
11.91 33,
12.29 35,
12.90 35,
13.12 38,
13.26 47,
13.37 52,
13.87 57,
14.27 57,
15.09 68,
17.84 79,
18.74 93,
19.22 95,
16.62 73,
13.78 53,
13.06 47,
11.50 41,
9.91 39,
8.10 39,
7.96 43,
7.74 29,
7.86 19,
10.04 12,
11.08 22,
11.78 32,
12.20 40,
12.35 45,
12.65 48,
12.99 48,
13.22 52,
12.77 78,
12.62 86,
11.97 90,
11.57 90,
11.87 93,
11.17 98,
10.46 99,
10.27 99,
9.80 97,
9.68 95,
10.61 105,
10.83 117,
11.05 122,
11.09 122,
11.13 126,
10.95 133,
10.84 133,
11.00 132,
11.65 138,
11.84 143,
11.83 145,
11.78 150,
11.88 157,
11.88 157,
11.80 165,
11.67 178,
11.73 181,
12.01 184,
12.34 184,
12.84 187,
13.14 191,
13.48 193,
14.02 192,
14.45 191,
14.59 189,
14.25 183,
13.19 182,
13.18 185,
13.10 185,
13.06 184,
13.02 188,
12.90 191,
12.81 190,
12.96 189,
14.58 195,
15.82 202,
15.61 207,
12.20 223,
11.38 228,
10.83 201,
11.42 158,
12.29 123,
12.68 107,
13.09 107,
13.14 104,
12.26 107,
12.28 111,
12.44 114,
12.42 113,
12.63 112,
12.69 112,
12.69 114,
12.46 116,
12.04 116,
11.52 116,
11.16 115,
10.91 115,
10.70 114,
10.49 114,
10.23 112,
9.77 105,
9.79 100,
10.00 94,
10.26 86,
10.45 79,
10.58 73,
10.70 67,
10.99 63,
11.16 63,
11.26 62,
10.89 57,
10.48 50,
11.08 47,
11.11 45,
11.31 45,
11.42 46,
11.13 45,
10.89 43,
10.60 43,
10.53 44,
10.50 45,
10.53 44,
10.55 45,
10.61 45,
10.68 46,
10.84 45,
10.73 44,
10.61 42,
10.54 39,
10.91 37,
11.14 34,
11.25 31,
11.31 29,
11.45 29,
11.41 28,
11.31 32,
10.97 32,
10.25 31,
10.13 33,
10.01 34,
9.74 32,
9.64 27,
9.85 24,
10.07 24,
10.07 23,
10.05 20,
9.99 19,
10.07 19,
10.22 19,
10.20 20,
10.18 20,
10.06 21,
9.95 21,
9.87 22,
9.83 23,
9.96 23,
10.01 23,
10.07 21,
10.20 21,
10.37 20,
10.37 17,
10.47 16,
10.46 16,
10.50 17,
10.47 17,
10.49 18,
10.37 17,
10.20 16,
10.09 16,
10.09 15,
10.11 13,
10.16 13,
10.24 13,
10.22 13,
10.37 13,
10.43 11,
10.52 11,
10.53 11,
10.56 10,
10.62 10,
10.68 11,
10.63 11,
10.47 11,
10.48 11,
10.60 11,
10.54 13,
10.62 15,
10.65 16,
10.46 15,
10.33 14,
10.30 13,
10.30 13,
10.36 15,
10.45 15,
10.45 15,
10.41 14,
10.33 14,
10.34 15,
10.38 17,
10.42 17,
10.46 17,
10.49 16,
10.51 14,
10.51 13,
10.48 13,
10.55 14,
10.67 15,
10.69 16,
10.67 16,
10.50 16,
10.47 16,
10.38 16,
10.34 15,
10.26 15,
10.23 15,
10.23 16,
10.34 15,
10.37 16,
10.23 16,
10.23 16,
10.24 19,
10.27 19,
10.31 19,
10.32 18,
10.30 17,
10.23 16,
10.26 15,
10.23 14,
10.28 14,
10.47 13,
10.48 13,
10.53 12,
10.57 11,
10.73 11,
10.76 9,
10.84 5,
10.85 6,
10.77 6,
10.64 6,
10.58 7,
10.48 8,
10.48 7,
10.40 7,
10.32 7,
10.20 6,
10.27 7,
10.36 7,
10.55 11,
10.34 11,
9.83 16,
9.47 14,
9.46 10,
9.62 7,
9.65 7,
9.84 9,
10.05 13,
10.11 14,
10.19 13,
10.22 13,
10.23 11,
10.14 9,
9.91 8,
9.70 9,
9.60 9,
9.72 13,
9.80 24,
9.87 30,
9.51 37,
9.32 37,
9.52 46,
9.43 50,
9.50 54,
9.59 58,
9.72 58,
9.62 64,
9.54 77,
9.47 84,
9.49 91,
9.22 91,
9.10 97,
9.02 112,
9.00 119,
9.06 124,
9.15 124,
9.26 127,
9.30 129,
9.28 131,
9.40 133,
9.52 133,
9.52 134,
9.56 138,
9.53 140,
9.61 142,
9.81 142,
10.05 142,
10.51 144,
11.44 147,
11.58 152,
11.52 152,
11.46 166,
11.27 172,
10.37 153,
13.18 165,
11.85 165,
12.73 167,
13.06 160,
13.35 147,
14.80 121,
13.21 157,
13.17 160,
12.72 163,
11.96 163,
11.85 157,
11.74 157,
12.21 148,
13.76 131,
14.07 132,
15.47 111,
14.21 108,
14.29 105,
14.15 104,
14.52 108,
13.97 123,
13.74 123,
16.56 135,
15.34 112,
15.03 121,
14.99 120,
15.14 120,
15.36 125,
15.54 78,
14.19 57,
14.79 52,
14.87 52,
14.74 51,
14.52 47,
14.50 41,
16.16 34,
16.51 34,
16.62 25,
17.35 28,
17.52 38,
17.26 9,
17.17 9,
16.38 9,
16.49 16,
18.50 9,
18.31 18,
14.13 18,
14.81 45,
15.63 65,
15.44 65,
15.78 68,
16.80 68,
17.50 72,
17.31 72,
16.76 71,
17.64 86,
18.48 86,
19.38 99,
19.14 102,
18.82 94,
18.61 96,
17.21 89,
16.60 88,
16.02 93,
15.55 99,
15.41 106,
15.44 106,
15.34 113,
15.45 120,
15.74 115,
16.15 113,
16.23 115,
16.06 120,
16.29 125,
16.79 133,
17.67 143,
19.57 143,
20.67 146,
20.66 148,
24.08 139,
25.72 124,
24.84 124,
21.80 88,
16.29 17,
12.67 17,
10.01 10,
9.73 35,
7.34 61,
6.81 88,
6.95 112,
7.65 125,
8.48 125,
9.72 137,
10.74 141,
12.71 139,
13.43 132,
14.08 121,
14.72 104,
15.84 86,
15.77 70,
15.47 57,
15.08 57,
13.63 56,
13.55 50,
12.56 54,
11.82 68,
10.82 68,
10.68 81,
10.81 104,
11.17 110,
11.30 112,
11.52 112,
11.67 112,
12.36 113,
12.51 127,
12.83 149,
15.60 149,
9.18 174,
10.63 77,
9.91 67,
9.51 58,
9.32 51,
9.19 46,
9.13 41,
9.04 35,
9.16 28,
9.18 24,
9.29 22,
10.09 20,
10.46 20,
10.43 17,
9.98 17,
10.15 10,
10.57 11,
10.87 7,
11.11 8,
10.94 10,
10.76 12,
10.61 12,
10.60 11,
10.85 11,
11.06 11,
11.31 10,
11.28 8,
11.25 7,
11.17 8,
11.15 8,
11.20 9,
11.24 10,
11.32 11,
11.38 13,
11.42 14,
11.47 15,
11.57 16,
11.74 16,
11.90 16,
11.99 16,
11.81 16,
11.74 21,
11.86 22,
11.92 22,
11.94 22,
11.87 22,
11.74 22,
11.66 23,
11.57 24,
11.56 24,
11.58 23,
11.68 23,
11.73 23,
11.81 23,
11.83 23,
11.85 22,
11.81 22,
11.83 22,
11.85 22,
11.88 24,
12.03 25,
12.12 25,
12.26 25,
12.50 23,
12.57 23,
12.58 22,
12.64 20,
12.64 19,
12.66 18,
12.62 16,
12.56 15,
12.47 15,
12.36 14,
12.35 13,
12.32 13,
12.30 12,
12.30 9,
12.28 9,
12.32 8,
12.37 8,
12.38 7,
12.35 6,
12.29 6,
12.29 6,
12.27 6,
12.20 6,
12.20 6,
12.18 7,
12.14 8,
12.27 8,
12.34 8,
12.33 8,
12.34 7,
12.42 7,
12.38 7,
12.34 7,
12.29 7,
12.34 7,
12.41 7,
12.57 7,
12.65 7,
12.31 8,
12.12 7,
12.08 7,
12.22 7,
12.37 4,
12.57 1,
12.47 1,
12.36 3,
12.30 5,
12.29 5,
12.33 6,
12.34 5,
12.39 5,
12.43 5,
12.49 4,
12.46 3,
12.44 2,
12.38 2,
12.38 2,
12.36 2,
12.37 2,
12.33 2,
12.33 1,
12.40 1,
12.41 1,
12.42 1,
12.45 1,
12.56 1,
12.46 1,
12.35 1,
12.41 0,
12.57 1,
12.39 1,
12.32 0,
12.33 0,
12.39 1,
12.45 0,
12.43 0,
12.44 1,
12.42 1,
12.39 1,
12.35 1,
12.40 1,
12.43 1,
12.40 1,
12.40 1,
12.39 1,
12.41 1,
12.43 2,
12.41 2,
12.41 1,
12.38 1,
12.39 1,
12.43 1,
12.44 1,
12.42 1,
12.46 1,
12.44 1,
12.46 1,
12.43 1,
12.38 1,
12.37 1,
12.43 1,
12.45 1,
12.49 1,
12.48 1,
12.43 1,
12.43 0,
12.45 1,
12.38 1,
12.38 1,
12.40 1,
12.34 0,
12.41 0,
12.43 1,
12.39 1,
12.46 1,
12.48 1,
12.49 1,
12.48 1,
12.46 2,
12.41 2,
12.40 2,
12.35 1,
12.41 1,
12.53 1,
12.67 2,
12.75 4,
12.31 5,
12.24 3,
12.19 2,
12.16 1,
12.43 2,
12.53 2,
12.60 1,
12.50 1,
12.34 1,
12.36 2,
12.39 2,
12.36 2,
12.35 1,
12.38 1,
12.43 1,
12.49 0,
12.50 0,
12.47 0,
12.45 1,
12.41 2,
12.43 2,
12.37 2,
12.36 2,
12.38 2,
12.36 2,
12.39 1,
12.43 1,
12.56 1,
12.45 1,
12.34 1,
12.61 1,
12.57 2,
12.51 2,
12.33 1,
12.34 0,
12.38 0,
12.42 0,
12.39 0,
12.42 0,
12.44 0,
12.42 0,
12.46 0,
12.40 0,
12.40 1,
12.41 1,
12.40 1,
12.41 1,
12.39 0,
12.37 0,
12.41 2,
12.46 3,
12.54 4,
12.57 5,
12.64 6,
12.75 7,
12.70 7,
12.70 9,
12.66 9,
12.57 9,
12.40 8,
12.35 6,
12.32 4,
12.31 5,
12.35 5,
12.36 5,
12.33 5,
12.33 5,
12.30 5,
12.24 5,
12.24 5,
12.19 5,
12.19 6,
12.20 6,
12.19 6,
12.21 6,
12.26 6,
12.23 6,
12.24 5,
12.19 5,
12.19 5,
12.18 6,
12.10 6,
12.10 6,
12.09 6,
12.11 6,
12.52 6,
12.58 9,
12.21 10,
11.80 6,
12.17 5,
12.07 5,
12.15 3,
12.32 3,
12.20 4,
12.11 5,
12.02 6,
12.03 6,
12.04 5,
12.03 5,
12.01 4,
12.12 3,
12.22 3,
12.31 3,
12.31 2,
12.19 2,
12.15 2,
12.09 2,
12.05 2,
12.06 3,
12.12 2,
12.12 3,
12.26 3,
12.27 3,
12.34 3,
12.38 3,
12.23 3,
12.26 4,
12.41 3,
12.49 2,
12.55 1,
12.39 1,
12.34 2,
12.30 3,
12.37 3,
12.31 3,
12.32 3,
12.37 4,
12.36 4,
12.33 3,
12.38 4,
12.36 3,
12.33 3,
12.34 3,
12.31 4,
12.36 4,
12.35 4,
12.34 4,
12.37 4,
12.39 4,
12.43 3,
12.44 3,
12.44 3,
12.42 3,
12.43 3,
12.42 3,
12.42 3,
12.44 3,
12.38 2,
12.39 2,
12.43 2,
12.40 2,
12.47 1,
12.36 2,
12.39 2,
12.37 2,
12.36 2,
12.40 2,
12.39 2,
12.44 1,
12.42 1,
12.44 1,
12.51 1,
12.47 1,
12.49 1,
12.46 1,
12.44 1,
12.34 1,
12.43 1,
12.52 2,
12.77 1,
12.83 2,
12.26 2,
12.27 3,
12.31 2,
12.31 2,
12.42 3,
12.58 2,
12.67 1,
12.52 2,
12.49 2,
12.43 2,
12.48 3,
12.43 3,
12.44 3,
12.48 3,
12.52 3,
12.55 2,
12.51 2,
12.49 2,
12.45 1,
12.40 1,
12.42 0,
12.48 0,
12.44 0,
12.49 0,
12.52 0,
12.52 0,
12.56 0,
12.56 0,
12.41 0,
12.47 0,
12.62 1,
12.54 1,
12.46 1,
12.40 0,
12.48 0,
12.50 0,
12.47 1,
12.42 1,
12.45 1,
12.44 1,
12.45 1,
12.49 1,
12.48 1,
12.46 1,
12.48 1,
12.43 1,
12.49 1,
12.43 0,
12.48 0,
12.47 1,
12.49 1,
12.46 1,
12.43 1,
12.45 1,
12.46 0,
12.48 0,
12.45 0,
12.47 0,
12.49 0,
12.48 0,
12.47 1,
12.47 0,
12.43 0,
12.44 0,
12.49 0,
12.46 0,
12.47 0,
12.45 1,
12.46 0,
12.50 1,
12.47 1,
12.44 1,
12.48 1,
12.48 1,
12.48 1,
12.47 1,
12.48 1,
12.47 1,
12.50 1,
12.54 1,
12.50 1,
12.51 1,
12.46 1,
12.49 1,
12.46 1,
12.46 1,
12.38 1,
12.40 1,
12.43 2,
12.74 1,
12.89 1,
12.78 3,
12.46 3,
12.39 2,
12.37 2,
12.36 2,
12.56 2,
12.66 2,
12.71 0,
12.57 2,
12.51 2,
12.53 3,
12.54 3,
12.51 3,
12.57 3,
12.57 3,
12.60 3,
12.61 2,
12.61 1,
12.56 2,
12.53 1,
12.48 1,
12.50 1,
12.49 1,
12.54 0,
12.56 0,
12.60 0,
12.62 0,
12.62 1,
12.55 1,
12.56 1,
12.61 1,
12.68 2,
12.60 2,
12.55 0,
12.50 0,
12.60 0,
12.63 0,
12.60 1,
12.63 1,
12.54 1,
12.53 1,
12.59 1,
12.58 0,
12.53 0,
12.54 0,
12.59 0,
12.56 0,
12.59 0,
12.63 0,
12.61 0,
12.60 0,
12.55 0,
12.58 0,
12.58 0,
12.60 0,
12.63 0,
12.58 0,
12.60 0,
12.62 0,
12.58 0,
12.64 0,
12.60 0,
12.62 0,
12.59 0,
12.57 0,
12.54 0,
12.56 1,
12.57 0,
12.55 0,
12.55 0,
12.54 0,
12.57 0,
12.59 0,
12.61 0,
12.61 1,
12.58 1,
12.56 1,
12.55 1,
12.58 1,
12.55 1,
12.62 1,
12.57 1,
12.64 1,
12.61 1,
12.56 1,
12.60 1,
12.62 1,
12.60 1,
12.56 0,
12.57 0,
12.58 0,
12.90 3,
12.97 4,
12.71 4,
12.39 3,
12.43 1,
12.46 2,
12.47 1,
12.69 0,
12.74 0,
12.66 1,
12.57 2,
12.57 2,
12.62 3,
12.63 2,
12.63 2,
12.56 1,
12.64 1,
12.64 0,
12.62 1,
12.66 1,
12.56 2,
12.54 2,
12.52 3,
12.54 3,
12.48 2,
12.53 1,
12.54 1,
12.66 1,
12.69 2,
12.53 1,
12.50 0,
12.58 2,
12.73 2,
12.69 2,
12.54 1,
12.46 0,
12.46 1,
12.64 1,
ex,