14.07 13,
14.04 12,
13.76 13,
13.70 14,
13.76 14,
13.73 15,
13.79 15,
13.79 12,
13.83 11,
13.80 11,
13.98 9,
13.93 7,
13.92 5,
13.91 4,
13.91 5,
13.99 6,
14.01 5,
14.06 4,
14.06 3,
13.99 2,
14.01 3,
13.89 3,
13.81 2,
13.77 1,
13.77 2,
13.81 3,
13.81 2,
13.74 3,
13.83 4,
13.86 4,
13.86 4,
13.85 3,
13.98 3,
14.02 4,
14.00 4,
14.00 4,
13.97 4,
13.74 4,
13.81 3,
13.94 3,
14.08 3,
14.13 4,
13.83 2,
13.52 5,
13.75 0,
13.79 1,
13.76 0,
13.81 2,
13.97 4,
13.99 5,
13.99 4,
13.95 3,
14.01 3,
14.01 3,
13.87 3,
13.89 3,
13.90 2,
13.91 1,
13.88 1,
13.90 1,
13.83 1,
13.79 1,
13.69 1,
13.67 2,
13.73 2,
13.73 5,
13.77 4,
13.72 3,
13.92 5,
14.08 7,
14.08 10,
14.01 12,
14.30 14,
14.10 17,
13.95 20,
13.95 19,
13.79 15,
13.72 14,
13.73 13,
13.67 13,
13.59 12,
13.52 11,
13.59 10,
13.69 9,
13.83 8,
13.84 8,
13.83 8,
13.80 7,
13.82 7,
13.81 5,
13.88 4,
13.92 4,
13.95 3,
13.99 4,
14.06 4,
14.08 5,
14.07 6,
13.94 6,
13.86 6,
13.76 5,
13.77 4,
13.69 4,
13.76 4,
13.85 3,
13.88 5,
13.88 5,
13.92 5,
14.05 4,
14.08 4,
14.14 3,
14.14 3,
14.09 2,
14.01 2,
13.95 3,
13.99 3,
13.99 4,
14.02 4,
14.09 4,
14.26 3,
14.22 3,
14.19 2,
14.03 3,
13.93 4,
13.90 4,
13.85 4,
13.87 5,
13.87 5,
13.81 5,
13.82 6,
13.82 7,
13.82 8,
13.91 8,
13.86 8,
13.90 6,
13.96 6,
14.05 5,
14.26 4,
14.22 4,
14.02 4,
13.81 8,
13.73 10,
13.97 4,
13.80 3,
13.81 5,
13.91 5,
13.83 3,
13.70 3,
13.64 2,
13.74 5,
13.88 6,
13.88 6,
13.94 5,
14.00 4,
14.00 3,
13.99 1,
13.99 3,
13.93 1,
13.86 2,
13.92 2,
14.01 2,
14.05 2,
13.97 2,
13.95 5,
13.92 5,
14.09 3,
14.03 4,
14.06 4,
13.80 4,
13.81 3,
13.85 1,
14.05 3,
14.05 3,
14.05 6,
14.25 6,
14.26 6,
14.21 9,
14.04 10,
13.84 9,
13.60 9,
13.61 8,
13.74 8,
13.82 11,
13.87 12,
13.95 13,
13.82 13,
13.82 12,
13.83 12,
13.87 12,
13.74 13,
13.73 14,
13.73 14,
13.66 13,
13.48 12,
13.47 11,
13.33 9,
13.33 8,
13.10 6,
13.15 5,
13.30 7,
13.50 8,
13.50 7,
13.46 7,
13.48 7,
13.69 7,
13.67 7,
13.57 8,
13.54 8,
13.57 9,
13.63 10,
13.68 10,
13.81 9,
13.85 8,
13.91 7,
13.84 8,
13.91 6,
13.89 3,
13.88 3,
13.81 3,
13.84 3,
13.84 3,
13.81 4,
13.89 4,
13.92 3,
13.90 3,
13.95 3,
13.95 3,
13.94 2,
13.89 2,
13.89 2,
13.88 2,
13.88 3,
13.94 3,
13.84 3,
13.87 3,
13.90 3,
13.90 3,
13.85 3,
13.80 3,
13.79 3,
13.83 2,
13.83 2,
13.81 2,
13.83 2,
13.88 2,
13.91 1,
13.92 1,
13.94 1,
13.89 1,
13.86 1,
13.90 1,
13.84 2,
13.82 1,
13.84 1,
13.92 1,
13.92 2,
14.16 1,
14.07 0,
13.71 1,
13.67 0,
13.77 1,
13.73 1,
13.73 2,
13.85 3,
13.92 2,
13.86 1,
13.83 1,
13.85 1,
13.89 2,
13.93 2,
13.94 3,
13.88 3,
13.89 3,
13.87 3,
13.83 3,
13.84 2,
13.82 1,
13.79 1,
13.77 0,
13.78 0,
13.86 0,
13.87 0,
13.87 0,
13.85 0,
13.88 0,
13.92 0,
13.74 0,
13.75 0,
13.74 0,
13.85 0,
13.89 1,
13.86 1,
13.73 1,
13.78 0,
13.84 1,
13.88 1,
13.85 1,
13.82 1,
13.74 0,
13.79 0,
13.79 0,
13.80 1,
13.81 0,
13.82 0,
13.84 0,
13.78 0,
13.83 0,
13.86 0,
13.82 0,
13.81 0,
13.82 0,
13.80 0,
13.86 0,
13.82 0,
13.82 0,
13.82 0,
13.86 0,
13.82 0,
13.84 0,
13.87 0,
13.84 0,
13.83 0,
13.85 0,
13.81 0,
13.83 0,
13.85 0,
13.85 0,
13.86 0,
13.87 0,
13.89 0,
13.91 0,
13.90 0,
13.95 0,
13.89 0,
13.85 0,
13.83 0,
13.84 0,
13.86 0,
13.82 0,
13.82 0,
13.87 0,
13.86 0,
13.87 1,
13.85 0,
13.86 0,
13.91 0,
13.87 0,
13.87 0,
13.86 0,
13.87 0,
13.88 0,
13.83 0,
13.82 0,
13.77 0,
13.80 0,
13.80 0,
13.85 0,
13.83 0,
13.87 1,
13.88 1,
13.80 1,
13.86 1,
13.83 1,
13.81 0,
13.75 0,
13.74 0,
13.74 1,
13.81 1,
13.98 1,
14.06 0,
13.90 2,
13.90 2,
13.73 1,
13.75 1,
13.67 2,
13.90 1,
13.94 2,
13.88 3,
13.78 4,
13.65 3,
13.68 4,
13.79 4,
13.93 4,
13.88 3,
13.89 3,
13.88 3,
13.87 3,
13.82 3,
13.87 3,
13.88 3,
13.82 3,
13.82 4,
13.72 3,
13.69 2,
13.87 2,
13.95 2,
13.95 3,
13.98 4,
13.93 5,
13.72 6,
13.79 5,
13.79 4,
14.03 3,
14.11 4,
14.01 5,
13.80 5,
13.80 4,
13.77 4,
13.83 4,
13.86 3,
13.89 3,
13.94 3,
13.97 4,
13.94 4,
13.94 4,
13.93 3,
13.89 3,
13.91 3,
13.96 2,
13.94 2,
13.92 3,
13.95 3,
13.92 3,
13.82 3,
13.90 3,
13.86 3,
13.87 3,
13.89 3,
13.74 3,
14.00 5,
13.92 14,
13.79 6,
13.72 4,
13.83 5,
13.83 7,
13.84 3,
13.84 2,
13.82 2,
13.90 3,
13.87 7,
13.91 5,
13.91 3,
13.83 3,
13.79 4,
13.81 4,
13.77 5,
13.77 5,
13.77 5,
13.75 6,
13.72 6,
13.47 7,
13.47 8,
13.05 9,
12.76 11,
12.62 13,
12.44 15,
12.47 16,
12.28 23,
13.30 31,
12.76 25,
12.43 22,
12.79 24,
13.12 25,
13.01 26,
12.96 29,
13.04 35,
13.14 42,
13.13 48,
13.04 51,
12.98 53,
13.01 55,
13.01 57,
13.14 59,
12.51 61,
12.38 53,
12.88 58,
12.88 64,
13.42 64,
14.40 82,
13.18 97,
12.89 83,
12.89 79,
12.86 86,
13.16 95,
13.41 107,
13.08 95,
13.08 97,
12.67 94,
12.68 97,
12.81 101,
13.08 105,
13.12 109,
13.18 112,
13.25 115,
13.48 118,
13.66 119,
13.88 122,
13.89 124,
13.91 126,
14.10 129,
14.13 132,
13.66 135,
14.47 136,
14.82 133,
15.47 121,
17.03 106,
18.32 89,
16.94 70,
17.63 62,
17.87 63,
16.71 64,
16.71 66,
14.57 69,
14.63 71,
13.91 99,
14.14 117,
14.14 118,
17.15 123,
18.17 135,
18.73 138,
19.11 133,
19.11 121,
20.05 109,
20.26 97,
20.33 86,
19.83 81,
19.30 81,
18.66 79,
17.25 72,
16.70 67,
16.36 63,
16.02 61,
15.66 59,
15.28 57,
15.52 51,
15.23 48,
15.13 50,
14.87 50,
14.82 48,
14.13 47,
14.14 44,
14.14 45,
13.56 43,
13.51 44,
13.36 41,
13.17 37,
13.17 24,
13.43 17,
13.33 30,
13.31 27,
13.75 25,
13.75 23,
13.79 26,
13.48 25,
13.75 27,
12.45 43,
12.45 59,
13.49 44,
11.23 61,
13.25 69,
15.21 63,
15.21 51,
12.34 54,
12.89 59,
13.75 66,
12.32 65,
12.95 64,
14.47 69,
13.51 72,
12.84 84,
12.73 87,
12.78 84,
12.95 81,
12.93 79,
12.88 76,
13.23 72,
13.75 68,
13.93 70,
13.92 73,
14.01 74,
14.88 76,
15.01 78,
14.82 78,
14.80 81,
14.74 86,
14.76 91,
14.76 95,
14.58 96,
14.63 96,
14.67 95,
14.76 96,
14.76 95,
14.02 91,
13.41 93,
13.00 94,
12.81 96,
12.81 98,
12.40 97,
12.06 96,
12.12 96,
12.15 93,
12.24 91,
12.44 91,
12.59 89,
12.51 91,
12.43 93,
12.20 94,
12.24 95,
12.42 97,
12.80 99,
12.78 101,
12.86 102,
12.96 102,
13.14 103,
13.25 104,
13.20 106,
13.22 108,
13.18 110,
13.18 112,
13.18 114,
13.13 116,
12.88 115,
12.65 113,
12.55 112,
12.36 111,
12.18 110,
12.18 111,
11.65 112,
11.65 112,
11.78 113,
11.79 114,
11.79 114,
11.98 114,
11.72 113,
11.60 112,
12.04 113,
12.04 113,
12.37 113,
12.46 110,
12.32 105,
12.10 99,
12.17 95,
12.13 92,
11.82 88,
11.65 84,
11.37 80,
11.10 77,
11.09 73,
11.09 69,
10.90 66,
11.35 66,
10.62 62,
10.66 60,
10.88 58,
10.81 56,
11.01 55,
11.07 51,
11.03 46,
10.86 43,
10.85 39,
10.96 37,
11.04 37,
11.05 38,
10.85 38,
10.71 38,
10.39 37,
10.39 34,
10.49 32,
10.47 29,
10.40 27,
10.40 24,
10.40 22,
10.31 20,
10.18 19,
10.27 17,
10.28 15,
10.07 15,
10.04 15,
10.05 14,
10.14 15,
9.99 15,
9.99 16,
10.20 14,
10.30 15,
10.27 13,
10.12 10,
9.91 15,
9.97 13,
10.11 13,
10.16 13,
10.18 12,
10.21 10,
10.23 8,
10.35 7,
10.28 6,
10.23 5,
10.19 5,
10.16 4,
10.17 4,
10.18 3,
10.24 2,
10.25 1,
10.35 1,
10.27 1,
10.27 1,
10.09 1,
10.07 1,
10.21 1,
10.23 1,
10.17 2,
10.30 2,
10.30 3,
10.23 4,
10.23 4,
10.21 3,
10.25 3,
10.24 3,
10.25 3,
10.24 4,
10.19 4,
10.18 4,
10.20 5,
10.17 5,
10.17 5,
10.15 6,
10.12 6,
10.11 6,
10.12 6,
10.03 6,
10.05 6,
10.01 5,
10.01 5,
10.08 4,
10.15 4,
10.19 3,
10.23 3,
10.27 3,
10.22 3,
10.06 3,
10.04 3,
10.08 5,
10.17 6,
10.14 6,
10.24 6,
10.22 5,
10.10 3,
10.10 4,
10.16 5,
10.27 5,
10.31 5,
10.26 3,
10.26 3,
10.19 3,
10.24 4,
10.20 4,
10.20 5,
10.20 5,
10.20 5,
10.23 5,
10.23 5,
10.21 5,
10.18 6,
10.28 6,
10.24 6,
10.29 6,
10.24 6,
10.35 6,
10.42 7,
10.20 7,
10.34 7,
10.42 7,
10.46 7,
10.44 6,
10.49 6,
10.50 8,
10.50 9,
10.49 11,
10.48 12,
10.47 14,
10.59 16,
10.59 19,
10.63 20,
10.72 22,
10.87 23,
11.13 25,
11.27 27,
11.27 29,
11.58 31,
11.16 32,
12.59 33,
12.86 29,
12.86 33,
12.39 33,
12.16 32,
12.10 30,
12.03 32,
12.03 35,
11.53 35,
11.39 34,
11.43 36,
11.44 38,
11.52 40,
11.69 42,
12.06 44,
12.29 44,
12.32 44,
12.57 48,
12.55 52,
12.51 55,
12.43 57,
12.44 59,
12.26 61,
12.31 62,
12.51 63,
12.55 56,
11.98 59,
11.88 61,
11.73 59,
11.24 57,
11.24 56,
11.13 55,
11.13 55,
10.93 54,
10.98 51,
10.98 48,
10.28 46,
10.28 44,
10.03 42,
10.06 44,
10.16 43,
10.22 41,
10.22 39,
10.03 38,
9.43 39,
9.31 41,
9.36 41,
9.36 39,
9.95 38,
10.22 36,
10.50 36,
11.14 38,
11.22 40,
11.22 43,
11.18 46,
11.35 50,
11.35 53,
11.64 55,
11.78 58,
11.72 63,
11.64 65,
11.46 67,
11.34 70,
11.21 72,
11.00 75,
10.54 79,
10.28 81,
10.08 82,
9.99 85,
9.72 87,
9.72 85,
9.73 85,
9.73 87,
10.04 89,
10.03 89,
10.00 89,
10.05 90,
10.05 93,
10.19 93,
10.20 93,
10.16 92,
10.15 92,
10.15 91,
10.06 91,
9.92 90,
9.99 91,
10.01 92,
10.01 93,
10.00 93,
9.82 95,
9.94 95,
10.07 97,
10.34 99,
10.42 99,
10.46 100,
10.49 100,
10.42 100,
10.42 100,
10.65 100,
10.73 100,
10.91 99,
10.92 99,
10.83 96,
10.68 96,
10.45 96,
10.42 93,
10.26 91,
10.26 89,
10.49 89,
10.67 88,
10.77 85,
10.88 85,
10.88 87,
11.53 87,
11.69 99,
17.80 127,
18.52 123,
18.52 116,
13.71 116,
14.58 90,
14.27 76,
13.20 59,
13.20 52,
10.24 60,
9.58 69,
9.90 77,
10.09 81,
10.09 86,
9.91 93,
10.06 99,
10.68 105,
11.68 107,
12.63 107,
14.28 106,
15.02 104,
15.38 102,
15.21 102,
14.80 103,
13.48 101,
16.67 98,
15.84 95,
14.61 87,
13.49 88,
12.63 94,
11.21 100,
10.53 106,
9.87 113,
9.87 116,
10.23 114,
12.24 111,
12.20 107,
11.82 102,
11.82 97,
11.84 92,
12.21 89,
12.21 86,
11.76 81,
11.76 82,
11.72 79,
12.96 72,
12.97 68,
12.69 65,
12.69 62,
11.95 58,
11.59 53,
11.64 48,
11.93 44,
11.93 43,
12.16 44,
12.24 44,
12.56 42,
12.85 40,
13.17 39,
13.41 39,
13.45 38,
13.38 39,
13.26 39,
13.04 39,
13.02 39,
13.38 37,
13.67 37,
13.79 41,
13.77 42,
13.79 44,
13.81 45,
13.91 46,
14.04 48,
14.04 51,
14.32 57,
14.46 72,
16.13 90,
16.95 89,
16.95 88,
15.05 90,
15.48 91,
14.52 87,
12.90 80,
12.90 73,
12.49 65,
10.48 60,
9.45 53,
9.45 47,
9.60 41,
9.96 34,
11.17 26,
11.46 23,
11.49 26,
11.49 31,
11.12 35,
11.06 37,
11.08 40,
11.18 45,
11.79 50,
11.94 53,
12.49 57,
12.92 58,
12.12 59,
11.71 59,
11.35 61,
11.07 62,
10.93 64,
10.72 65,
10.61 64,
10.26 68,
10.39 70,
10.38 72,
10.32 73,
10.64 78,
10.67 83,
10.69 86,
10.78 88,
10.77 89,
10.80 90,
10.81 90,
10.93 90,
10.76 95,
10.47 97,
10.37 99,
10.07 99,
9.83 99,
9.82 98,
10.01 94,
10.60 91,
10.49 91,
10.27 93,
9.97 94,
9.93 96,
10.01 95,
10.11 93,
10.33 90,
10.40 88,
10.41 88,
10.37 89,
10.53 90,
10.54 91,
10.58 92,
11.07 93,
11.45 92,
11.82 91,
12.09 90,
12.53 89,
12.67 90,
12.81 94,
12.89 98,
12.73 101,
12.44 103,
12.22 104,
12.25 107,
13.78 113,
14.75 124,
16.99 140,
16.75 132,
15.36 120,
14.37 107,
13.70 91,
11.65 84,
10.67 86,
9.88 89,
9.56 94,
8.66 99,
8.37 103,
8.31 106,
8.10 107,
9.56 107,
10.65 104,
11.79 104,
13.72 103,
14.19 99,
14.51 94,
14.51 88,
13.86 91,
13.84 93,
13.82 92,
13.69 90,
13.24 89,
12.86 88,
12.65 88,
12.37 87,
12.13 90,
11.71 94,
11.72 96,
11.20 95,
10.99 95,
10.94 94,
11.05 92,
11.37 89,
11.51 85,
11.64 82,
11.82 76,
12.20 71,
12.07 63,
11.76 59,
12.38 56,
12.25 51,
12.20 48,
12.19 44,
12.24 40,
12.12 40,
11.85 38,
11.59 34,
11.38 31,
11.40 28,
11.45 26,
11.71 23,
11.82 22,
12.13 22,
12.35 23,
12.87 26,
13.20 30,
13.33 33,
13.36 34,
13.12 34,
13.13 32,
13.05 32,
12.88 34,
13.22 36,
13.52 40,
13.84 46,
14.85 55,
14.87 64,
15.54 67,
16.50 65,
16.27 68,
15.88 71,
15.44 76,
15.56 80,
15.20 83,
14.11 83,
13.21 84,
12.25 84,
11.81 79,
11.08 75,
10.29 72,
9.15 69,
9.25 66,
9.49 64,
9.85 61,
11.45 54,
12.09 44,
12.30 39,
12.16 38,
11.77 41,
11.72 41,
11.80 44,
11.90 47,
11.94 49,
12.08 53,
12.32 55,
12.62 57,
12.88 60,
12.93 64,
12.72 66,
12.24 66,
11.74 67,
11.19 68,
10.92 65,
10.59 64,
10.34 64,
10.05 65,
9.64 74,
9.56 79,
9.41 83,
9.35 86,
9.28 90,
9.36 94,
9.45 97,
9.60 100,
9.59 100,
9.63 102,
9.68 104,
9.93 104,
10.13 104,
10.28 103,
10.45 103,
10.73 103,
10.71 103,
10.63 104,
10.63 104,
11.02 103,
11.24 99,
11.24 98,
11.23 99,
11.12 99,
11.17 99,
11.07 99,
10.78 99,
10.57 99,
10.32 100,
10.10 101,
10.18 101,
9.90 100,
9.85 101,
9.84 101,
9.85 102,
9.83 101,
9.75 97,
9.80 94,
9.65 96,
9.93 99,
9.98 98,
10.51 97,
10.58 96,
10.50 96,
10.55 94,
10.80 94,
10.99 94,
11.05 93,
11.06 98,
11.13 101,
11.26 104,
11.45 107,
11.58 110,
11.59 110,
11.56 112,
11.61 118,
12.17 123,
13.44 132,
16.35 152,
20.98 161,
16.29 153,
14.34 136,
13.53 112,
13.56 112,
12.48 91,
10.57 89,
9.20 87,
8.87 83,
9.02 83,
9.27 83,
9.23 94,
8.79 95,
9.52 92,
10.66 86,
11.89 80,
13.84 76,
14.10 76,
14.16 79,
14.16 79,
14.22 83,
14.27 83,
13.97 79,
13.41 74,
13.06 67,
12.60 61,
12.16 56,
11.39 53,
11.14 52,
10.95 52,
10.64 52,
10.51 53,
10.42 51,
10.33 48,
10.53 44,
10.70 39,
10.77 34,
10.78 27,
10.94 22,
10.77 22,
10.79 18,
10.98 9,
11.54 8,
11.60 10,
11.60 10,
11.43 11,
11.38 14,
11.33 17,
11.43 19,
11.17 19,
10.77 20,
10.83 20,
11.03 19,
11.43 21,
11.45 21,
11.76 24,
11.93 27,
12.07 26,
12.19 25,
12.23 25,
12.10 24,
12.04 23,
12.18 24,
12.28 26,
12.48 26,
12.54 28,
12.61 33,
12.87 37,
13.35 42,
13.70 42,
14.41 46,
15.37 66,
15.67 77,
14.97 67,
14.85 67,
14.32 57,
14.30 35,
13.87 33,
13.04 33,
11.62 33,
11.06 35,
10.32 29,
9.46 24,
8.97 30,
9.09 30,
9.36 35,
10.36 39,
10.80 40,
11.33 41,
11.67 41,
11.69 42,
11.75 47,
11.76 43,
11.74 40,
12.42 40,
12.90 38,
13.31 25,
13.27 20,
12.79 21,
12.32 21,
11.90 27,
10.93 38,
10.56 38,
10.28 36,
10.16 36,
10.12 30,
9.98 16,
9.76 13,
9.49 15,
9.44 15,
9.57 18,
9.69 23,
10.00 25,
10.19 28,
10.18 28,
10.21 32,
9.92 38,
9.57 39,
9.30 42,
9.34 42,
9.95 50,
10.21 56,
10.30 57,
10.14 56,
9.51 56,
9.23 55,
9.17 58,
9.84 57,
10.14 55,
10.44 55,
10.48 53,
10.55 55,
10.73 56,
10.92 56,
10.97 56,
11.65 56,
12.26 57,
13.02 55,
14.34 57,
14.73 57,
14.98 66,
15.14 85,
16.36 96,
17.36 112,
17.86 112,
16.09 119,
13.47 98,
13.49 91,
14.18 83,
14.13 83,
11.94 72,
11.24 47,
10.79 47,
11.19 54,
10.62 54,
10.35 66,
10.52 87,
11.23 95,
11.71 99,
12.04 99,
12.19 99,
12.05 94,
11.82 89,
11.66 92,
11.79 92,
12.05 93,
12.41 88,
12.77 85,
12.99 81,
12.81 81,
12.65 77,
12.29 70,
11.66 67,
11.27 63,
10.88 63,
10.63 60,
10.11 52,
10.16 49,
10.31 47,
10.43 47,
10.46 45,
10.33 43,
10.82 41,
10.57 40,
10.41 40,
11.25 37,
11.54 24,
10.84 22,
10.71 18,
10.38 18,
10.33 14,
10.40 10,
10.51 12,
10.47 17,
10.67 17,
10.94 21,
11.18 17,
11.26 18,
11.51 17,
11.69 17,
11.82 17,
11.95 19,
12.14 20,
12.24 22,
12.45 22,
12.75 24,
12.86 28,
12.87 30,
12.92 32,
13.06 32,
13.06 35,
13.08 40,
12.95 45,
13.66 46,
14.09 46,
14.15 50,
15.38 65,
15.53 58,
14.91 58,
14.67 58,
14.75 59,
13.73 55,
12.31 51,
11.54 46,
10.58 46,
9.92 39,
9.27 24,
9.15 17,
8.97 12,
9.10 12,
9.63 14,
11.04 20,
11.35 26,
11.39 30,
11.44 30,
10.79 31,
10.96 24,
11.74 22,
11.87 12,
12.09 12,
12.14 12,
12.45 16,
12.62 13,
11.02 13,
11.14 13,
10.93 22,
10.28 30,
9.95 29,
10.14 24,
10.01 24,
9.52 19,
9.40 8,
9.62 14,
9.85 20,
9.82 20,
9.53 22,
9.16 24,
9.11 25,
9.03 33,
9.13 33,
9.67 43,
10.24 53,
10.31 53,
10.41 53,
10.48 53,
10.20 49,
10.09 55,
10.11 59,
10.06 61,
10.15 61,
10.16 61,
10.17 57,
10.41 54,
10.52 51,
10.75 51,
10.89 48,
11.31 44,
11.33 49,
11.25 52,
11.25 52,
11.24 53,
11.46 58,
11.92 64,
12.02 66,
14.08 66,
14.00 69,
14.25 80,
17.18 91,
17.71 106,
17.28 106,
16.06 108,
14.93 96,
13.93 91,
12.67 83,
11.66 83,
10.37 71,
10.36 56,
10.66 63,
11.13 69,
10.90 69,
10.30 69,
9.99 82,
10.28 92,
10.63 99,
11.05 99,
11.86 102,
12.52 100,
12.59 104,
12.63 109,
12.68 109,
13.09 113,
13.23 116,
13.27 116,
13.26 114,
13.16 114,
13.08 109,
13.03 91,
12.51 84,
11.84 83,
11.05 83,
10.57 87,
9.88 82,
9.58 78,
9.79 72,
10.21 72,
10.23 67,
10.35 62,
10.46 59,
10.75 56,
10.85 56,
11.00 53,
11.12 47,
11.32 42,
11.32 36,
11.02 36,
10.67 31,
10.81 29,
10.94 29,
10.78 29,
10.75 29,
10.74 26,
10.66 18,
10.60 14,
11.08 15,
11.25 15,
11.55 16,
11.71 19,
11.95 22,
12.10 23,
12.31 23,
12.43 24,
12.60 23,
12.75 23,
12.96 22,
13.48 22,
13.63 24,
13.73 30,
13.86 34,
14.46 38,
15.40 38,
15.76 49,
16.16 66,
15.09 66,
14.29 63,
13.52 63,
14.49 59,
13.89 58,
12.44 53,
11.28 47,
10.11 47,
9.37 40,
9.11 27,
9.41 25,
10.33 21,
10.62 21,
10.84 16,
11.22 10,
11.76 12,
11.76 14,
11.57 14,
10.90 19,
11.26 27,
10.92 29,
11.13 36,
12.17 36,
13.34 42,
13.25 41,
11.82 52,
10.93 59,
11.00 59,
10.91 61,
10.76 63,
10.65 64,
10.40 64,
10.26 64,
10.14 62,
10.07 66,
9.79 70,
9.74 73,
9.91 73,
9.91 75,
9.90 76,
9.76 77,
9.80 79,
9.87 79,
9.92 80,
9.88 80,
9.96 81,
9.99 82,
10.00 82,
10.07 82,
10.45 81,
10.46 78,
10.60 75,
10.47 75,
10.39 77,
10.33 82,
10.26 83,
10.31 83,
10.29 83,
10.34 83,
10.60 82,
10.64 80,
10.63 79,
10.69 79,
10.97 78,
11.26 79,
11.64 80,
11.91 80,
12.51 80,
12.97 79,
13.62 94,
15.63 108,
16.37 120,
16.78 120,
17.14 126,
17.35 126,
15.05 117,
12.83 105,
11.80 105,
11.27 95,
10.54 92,
9.93 103,
9.53 115,
9.27 115,
9.14 124,
8.81 139,
9.44 145,
10.18 147,
11.05 147,
11.96 149,
13.29 156,
13.53 164,
14.05 166,
14.30 166,
14.57 167,
15.10 159,
15.25 151,
14.60 144,
13.80 144,
13.05 136,
12.51 122,
11.44 123,
11.25 127,
11.35 127,
10.71 130,
10.68 130,
10.44 130,
10.80 127,
11.44 127,
12.17 118,
11.64 103,
11.29 100,
11.36 96,
11.55 96,
11.66 91,
11.72 80,
11.64 75,
11.39 71,
11.38 71,
11.37 65,
11.15 53,
10.84 51,
10.68 49,
10.88 49,
10.96 45,
11.10 37,
11.35 35,
11.64 34,
11.75 34,
11.90 34,
12.00 34,
12.09 33,
12.17 33,
12.12 33,
12.01 34,
11.91 34,
12.07 33,
12.31 32,
13.11 32,
13.57 31,
14.02 29,
14.39 31,
15.14 35,
15.86 35,
16.23 46,
16.43 65,
15.36 67,
14.79 68,
13.82 68,
15.51 64,
14.75 56,
13.08 50,
11.74 43,
10.64 43,
10.08 38,
9.41 29,
8.94 24,
8.91 17,
9.06 17,
9.33 12,
9.82 11,
10.90 11,
11.29 12,
11.10 12,
11.51 15,
11.49 26,
11.53 32,
11.40 35,
11.52 35,
11.26 36,
11.35 36,
11.47 38,
12.14 40,
12.34 40,
12.71 43,
12.82 52,
12.47 56,
11.59 60,
11.19 60,
10.21 63,
9.86 66,
9.57 66,
9.39 66,
9.33 66,
9.50 66,
9.64 68,
9.54 68,
9.49 69,
9.76 69,
9.86 67,
10.07 70,
10.00 71,
10.41 72,
10.23 72,
9.87 69,
9.61 68,
9.55 70,
9.55 72,
9.81 72,
9.93 73,
10.10 75,
10.27 76,
10.51 76,
10.50 76,
10.44 75,
10.30 74,
10.21 74,
9.99 74,
9.78 74,
9.66 74,
9.71 70,
9.78 67,
9.88 65,
10.42 65,
10.62 63,
10.75 61,
10.97 61,
11.58 63,
11.94 63,
12.41 65,
13.24 72,
13.57 77,
13.91 83,
14.42 83,
17.33 92,
18.08 124,
17.16 123,
15.77 115,
14.98 115,
15.37 110,
14.78 96,
12.29 86,
11.53 76,
11.15 76,
11.00 73,
10.29 85,
9.84 93,
9.47 101,
9.36 101,
9.56 108,
10.16 118,
10.80 118,
12.23 114,
12.66 114,
12.77 112,
12.67 114,
13.04 116,
13.35 115,
13.61 115,
13.68 110,
13.24 99,
12.76 95,
12.25 92,
11.90 92,
11.35 88,
11.12 89,
10.66 89,
10.20 87,
10.08 87,
10.19 85,
10.39 77,
10.25 76,
10.55 74,
11.02 74,
11.28 69,
11.72 61,
11.65 57,
11.85 51,
11.94 51,
11.56 45,
11.29 36,
11.09 32,
11.15 29,
11.10 29,
10.93 24,
10.94 16,
11.25 11,
11.42 8,
11.54 8,
11.68 13,
11.62 24,
11.52 29,
11.58 30,
11.57 30,
11.61 31,
11.57 28,
11.67 27,
11.95 28,
12.19 28,
12.39 27,
12.69 25,
13.37 23,
13.66 23,
13.79 23,
13.97 24,
14.11 28,
14.16 32,
14.22 35,
14.65 35,
15.06 39,
14.99 49,
15.64 67,
13.31 62,
12.97 62,
12.05 41,
12.17 25,
14.51 20,
13.28 14,
11.29 14,
10.21 10,
10.86 14,
11.52 21,
12.30 30,
13.79 30,
14.00 40,
14.54 53,
14.81 65,
13.48 76,
13.51 76,
13.41 85,
13.24 93,
12.78 95,
12.50 97,
12.03 97,
11.95 100,
11.98 96,
11.96 92,
11.58 94,
11.61 94,
11.27 90,
11.09 88,
10.96 87,
10.67 81,
10.39 81,
10.21 77,
10.18 73,
10.06 69,
10.00 67,
10.06 65,
10.35 63,
10.71 59,
10.46 55,
10.71 54,
10.66 52,
10.91 50,
11.28 47,
10.55 50,
10.19 57,
10.57 57,
10.54 57,
10.66 55,
10.77 52,
10.76 50,
10.84 49,
11.18 50,
11.21 53,
11.27 55,
11.33 59,
11.08 63,
10.93 64,
10.67 66,
10.59 69,
11.65 74,
12.29 79,
12.62 85,
13.20 90,
13.83 94,
14.71 99,
15.84 106,
17.68 113,
15.65 118,
14.23 117,
13.07 115,
11.16 114,
10.87 111,
10.37 102,
9.18 84,
8.63 61,
8.21 40,
7.98 45,
8.19 50,
8.78 50,
9.52 44,
10.15 38,
11.10 51,
11.98 62,
12.95 71,
13.83 78,
14.29 82,
14.50 83,
15.19 100,
15.62 113,
15.02 117,
14.56 120,
14.07 121,
12.81 119,
12.16 118,
11.58 118,
11.47 120,
11.39 119,
11.32 119,
11.22 119,
11.19 121,
11.27 123,
11.45 125,
11.79 127,
12.21 129,
12.45 133,
12.60 135,
12.81 139,
13.07 143,
13.13 146,
13.33 145,
13.49 146,
14.50 148,
14.85 150,
15.02 150,
15.41 149,
15.26 148,
15.64 145,
15.59 145,
14.64 144,
14.26 144,
14.03 144,
13.58 146,
12.21 149,
11.90 151,
11.99 156,
12.08 164,
11.90 173,
11.68 177,
11.75 177,
12.36 173,
12.92 166,
13.29 160,
13.27 157,
13.56 156,
13.26 154,
12.58 146,
11.73 130,
11.67 112,
11.88 97,
11.95 87,
11.62 84,
11.85 83,
11.96 81,
11.88 78,
11.41 73,
11.03 69,
10.74 64,
10.63 60,
10.65 57,
10.57 55,
10.44 53,
10.33 51,
10.15 49,
9.92 47,
9.97 42,
10.43 37,
10.33 35,
10.36 32,
10.49 30,
10.73 30,
10.93 34,
11.05 37,
11.20 37,
11.36 37,
11.32 36,
11.23 34,
11.15 31,
11.14 28,
11.10 26,
11.15 24,
11.73 24,
12.07 24,
12.53 21,
12.54 19,
12.24 19,
12.37 19,
11.81 18,
11.16 16,
10.81 12,
10.78 12,
10.57 17,
10.03 21,
10.03 22,
10.29 23,
10.61 24,
10.76 25,
10.75 24,
10.75 23,
10.87 22,
11.10 21,
11.11 19,
11.01 17,
10.74 16,
10.69 16,
10.55 17,
10.40 19,
10.01 20,
9.94 20,
9.85 19,
9.88 17,
10.08 17,
9.95 16,
10.00 15,
10.06 13,
9.97 14,
9.83 13,
9.83 11,
10.01 10,
10.06 9,
10.10 10,
10.14 9,
10.22 8,
10.14 7,
10.14 7,
10.16 8,
10.15 8,
10.14 7,
10.12 7,
10.08 7,
9.99 6,
10.04 5,
10.10 4,
10.27 3,
10.37 2,
10.43 2,
10.42 3,
10.43 4,
10.39 4,
10.29 5,
10.27 6,
10.21 6,
10.36 6,
10.37 4,
10.33 3,
10.34 3,
10.17 3,
10.14 3,
10.12 3,
10.17 4,
10.27 4,
10.33 5,
10.35 5,
10.24 4,
10.15 4,
10.14 4,
10.22 5,
10.31 5,
10.32 6,
10.45 6,
10.34 6,
10.46 7,
10.52 8,
10.46 8,
10.12 8,
10.15 8,
10.19 8,
10.17 8,
10.04 6,
10.03 6,
9.96 5,
10.10 5,
10.14 7,
10.03 9,
10.16 11,
10.14 12,
10.10 12,
10.11 10,
10.02 9,
10.02 10,
10.02 11,
10.01 12,
9.89 14,
9.91 14,
9.92 15,
9.97 17,
9.99 20,
10.10 22,
10.18 25,
10.15 27,
10.17 30,
10.32 34,
10.33 36,
10.16 36,
10.07 37,
10.23 39,
10.51 39,
10.44 39,
10.27 40,
10.33 44,
10.49 47,
10.58 49,
10.61 51,
10.63 53,
10.67 55,
10.68 58,
10.68 60,
10.54 62,
10.31 63,
10.18 66,
10.32 68,
10.66 69,
10.78 69,
10.78 68,
10.79 68,
10.95 71,
11.09 76,
11.09 80,
10.95 85,
10.84 89,
11.03 90,
11.29 92,
11.64 93,
11.65 95,
12.02 98,
12.30 99,
11.93 99,
11.73 100,
11.77 102,
12.18 103,
12.48 105,
12.81 108,
12.11 107,
12.00 111,
12.76 118,
12.93 116,
12.94 113,
12.84 112,
12.73 110,
13.00 110,
12.81 114,
12.88 115,
12.75 117,
12.99 119,
13.39 118,
13.88 115,
13.21 109,
13.22 89,
13.04 104,
13.05 101,
13.29 103,
13.51 106,
13.17 106,
13.74 106,
13.24 97,
13.52 94,
13.01 96,
13.22 96,
13.34 99,
13.22 102,
13.90 89,
14.49 83,
14.03 73,
13.35 73,
13.00 74,
12.74 74,
12.61 71,
12.55 64,
12.74 58,
12.91 54,
14.07 53,
16.11 36,
18.33 79,
12.01 245,
12.01 141,
14.82 56,
14.34 65,
13.76 68,
13.08 66,
14.10 55,
14.02 44,
14.73 32,
14.56 28,
14.33 26,
14.53 21,
14.58 18,
14.55 15,
14.63 14,
14.77 13,
14.68 12,
14.88 13,
15.04 14,
15.05 16,
15.12 19,
15.26 22,
15.49 27,
15.74 32,
15.88 36,
15.85 39,
15.69 42,
15.59 45,
15.61 49,
15.59 52,
15.65 56,
15.73 58,
15.85 58,
15.69 59,
15.83 59,
16.29 59,
16.45 59,
16.72 62,
17.06 66,
17.61 70,
17.78 74,
17.91 76,
17.82 75,
17.51 76,
17.45 78,
17.35 81,
17.12 85,
17.12 90,
16.93 93,
16.69 94,
15.19 96,
14.57 98,
15.17 103,
16.22 124,
19.90 163,
23.61 192,
24.99 161,
28.13 138,
28.21 108,
27.37 61,
24.39 27,
16.42 60,
17.26 62,
16.20 51,
15.36 96,
11.01 151,
10.17 181,
11.50 183,
11.15 182,
8.22 158,
9.67 142,
10.92 139,
11.66 125,
11.48 130,
12.06 132,
13.61 123,
15.64 105,
16.14 99,
16.40 100,
16.06 103,
14.68 106,
14.07 109,
13.16 133,
12.75 121,
10.66 88,
10.24 92,
9.68 90,
9.61 86,
9.78 84,
10.20 82,
10.94 73,
13.30 73,
12.47 107,
11.20 125,
12.26 60,
12.61 51,
12.52 40,
11.63 34,
10.77 32,
10.68 27,
10.75 22,
10.98 19,
11.38 19,
11.44 20,
11.54 19,
11.55 20,
11.71 21,
11.92 21,
12.27 20,
12.48 21,
12.59 21,
12.49 20,
12.57 18,
12.46 18,
12.23 18,
12.01 17,
11.95 15,
11.98 14,
11.99 13,
11.96 12,
12.02 11,
11.85 10,
11.83 10,
11.74 11,
11.68 11,
11.64 10,
11.60 10,
11.63 11,
11.66 10,
11.68 9,
11.69 9,
11.74 9,
11.77 9,
11.79 9,
11.72 7,
11.68 6,
11.77 7,
11.46 14,
12.14 14,
12.03 12,
11.37 12,
11.45 12,
12.28 11,
12.68 9,
11.70 12,
11.75 31,
12.22 42,
11.80 22,
12.04 13,
12.21 8,
12.35 4,
12.15 4,
12.35 4,
12.24 5,
12.24 4,
12.14 5,
12.15 7,
12.19 7,
12.26 7,
12.12 8,
12.04 8,
12.01 8,
12.14 7,
12.18 5,
12.23 5,
12.24 5,
12.36 6,
12.20 5,
12.02 5,
12.28 4,
12.30 3,
12.31 2,
12.31 3,
12.21 5,
12.28 5,
12.55 5,
12.49 7,
12.16 7,
12.25 6,
12.33 6,
12.42 4,
12.39 3,
12.30 2,
12.21 3,
12.25 4,
12.25 3,
12.25 3,
12.32 3,
12.43 2,
12.33 1,
12.29 2,
12.31 2,
12.36 2,
12.37 3,
12.32 2,
12.25 2,
12.19 2,
12.18 2,
12.19 2,
12.21 1,
12.22 1,
12.17 1,
12.19 1,
12.24 1,
12.27 1,
12.34 2,
12.25 3,
12.28 3,
12.24 4,
12.24 4,
12.26 5,
12.19 4,
12.21 4,
12.27 4,
12.39 3,
12.48 2,
12.27 3,
11.90 1,
11.94 1,
11.98 3,
12.10 4,
12.31 6,
12.31 7,
12.19 5,
12.10 5,
12.14 5,
12.11 5,
12.10 3,
12.09 3,
12.15 2,
12.22 2,
12.20 4,
12.28 4,
12.24 3,
12.20 3,
12.17 3,
12.21 3,
12.24 2,
12.21 2,
12.22 2,
12.23 2,
12.26 3,
12.30 3,
12.31 4,
12.28 4,
12.08 5,
12.17 5,
12.43 7,
12.31 7,
12.20 7,
12.19 7,
12.17 7,
12.12 7,
12.05 7,
12.01 7,
12.01 6,
11.99 6,
12.04 7,
11.92 7,
11.91 8,
11.89 7,
11.82 8,
11.81 9,
11.70 9,
11.79 9,
11.81 9,
11.77 8,
11.76 8,
11.81 8,
11.86 8,
11.88 8,
11.87 8,
11.91 9,
11.90 9,
11.94 10,
11.93 10,
11.98 9,
12.06 9,
12.04 9,
12.05 10,
12.04 10,
11.99 11,
11.93 10,
11.96 10,
11.90 10,
11.87 9,
11.83 9,
11.97 9,
12.17 9,
12.22 9,
12.20 8,
12.15 8,
12.14 8,
12.13 8,
12.15 7,
12.14 6,
12.16 6,
12.21 6,
12.33 6,
12.58 5,
12.27 7,
12.05 6,
12.04 5,
12.22 5,
12.33 6,
12.48 4,
12.48 4,
12.32 4,
12.32 4,
12.38 4,
12.37 3,
12.30 3,
12.25 3,
12.32 3,
12.45 3,
12.49 3,
12.54 2,
12.56 2,
12.45 2,
12.36 2,
12.31 4,
12.32 4,
12.32 4,
12.34 4,
12.38 4,
12.34 4,
12.33 4,
12.39 4,
12.40 4,
12.31 4,
12.38 5,
12.40 6,
12.33 5,
12.27 5,
12.27 5,
12.29 5,
12.27 5,
12.26 4,
12.25 4,
12.26 3,
12.25 2,
12.23 2,
12.25 2,
12.29 2,
12.29 2,
12.26 2,
12.21 2,
12.22 2,
12.18 2,
12.14 1,
12.13 1,
12.18 1,
12.18 1,
12.19 1,
12.18 1,
12.24 1,
12.20 1,
12.22 1,
12.27 1,
12.20 1,
12.18 1,
12.17 1,
12.19 1,
12.18 1,
12.17 1,
12.16 1,
12.10 1,
12.12 1,
12.14 1,
12.17 1,
12.22 1,
12.17 2,
12.18 1,
12.17 1,
12.15 1,
12.17 1,
12.19 1,
12.12 1,
12.12 0,
12.20 0,
12.25 0,
12.54 0,
12.54 4,
12.18 4,
11.86 4,
12.00 1,
12.13 3,
12.17 2,
12.31 0,
12.28 2,
12.05 4,
12.02 4,
12.20 3,
12.20 3,
12.14 2,
12.14 3,
12.16 1,
12.22 0,
12.25 0,
12.20 1,
12.24 1,
12.10 1,
12.10 1,
12.09 1,
12.11 0,
12.11 0,
12.12 0,
12.18 0,
12.21 0,
12.24 0,
12.21 0,
12.07 1,
12.24 1,
12.35 1,
12.38 1,
12.12 0,
12.05 2,
12.09 3,
12.08 3,
12.08 2,
12.07 2,
12.10 2,
12.14 2,
12.17 2,
12.17 2,
12.17 1,
12.13 1,
12.15 1,
12.13 1,
12.21 2,
12.17 2,
12.15 2,
12.11 1,
12.21 1,
12.20 1,
12.15 1,
12.17 1,
12.16 1,
12.17 1,
12.22 1,
12.17 2,
12.15 2,
12.15 2,
12.16 2,
12.19 2,
12.15 2,
12.12 2,
12.16 2,
12.21 1,
12.21 1,
12.23 2,
12.22 1,
12.24 1,
12.19 1,
12.27 0,
12.17 0,
12.15 1,
12.13 1,
12.19 1,
12.55 3,
12.62 2,
12.29 3,
11.91 2,
12.07 2,
12.15 3,
12.22 3,
12.35 2,
12.31 1,
12.19 1,
12.11 2,
12.21 4,
12.17 4,
12.12 3,
12.06 3,
12.20 3,
12.22 2,
12.24 2,
12.24 2,
12.23 1,
12.23 1,
12.18 1,
12.19 1,
12.24 0,
12.25 0,
12.23 1,
12.25 1,
12.24 1,
12.33 1,
12.16 2,
12.17 2,
12.24 1,
12.35 1,
12.35 2,
12.14 2,
12.10 0,
12.15 0,
12.17 1,
12.20 0,
12.19 1,
12.23 0,
12.19 0,
12.23 1,
12.17 1,
12.20 1,
12.22 1,
12.22 1,
12.16 1,
12.16 1,
12.20 1,
12.24 0,
12.25 0,
12.25 0,
12.25 0,
12.25 0,
12.22 0,
12.21 0,
12.20 0,
12.19 0,
12.18 0,
12.19 0,
12.13 1,
12.16 1,
12.20 1,
12.18 0,
12.21 0,
12.21 0,
12.24 0,
12.27 0,
12.25 0,
12.24 0,
12.24 0,
12.24 0,
12.21 0,
12.20 0,
12.23 1,
12.20 1,
12.09 1,
12.17 2,
12.32 1,
12.62 2,
12.56 3,
11.96 3,
12.03 2,
12.13 2,
12.15 3,
12.32 2,
12.37 1,
12.30 0,
12.21 0,
12.21 2,
12.26 3,
12.24 2,
12.14 2,
12.15 1,
12.28 1,
12.30 1,
12.29 1,
12.28 1,
12.23 1,
12.16 1,
12.15 1,
12.16 0,
12.19 0,
12.20 1,
12.25 0,
12.25 0,
12.28 0,
12.09 1,
12.17 0,
12.28 0,
12.43 1,
12.18 1,
12.16 0,
12.18 0,
12.20 1,
12.26 1,
12.21 0,
12.14 0,
12.21 0,
12.17 1,
12.22 1,
12.20 1,
12.16 1,
12.21 1,
12.19 1,
12.20 1,
12.21 1,
12.22 0,
12.23 0,
12.24 0,
12.20 1,
12.18 1,
12.21 0,
12.18 1,
12.22 1,
12.22 1,
12.22 0,
12.26 1,
12.28 1,
12.21 1,
12.22 0,
12.20 1,
12.19 1,
12.21 1,
12.20 1,
12.27 1,
12.23 0,
12.26 1,
12.29 0,
12.23 0,
12.24 0,
12.23 1,
12.19 1,
12.20 1,
12.11 2,
12.15 2,
12.34 2,
12.60 2,
12.57 2,
11.97 3,
12.17 2,
12.15 2,
12.14 3,
12.36 3,
12.38 2,
12.37 1,
12.22 2,
12.26 3,
12.22 3,
12.23 3,
12.12 2,
12.16 2,
12.25 2,
12.29 1,
12.31 1,
12.33 0,
12.27 1,
12.17 1,
12.21 2,
12.22 2,
12.25 2,
12.28 2,
12.32 2,
12.36 2,
12.32 2,
12.17 1,
12.27 1,
12.38 3,
12.40 3,
12.17 4,
12.16 1,
12.17 2,
12.24 2,
12.26 2,
12.19 1,
12.20 1,
12.23 1,
12.25 1,
12.24 1,
12.26 2,
12.26 2,
12.23 2,
12.19 2,
12.20 2,
12.22 2,
12.19 1,
12.20 1,
12.21 2,
12.21 2,
12.22 1,
12.23 1,
12.22 1,
12.20 1,
12.20 1,
12.21 1,
12.17 1,
12.20 1,
12.20 0,
12.18 0,
12.16 0,
12.23 0,
12.14 0,
12.16 0,
12.20 1,
12.23 2,
12.24 2,
12.19 2,
12.18 2,
12.17 2,
12.12 2,
12.13 2,
12.08 1,
12.09 1,
12.11 1,
12.21 0,
12.51 1,
12.68 5,
11.81 5,
11.86 1,
12.05 2,
12.03 3,
12.29 2,
12.31 0,
12.27 0,
12.16 2,
12.15 3,
12.21 2,
12.24 3,
12.17 2,
12.17 1,
12.19 1,
12.24 1,
12.28 1,
12.21 1,
12.20 2,
12.09 2,
12.07 2,
12.10 2,
12.13 2,
12.14 2,
12.23 2,
12.26 2,
12.06 2,
12.18 2,
12.33 2,
12.34 3,
12.31 3,
12.26 2,
12.16 2,
12.12 2,
12.07 1,
12.05 1,
12.09 1,
12.08 0,
12.14 0,
12.16 0,
12.18 1,
12.22 1,
12.16 1,
12.17 1,
12.15 2,
12.15 1,
12.19 1,
12.23 1,
12.23 1,
12.22 1,
12.23 1,
12.23 1,
ex,