ow 0.31 -85.62 2.38,
lb -9.59 -0.39 0.52,
lk 0.14 0.00 -0.24,
ow 0.31 -85.62 2.38,
lb -9.59 -0.39 0.52,
lk 0.18 0.01 -0.09,
ow 0.31 -85.62 2.38,
lb -9.63 -0.36 0.64,
lk 0.13 0.04 0.01,
ow 0.25 -85.62 2.38,
lb -9.61 -0.32 0.65,
lk 0.16 0.08 0.03,
ow 0.25 -85.56 2.38,
lb -9.58 -0.31 0.71,
lk 0.19 0.09 0.09,
ow 0.25 -85.56 2.38,
lb -9.61 -0.33 0.67,
lk 0.16 0.07 0.04,
ow 0.19 -85.56 2.38,
lb -9.72 -0.34 0.37,
lk 0.05 0.05 -0.24,
ow 0.19 -85.56 2.38,
lb -9.71 -0.45 0.22,
lk 0.06 -0.04 -0.40,
ow 0.19 -85.56 2.38,
lb -9.66 -0.41 0.64,
lk 0.11 0.00 0.00,
ow 0.19 -85.56 2.38,
lb -9.59 -0.39 0.80,
lk 0.18 0.01 0.16,
ow 0.19 -85.50 2.38,
lb -9.56 -0.45 0.78,
lk 0.18 0.01 0.16,
ow 0.19 -85.50 2.38,
lb -9.68 -0.30 0.36,
lk 0.20 -0.05 0.14,
ow 0.19 -85.50 2.38,
lb -9.68 -0.38 0.31,
lk 0.09 0.02 -0.32,
ow 0.12 -85.50 2.38,
lb -9.63 -0.39 0.50,
lk 0.14 0.01 -0.13,
ow 0.12 -85.50 2.38,
lb -9.57 -0.41 0.58,
lk 0.20 0.00 -0.05,
ow 0.12 -85.50 2.38,
lb -9.54 -0.44 0.53,
lk 0.23 -0.03 -0.11,
ow 0.12 -85.50 2.38,
lb -9.53 -0.46 0.51,
lk 0.23 -0.06 -0.13,
ow 0.12 -85.50 2.38,
lb -9.54 -0.48 0.61,
lk 0.22 -0.07 -0.03,
ow 0.12 -85.50 2.38,
lb -9.59 -0.42 0.64,
lk 0.18 -0.01 0.00,
ow 0.12 -85.50 2.38,
lb -9.61 -0.36 0.53,
lk 0.15 0.04 -0.11,
ow 0.12 -85.50 2.38,
lb -9.63 -0.41 0.55,
lk 0.14 0.00 -0.09,
ow 0.12 -85.50 2.38,
lb -9.64 -0.45 0.63,
lk 0.13 -0.04 -0.01,
ow 0.12 -85.50 2.38,
lb -9.66 -0.40 0.57,
lk 0.11 0.00 -0.07,
ow 0.12 -85.50 2.38,
lb -9.70 -0.39 0.56,
lk 0.07 0.01 -0.08,
ow 0.19 -85.50 2.38,
lb -9.68 -0.39 0.53,
lk 0.09 0.01 -0.11,
ow 0.19 -85.50 2.38,
lb -9.70 -0.33 0.40,
lk 0.09 0.01 -0.11,
ow 0.19 -85.44 2.38,
lb -9.66 -0.33 0.53,
lk 0.07 0.07 -0.24,
ow 0.19 -85.44 2.38,
lb -9.62 -0.40 0.50,
lk 0.14 0.00 -0.15,
ow 0.19 -85.44 2.38,
lb -9.61 -0.38 0.60,
lk 0.15 0.02 -0.05,
ow 0.19 -85.44 2.38,
lb -9.58 -0.39 0.64,
lk 0.18 0.01 -0.01,
ow 0.25 -85.37 2.38,
lb -9.59 -0.37 0.67,
lk 0.18 0.03 0.00,
ow 0.25 -85.37 2.38,
lb -9.63 -0.35 0.58,
lk 0.14 0.05 -0.08,
ow 0.25 -85.37 2.38,
lb -9.63 -0.34 0.50,
lk 0.14 0.06 -0.15,
ow 0.19 -85.37 2.38,
lb -9.61 -0.34 0.64,
lk 0.16 0.05 -0.02,
ow 0.19 -85.37 2.38,
lb -9.58 -0.36 0.66,
lk 0.18 0.04 0.00,
ow 0.19 -85.44 2.38,
lb -9.63 -0.36 0.69,
lk 0.18 0.04 0.00,
ow 0.19 -85.44 2.38,
lb -9.61 -0.36 0.54,
lk 0.14 0.04 0.03,
ow 0.19 -85.44 2.38,
lb -9.69 -0.38 0.60,
lk 0.08 0.02 -0.04,
ow 0.19 -85.44 2.38,
lb -9.71 -0.36 0.59,
lk 0.06 0.04 -0.04,
ow 0.19 -85.50 2.38,
lb -9.70 -0.36 0.53,
lk 0.07 0.04 -0.10,
ow 0.12 -85.50 2.38,
lb -9.66 -0.38 0.54,
lk 0.11 0.02 -0.10,
ow 0.12 -85.50 2.38,
lb -9.66 -0.35 0.49,
lk 0.11 0.05 -0.14,
ow 0.12 -85.50 2.38,
lb -9.63 -0.36 0.56,
lk 0.13 0.04 -0.07,
ow 0.12 -85.50 2.38,
lb -9.58 -0.38 0.63,
lk 0.19 0.02 0.00,
ow 0.19 -85.50 2.38,
lb -9.65 -0.36 0.52,
lk 0.11 0.04 -0.11,
ow 0.19 -85.56 2.38,
lb -9.64 -0.31 0.58,
lk 0.11 0.04 -0.11,
ow 0.19 -85.56 2.38,
lb -9.61 -0.37 0.61,
lk 0.13 0.09 -0.04,
ow 0.19 -85.56 2.38,
lb -9.55 -0.38 0.67,
lk 0.22 0.02 0.05,
ow 0.19 -85.56 2.38,
lb -9.67 -0.29 0.46,
lk 0.10 0.11 -0.15,
ow 0.19 -85.62 2.38,
lb -9.66 -0.26 0.26,
lk 0.11 0.14 -0.35,
ow 0.19 -85.62 2.38,
lb -9.65 -0.36 0.39,
lk 0.12 0.04 -0.22,
ow 0.19 -85.62 2.38,
lb -9.61 -0.41 0.69,
lk 0.16 0.00 0.08,
ow 0.19 -85.62 2.38,
lb -9.64 -0.42 0.67,
lk 0.13 -0.01 0.06,
ow 0.19 -85.62 2.38,
lb -9.68 -0.41 0.60,
lk 0.09 0.00 0.00,
ow 0.19 -85.69 2.38,
lb -9.63 -0.39 0.58,
lk 0.13 0.01 -0.02,
ow 0.19 -85.69 2.38,
lb -9.63 -0.44 0.61,
lk 0.13 0.01 -0.02,
ow 0.19 -85.69 2.38,
lb -9.67 -0.41 0.58,
lk 0.14 -0.03 0.01,
ow 0.19 -85.69 2.38,
lb -9.66 -0.40 0.42,
lk 0.11 0.00 -0.17,
ow 0.19 -85.75 2.38,
lb -9.66 -0.41 0.43,
lk 0.11 0.00 -0.15,
ow 0.19 -85.75 2.38,
lb -9.65 -0.46 0.45,
lk 0.12 -0.05 -0.14,
ow 0.19 -85.75 2.38,
lb -9.69 -0.40 0.42,
lk 0.12 -0.05 -0.14,
ow 0.25 -85.75 2.38,
lb -9.69 -0.37 0.48,
lk 0.08 0.00 -0.16,
ow 0.25 -85.75 2.38,
lb -9.67 -0.39 0.48,
lk 0.10 0.01 -0.10,
ow 0.25 -85.75 2.38,
lb -9.67 -0.35 0.50,
lk 0.10 0.05 -0.08,
ow 0.25 -85.81 2.38,
lb -9.65 -0.36 0.43,
lk 0.12 0.04 -0.15,
ow 0.25 -85.81 2.38,
lb -9.64 -0.36 0.47,
lk 0.13 0.04 -0.10,
ow 0.25 -85.81 2.38,
lb -9.62 -0.35 0.43,
lk 0.15 0.05 -0.14,
ow 0.25 -85.81 2.38,
lb -9.61 -0.33 0.53,
lk 0.16 0.07 -0.04,
ow 0.25 -85.81 2.38,
lb -9.56 -0.42 0.51,
lk 0.21 -0.01 -0.06,
ow 0.25 -85.81 2.38,
lb -9.57 -0.38 0.40,
lk 0.20 0.02 -0.16,
ow 0.25 -85.81 2.38,
lb -9.64 -0.42 0.60,
lk 0.13 -0.01 0.03,
ow 0.25 -85.81 2.38,
lb -9.67 -0.42 0.66,
lk 0.10 -0.01 0.09,
ow 0.25 -85.81 2.38,
lb -9.70 -0.33 0.40,
lk 0.07 0.07 -0.16,
ow 0.25 -85.87 2.38,
lb -9.69 -0.38 0.34,
lk 0.08 0.03 -0.21,
ow 0.25 -85.87 2.44,
lb -9.66 -0.39 0.53,
lk 0.11 0.02 -0.02,
ow 0.31 -85.87 2.44,
lb -9.60 -0.41 0.50,
lk 0.18 0.00 -0.05,
ow 0.31 -85.87 2.44,
lb -9.57 -0.43 0.52,
lk 0.20 -0.01 -0.03,
ow 0.31 -85.87 2.44,
lb -9.64 -0.39 0.41,
lk 0.13 0.02 -0.14,
ow 0.31 -85.87 2.44,
lb -9.65 -0.41 0.45,
lk 0.12 0.00 -0.10,
ow 0.31 -85.87 2.44,
lb -9.66 -0.42 0.45,
lk 0.11 0.00 -0.09,
ow 0.31 -85.87 2.44,
lb -9.65 -0.38 0.48,
lk 0.12 0.03 -0.06,
ow 0.31 -85.87 2.44,
lb -9.60 -0.32 0.49,
lk 0.18 0.09 -0.06,
ow 0.37 -85.87 2.44,
lb -9.60 -0.35 0.55,
lk 0.17 0.05 0.00,
ow 0.37 -85.87 2.44,
lb -9.60 -0.35 0.52,
lk 0.17 0.06 -0.03,
ow 0.37 -85.87 2.44,
lb -9.65 -0.32 0.47,
lk 0.12 0.09 -0.07,
ow 0.37 -85.87 2.44,
lb -9.69 -0.35 0.57,
lk 0.09 0.06 0.02,
ow 0.37 -85.87 2.44,
lb -9.70 -0.40 0.56,
lk 0.07 0.01 0.00,
ow 0.37 -85.87 2.44,
lb -9.71 -0.39 0.49,
lk 0.06 0.02 -0.05,
ow 0.37 -85.94 2.44,
lb -9.73 -0.37 0.45,
lk 0.05 0.03 -0.09,
ow 0.37 -85.94 2.44,
lb -9.73 -0.40 0.45,
lk 0.05 0.01 -0.09,
ow 0.37 -85.94 2.44,
lb -9.71 -0.41 0.50,
lk 0.06 0.00 -0.04,
ow 0.37 -85.94 2.44,
lb -9.71 -0.40 0.48,
lk 0.07 0.01 -0.05,
ow 0.37 -85.94 2.44,
lb -9.68 -0.37 0.37,
lk 0.10 0.04 -0.16,
ow 0.37 -85.94 2.44,
lb -9.71 -0.34 0.39,
lk 0.07 0.06 -0.15,
ow 0.37 -85.94 2.44,
lb -9.70 -0.37 0.46,
lk 0.07 0.03 -0.07,
ow 0.37 -85.94 2.44,
lb -9.71 -0.38 0.53,
lk 0.07 0.02 -0.01,
ow 0.37 -85.94 2.44,
lb -9.69 -0.39 0.56,
lk 0.08 0.02 0.01,
ow 0.37 -85.94 2.44,
lb -9.67 -0.39 0.39,
lk 0.10 0.02 -0.15,
ow 0.37 -85.94 2.44,
lb -9.62 -0.40 0.41,
lk 0.15 0.01 -0.13,
ow 0.37 -85.94 2.44,
lb -9.60 -0.43 0.48,
lk 0.17 -0.01 -0.06,
ow 0.37 -85.94 2.44,
lb -9.63 -0.46 0.64,
lk 0.17 -0.01 -0.06,
ow 0.37 -85.94 2.44,
lb -9.68 -0.38 0.42,
lk 0.14 -0.04 0.09,
ow 0.37 -85.94 2.38,
lb -9.70 -0.38 0.14,
lk 0.08 0.03 -0.41,
ow 0.37 -85.94 2.38,
lb -9.64 -0.39 0.21,
lk 0.13 0.02 -0.34,
ow 0.37 -85.87 2.38,
lb -9.57 -0.41 0.59,
lk 0.20 0.00 0.03,
ow 0.37 -85.87 2.38,
lb -9.56 -0.42 0.67,
lk 0.21 0.00 0.11,
ow 0.37 -85.87 2.38,
lb -9.56 -0.44 0.63,
lk 0.21 -0.02 0.07,
ow 0.37 -85.87 2.38,
lb -9.60 -0.38 0.55,
lk 0.18 0.03 -0.01,
ow 0.37 -85.87 2.38,
lb -9.58 -0.38 0.58,
lk 0.19 0.03 0.01,
ow 0.44 -85.87 2.38,
lb -9.59 -0.33 0.57,
lk 0.19 0.07 0.01,
ow 0.44 -85.87 2.38,
lb -9.63 -0.35 0.56,
lk 0.14 0.05 0.00,
ow 0.44 -85.87 2.38,
lb -9.66 -0.38 0.37,
lk 0.11 0.02 -0.18,
ow 0.44 -85.87 2.38,
lb -9.66 -0.36 0.37,
lk 0.11 0.04 -0.18,
ow 0.44 -85.87 2.38,
lb -9.65 -0.33 0.47,
lk 0.12 0.07 -0.09,
ow 0.44 -85.87 2.38,
lb -9.63 -0.33 0.57,
lk 0.14 0.08 0.01,
ow 0.44 -85.87 2.38,
lb -9.62 -0.36 0.67,
lk 0.15 0.04 0.10,
ow 0.44 -85.87 2.38,
lb -9.64 -0.27 0.64,
lk 0.13 0.13 0.07,
ow 0.44 -85.87 2.38,
lb -9.62 -0.26 0.53,
lk 0.15 0.14 -0.04,
ow 0.50 -85.87 2.38,
lb -9.61 -0.27 0.68,
lk 0.17 0.13 0.11,
ow 0.50 -85.87 2.38,
lb -9.63 -0.23 0.66,
lk 0.14 0.17 0.09,
ow 0.50 -85.87 2.38,
lb -9.63 -0.19 0.64,
lk 0.14 0.17 0.09,
ow 0.50 -85.87 2.38,
lb -9.62 -0.20 0.63,
lk 0.14 0.21 0.07,
ow 0.44 -85.87 2.38,
lb -9.71 -0.14 0.54,
lk 0.07 0.26 -0.02,
ow 0.44 -85.87 2.38,
lb -9.71 -0.14 0.46,
lk 0.07 0.26 -0.09,
ow 0.44 -85.87 2.38,
lb -9.70 -0.12 0.55,
lk 0.08 0.28 0.00,
ow 0.44 -85.87 2.38,
lb -9.66 -0.12 0.62,
lk 0.11 0.27 0.05,
ow 0.44 -85.87 2.38,
lb -9.52 -0.05 0.68,
lk 0.25 0.35 0.12,
ow 0.44 -85.87 2.38,
lb -9.49 -0.03 0.68,
lk 0.28 0.36 0.12,
ow 0.37 -85.94 2.31,
lb -9.43 0.05 0.67,
lk 0.34 0.45 0.11,
ow 0.37 -85.94 2.31,
lb -9.38 0.12 0.69,
lk 0.40 0.52 0.14,
ow 0.37 -86.00 2.31,
lb -9.24 0.23 0.81,
lk 0.54 0.63 0.26,
ow 0.37 -86.00 2.31,
lb -9.20 0.39 0.82,
lk 0.58 0.79 0.28,
ow 0.37 -86.00 2.31,
lb -9.17 0.51 0.82,
lk 0.60 0.92 0.28,
ow 0.37 -86.06 2.31,
lb -9.16 0.67 0.99,
lk 0.61 1.08 0.45,
ow 0.31 -86.06 2.31,
lb -9.22 0.79 1.05,
lk 0.56 1.19 0.52,
ow 0.31 -86.06 2.38,
lb -9.25 0.77 1.04,
lk 0.56 1.19 0.52,
ow 0.25 -86.12 2.38,
lb -9.30 0.77 1.04,
lk 0.47 1.18 0.54,
ow 0.25 -86.12 2.38,
lb -9.44 0.89 1.11,
lk 0.33 1.30 0.61,
ow 0.19 -86.19 2.38,
lb -9.46 0.93 0.87,
lk 0.32 1.34 0.39,
ow 0.12 -86.25 2.38,
lb -9.42 0.90 0.87,
lk 0.35 1.32 0.40,
ow 0.06 -86.31 2.44,
lb -9.48 0.95 0.87,
lk 0.30 1.33 0.41,
ow 359.75 -86.44 2.19,
lb -9.44 0.97 0.81,
lk 0.34 1.31 0.35,
ow 359.44 -86.62 2.00,
lb -9.47 0.96 0.85,
lk 0.31 1.27 0.39,
ow 359.13 -86.75 1.75,
lb -9.49 0.95 0.84,
lk 0.30 1.22 0.38,
ow 358.81 -86.87 1.56,
lb -9.56 0.92 1.03,
lk 0.23 1.15 0.57,
ow 358.44 -86.94 1.31,
lb -9.57 0.89 1.12,
lk 0.23 1.15 0.57,
ow 358.13 -87.06 1.12,
lb -9.63 0.85 1.16,
lk 0.21 1.09 0.66,
ow 357.81 -87.06 0.94,
lb -9.69 0.85 1.16,
lk 0.10 1.02 0.72,
ow 357.69 -87.19 0.94,
lb -9.71 0.60 0.84,
lk 0.08 0.77 0.42,
ow 357.50 -87.31 0.94,
lb -9.70 0.54 0.66,
lk 0.09 0.71 0.25,
ow 357.38 -87.44 0.94,
lb -9.73 0.39 0.37,
lk 0.06 0.56 0.00,
ow 357.25 -87.50 0.94,
lb -9.72 0.27 0.33,
lk 0.07 0.44 -0.02,
ow 357.06 -87.62 0.94,
lb -9.48 -0.06 0.38,
lk 0.31 0.10 0.03,
ow 356.88 -87.75 0.94,
lb -9.35 -0.18 0.35,
lk 0.44 -0.02 0.02,
ow 356.75 -87.81 0.94,
lb -9.23 -0.24 0.34,
lk 0.56 -0.08 0.03,
ow 356.56 -87.94 0.88,
lb -9.10 -0.38 0.34,
lk 0.56 -0.08 0.03,
ow 356.44 -88.06 0.88,
lb -8.79 -0.48 0.17,
lk 1.00 -0.33 -0.10,
ow 356.31 -88.12 0.81,
lb -8.65 -0.57 0.11,
lk 1.14 -0.43 -0.14,
ow 356.19 -88.25 0.75,
lb -8.51 -0.73 0.08,
lk 1.28 -0.60 -0.15,
ow 356.06 -88.37 0.75,
lb -8.41 -1.15 0.26,
lk 1.39 -1.03 0.05,
ow 355.94 -88.50 0.69,
lb -8.51 -1.32 0.44,
lk 1.29 -1.20 0.25,
ow 355.88 -88.69 0.69,
lb -8.73 -1.44 0.70,
lk 1.07 -1.32 0.54,
ow 355.88 -88.81 0.63,
lb -9.05 -1.47 0.89,
lk 0.75 -1.35 0.76,
ow 355.88 -89.00 0.63,
lb -9.80 -1.41 0.96,
lk 0.00 -1.30 0.87,
ow 355.88 -89.19 0.63,
lb -10.15 -1.33 0.85,
lk -0.34 -1.22 0.80,
ow 355.88 -89.31 0.63,
lb -10.43 -1.35 0.72,
lk -0.34 -1.22 0.80,
ow 355.88 -89.31 179.31,
lb -10.71 -1.29 0.65,
lk -0.91 -1.18 0.69,
ow 355.94 -89.25 179.31,
lb -11.04 -1.25 0.45,
lk -1.24 -1.13 0.54,
ow 355.94 -89.12 179.25,
lb -11.08 -1.21 0.52,
lk -1.28 -1.08 0.64,
ow 355.94 -88.94 179.19,
lb -11.07 -1.18 0.63,
lk -1.27 -1.04 0.78,
ow 356.00 -88.75 179.13,
lb -10.94 -1.09 0.74,
lk -1.14 -0.94 0.93,
ow 356.06 -88.56 179.06,
lb -10.77 -1.11 0.71,
lk -0.97 -0.94 0.94,
ow 356.13 -88.31 179.00,
lb -10.52 -1.08 0.79,
lk -0.71 -0.89 1.04,
ow 356.25 -88.12 178.88,
lb -10.32 -1.01 0.83,
lk -0.52 -0.80 1.11,
ow 356.38 -87.94 178.75,
lb -9.87 -0.98 0.74,
lk -0.07 -0.75 1.05,
ow 356.50 -87.75 178.63,
lb -9.60 -1.09 0.75,
lk -0.07 -0.75 1.05,
ow 356.63 -87.56 178.50,
lb -9.25 -1.19 0.88,
lk 0.19 -0.84 1.09,
ow 356.81 -87.37 178.38,
lb -9.00 -1.31 0.90,
lk 0.79 -1.01 1.28,
ow 357.00 -87.19 178.25,
lb -8.82 -1.43 0.59,
lk 0.96 -1.11 0.99,
ow 357.19 -87.00 178.13,
lb -8.72 -1.51 0.59,
lk 1.06 -1.17 1.00,
ow 357.31 -86.87 178.00,
lb -8.59 -1.55 0.63,
lk 1.19 -1.19 1.04,
ow 357.50 -86.75 177.88,
lb -8.51 -1.59 0.72,
lk 1.27 -1.21 1.14,
ow 357.69 -86.62 177.75,
lb -8.65 -1.57 0.66,
lk 1.13 -1.17 1.08,
ow 357.88 -86.56 177.63,
lb -8.77 -1.45 0.53,
lk 1.01 -1.04 0.96,
ow 358.06 -86.50 177.56,
lb -8.85 -1.40 0.42,
lk 0.93 -0.97 0.86,
ow 358.31 -86.37 177.44,
lb -9.13 -1.44 0.66,
lk 0.65 -1.00 1.10,
ow 358.50 -86.31 177.38,
lb -9.27 -1.39 0.70,
lk 0.50 -0.93 1.14,
ow 358.75 -86.25 177.31,
lb -9.48 -1.36 0.70,
lk 0.30 -0.89 1.15,
ow 358.94 -86.12 177.19,
lb -9.65 -1.32 0.66,
lk 0.12 -0.83 1.11,
ow 359.19 -86.06 177.13,
lb -9.95 -1.38 0.71,
lk -0.16 -0.88 1.17,
ow 359.38 -86.00 177.06,
lb -10.12 -1.37 0.66,
lk -0.16 -0.88 1.17,
ow 359.63 -85.94 177.00,
lb -10.29 -1.31 0.45,
lk -0.51 -0.79 0.94,
ow 359.75 -85.81 177.00,
lb -10.35 -1.33 0.22,
lk -0.57 -0.81 0.73,
ow 359.94 -85.75 176.94,
lb -10.37 -1.44 0.22,
lk -0.59 -0.91 0.72,
ow 0.00 -85.69 176.88,
lb -10.31 -1.50 0.22,
lk -0.54 -0.97 0.74,
ow 0.12 -85.62 176.88,
lb -10.28 -1.50 0.26,
lk -0.50 -0.97 0.78,
ow 0.25 -85.62 176.88,
lb -10.19 -1.51 0.26,
lk -0.42 -0.97 0.79,
ow 0.31 -85.56 176.88,
lb -9.94 -1.47 0.46,
lk -0.16 -0.94 0.99,
ow 0.37 -85.56 176.88,
lb -9.84 -1.44 0.46,
lk -0.06 -0.91 0.99,
ow 0.44 -85.56 176.88,
lb -9.72 -1.37 0.52,
lk 0.05 -0.85 1.05,
ow 0.50 -85.62 176.88,
lb -9.70 -1.34 0.64,
lk 0.07 -0.82 1.17,
ow 0.50 -85.62 176.94,
lb -9.75 -1.31 0.71,
lk 0.02 -0.80 1.25,
ow 0.50 -85.62 177.00,
lb -9.84 -1.33 0.87,
lk -0.07 -0.83 1.41,
ow 0.44 -85.69 177.06,
lb -9.92 -1.24 1.11,
lk -0.14 -0.77 1.65,
ow 0.37 -85.75 177.19,
lb -10.06 -1.22 0.89,
lk -0.28 -0.76 1.44,
ow 0.19 -85.81 177.31,
lb -10.11 -1.22 0.81,
lk -0.33 -0.78 1.36,
ow 0.00 -85.87 177.38,
lb -10.12 -1.16 0.73,
lk -0.34 -0.74 1.28,
ow 359.81 -85.94 177.56,
lb -10.12 -1.11 0.56,
lk -0.34 -0.72 1.11,
ow 359.50 -86.06 177.69,
lb -10.06 -1.32 0.67,
lk -0.28 -0.95 1.20,
ow 359.19 -86.19 177.81,
lb -10.09 -1.46 0.67,
lk -0.30 -1.09 1.15,
ow 359.00 -86.37 177.81,
lb -10.18 -1.55 0.66,
lk -0.39 -1.18 1.09,
ow 358.88 -86.62 177.81,
lb -10.51 -1.56 0.63,
lk -0.72 -1.22 1.05,
ow 358.50 -86.81 178.00,
lb -10.70 -1.42 0.64,
lk -0.91 -1.12 1.03,
ow 358.13 -87.06 178.19,
lb -10.93 -1.15 0.60,
lk -1.14 -0.88 0.98,
ow 357.75 -87.25 178.38,
lb -11.09 -1.04 0.47,
lk -1.30 -0.80 0.84,
ow 357.44 -87.37 178.56,
lb -11.38 -0.66 0.12,
lk -1.58 -0.45 0.48,
ow 357.13 -87.56 178.75,
lb -11.45 -0.56 -0.05,
lk -1.65 -0.38 0.30,
ow 356.81 -87.62 178.94,
lb -11.44 -0.53 -0.51,
lk -1.64 -0.38 -0.15,
ow 356.50 -87.62 179.06,
lb -11.36 -0.45 -0.83,
lk -1.56 -0.32 -0.45,
ow 356.25 -87.62 179.19,
lb -11.20 -0.20 -1.13,
lk -1.41 -0.08 -0.74,
ow 355.94 -87.62 179.31,
lb -11.15 0.06 -1.23,
lk -1.35 0.16 -0.83,
ow 355.69 -87.56 179.38,
lb -11.01 0.33 -1.23,
lk -1.22 0.41 -0.82,
ow 355.38 -87.50 179.44,
lb -10.45 0.62 -1.47,
lk -0.65 0.69 -1.06,
ow 355.06 -87.50 179.56,
lb -10.05 0.74 -1.66,
lk -0.25 0.80 -1.23,
ow 354.75 -87.44 179.63,
lb -9.63 0.79 -1.70,
lk 0.16 0.84 -1.28,
ow 354.44 -87.50 179.69,
lb -9.15 0.79 -1.66,
lk 0.64 0.83 -1.24,
ow 354.13 -87.50 179.75,
lb -8.15 0.65 -1.44,
lk 1.64 0.68 -1.03,
ow 353.88 -87.56 179.81,
lb -7.75 0.52 -1.29,
lk 2.04 0.54 -0.89,
ow 353.63 -87.62 179.88,
lb -7.57 0.44 -1.09,
lk 2.22 0.45 -0.70,
ow 353.38 -87.69 179.94,
lb -7.55 0.37 -0.96,
lk 2.24 0.37 -0.58,
ow 353.19 -87.75 -179.94,
lb -7.82 0.45 -0.81,
lk 1.97 0.44 -0.43,
ow 353.00 -87.75 -179.88,
lb -8.09 0.51 -0.81,
lk 1.70 0.49 -0.42,
ow 352.81 -87.69 -179.88,
lb -8.42 0.60 -0.82,
lk 1.37 0.57 -0.43,
ow 352.63 -87.69 -179.81,
lb -8.74 0.62 -0.88,
lk 1.04 0.58 -0.48,
ow 352.44 -87.62 -179.75,
lb -9.36 0.59 -0.69,
lk 0.43 0.55 -0.28,
ow 352.25 -87.56 -179.69,
lb -9.66 0.66 -0.79,
lk 0.13 0.60 -0.37,
ow 352.13 -87.44 -179.69,
lb -9.88 0.67 -0.84,
lk -0.09 0.61 -0.40,
ow 351.94 -87.37 -179.63,
lb -10.17 0.68 -0.65,
lk -0.37 0.62 -0.19,
ow 351.75 -87.25 -179.63,
lb -10.24 0.67 -0.72,
lk -0.44 0.61 -0.24,
ow 351.63 -87.12 -179.63,
lb -10.29 0.65 -0.89,
lk -0.49 0.59 -0.39,
ow 351.44 -87.00 -179.63,
lb -10.22 0.62 -0.84,
lk -0.43 0.56 -0.32,
ow 351.31 -86.94 -179.63,
lb -9.76 0.42 -0.55,
lk 0.02 0.36 -0.01,
ow 351.19 -86.81 -179.63,
lb -9.49 0.35 -0.43,
lk 0.29 0.30 0.11,
ow 351.13 -86.75 -179.69,
lb -9.25 0.30 -0.36,
lk 0.53 0.25 0.19,
ow 351.00 -86.69 -179.69,
lb -9.02 0.24 -0.18,
lk 0.76 0.20 0.37,
ow 350.94 -86.69 -179.69,
lb -8.60 0.05 0.00,
lk 1.18 0.01 0.56,
ow 350.88 -86.69 -179.69,
lb -8.46 -0.07 0.02,
lk 1.32 -0.11 0.57,
ow 350.81 -86.75 -179.75,
lb -8.33 -0.17 -0.01,
lk 1.45 -0.21 0.53,
ow 350.81 -86.75 -179.75,
lb -8.23 -0.23 0.00,
lk 1.56 -0.26 0.53,
ow 350.75 -86.81 -179.81,
lb -8.30 -0.18 0.05,
lk 1.48 -0.20 0.58,
ow 350.75 -86.87 -179.88,
lb -8.43 -0.07 0.06,
lk 1.36 -0.08 0.58,
ow 350.81 -86.94 -179.94,
lb -8.56 0.04 0.12,
lk 1.23 0.04 0.64,
ow 350.88 -87.00 179.94,
lb -8.83 0.39 0.12,
lk 0.95 0.40 0.63,
ow 350.94 -87.00 179.88,
lb -9.02 0.53 0.11,
lk 0.77 0.56 0.61,
ow 351.00 -87.06 179.81,
lb -9.16 0.60 0.11,
lk 0.62 0.64 0.61,
ow 351.06 -87.06 179.69,
lb -9.29 0.62 0.10,
lk 0.49 0.68 0.58,
ow 351.19 -87.06 179.63,
lb -9.39 0.62 -0.03,
lk 0.39 0.70 0.44,
ow 351.31 -87.12 179.56,
lb -9.38 0.59 -0.07,
lk 0.41 0.68 0.40,
ow 351.44 -87.12 179.44,
lb -9.34 0.58 -0.18,
lk 0.45 0.69 0.28,
ow 351.56 -87.12 179.38,
lb -9.27 0.57 -0.17,
lk 0.51 0.69 0.28,
ow 351.69 -87.19 179.25,
lb -9.04 0.57 -0.02,
lk 0.75 0.70 0.42,
ow 351.81 -87.19 179.19,
lb -8.97 0.51 0.01,
lk 0.81 0.64 0.44,
ow 351.88 -87.31 179.19,
lb -8.95 0.52 0.12,
lk 0.84 0.67 0.55,
ow 352.00 -87.31 179.06,
lb -8.95 0.48 0.37,
lk 0.83 0.65 0.79,
ow 352.13 -87.31 179.00,
lb -9.07 0.46 0.50,
lk 0.71 0.65 0.91,
ow 352.31 -87.31 178.88,
lb -9.23 0.36 0.52,
lk 0.56 0.57 0.93,
ow 352.50 -87.25 178.75,
lb -9.41 0.29 0.51,
lk 0.38 0.52 0.93,
ow 352.69 -87.19 178.56,
lb -9.86 0.15 0.33,
lk -0.07 0.42 0.75,
ow 352.88 -87.06 178.44,
lb -10.07 0.12 0.34,
lk -0.27 0.41 0.77,
ow 353.06 -87.00 178.25,
lb -10.20 0.05 0.35,
lk -0.41 0.37 0.77,
ow 353.25 -86.87 178.13,
lb -10.33 0.02 0.37,
lk -0.54 0.36 0.78,
ow 353.38 -86.81 177.94,
lb -10.51 0.03 0.42,
lk -0.71 0.40 0.82,
ow 353.56 -86.81 177.81,
lb -10.53 0.00 0.68,
lk -0.74 0.39 1.06,
ow 353.75 -86.75 177.69,
lb -10.53 0.12 0.84,
lk -0.74 0.54 1.20,
ow 353.88 -86.75 177.56,
lb -10.54 0.31 0.86,
lk -0.75 0.74 1.21,
ow 354.06 -86.75 177.44,
lb -10.52 0.47 1.14,
lk -0.73 0.93 1.47,
ow 354.25 -86.69 177.31,
lb -10.53 0.53 1.14,
lk -0.74 1.00 1.44,
ow 354.44 -86.69 177.19,
lb -10.51 0.50 1.15,
lk -0.72 0.99 1.43,
ow 354.56 -86.62 177.06,
lb -10.48 0.21 0.80,
lk -0.69 0.72 1.06,
ow 354.75 -86.62 176.94,
lb -10.63 -0.09 0.60,
lk -0.84 0.44 0.83,
ow 354.88 -86.56 176.88,
lb -10.80 -0.55 0.41,
lk -1.01 0.00 0.62,
ow 355.00 -86.50 176.75,
lb -11.07 -0.95 0.27,
lk -1.28 -0.38 0.46,
ow 355.19 -86.44 176.63,
lb -11.68 -1.33 -0.14,
lk -1.90 -0.74 0.01,
ow 355.38 -86.44 176.56,
lb -12.01 -1.52 -0.48,
lk -2.23 -0.92 -0.33,
ow 355.56 -86.37 176.44,
lb -12.33 -1.58 -0.79,
lk -2.54 -0.97 -0.65,
ow 355.75 -86.31 176.38,
lb -12.49 -1.55 -1.08,
lk -2.70 -0.92 -0.95,
ow 355.94 -86.25 176.31,
lb -12.02 -1.60 -1.79,
lk -2.23 -0.96 -1.68,
ow 356.13 -86.19 176.19,
lb -11.60 -1.60 -2.06,
lk -1.82 -0.95 -1.96,
ow 356.38 -86.06 176.13,
lb -11.17 -1.48 -2.09,
lk -1.39 -0.81 -2.00,
ow 356.63 -86.00 176.06,
lb -10.08 -1.48 -1.95,
lk -0.30 -0.80 -1.88,
ow 356.94 -86.00 176.00,
lb -9.58 -1.39 -1.88,
lk 0.19 -0.71 -1.82,
ow 357.19 -85.94 175.94,
lb -9.04 -1.42 -1.67,
lk 0.73 -0.73 -1.63,
ow 357.50 -85.94 175.94,
lb -8.57 -1.45 -1.44,
lk 1.20 -0.75 -1.41,
ow 357.75 -85.94 175.94,
lb -7.89 -1.61 -1.17,
lk 1.88 -0.93 -1.16,
ow 358.00 -85.94 175.94,
lb -7.76 -1.76 -0.96,
lk 2.01 -1.08 -0.96,
ow 358.19 -86.00 176.00,
lb -7.87 -1.88 -0.74,
lk 1.91 -1.21 -0.74,
ow 358.38 -86.06 3.88,
lb -8.11 -1.93 -0.72,
lk 1.66 -1.28 -0.73,
ow 358.50 -86.12 3.81,
lb -8.63 -1.99 -0.56,
lk 1.14 -1.35 -0.57,
ow 358.63 -86.25 3.69,
lb -8.97 -2.06 -0.60,
lk 0.81 -1.44 -0.60,
ow 358.69 -86.31 3.63,
lb -9.29 -2.03 -0.71,
lk 0.48 -1.43 -0.71,
ow 358.81 -86.44 176.44,
lb -9.58 -2.00 -0.82,
lk 0.20 -1.41 -0.81,
ow 359.00 -86.50 176.50,
lb -9.90 -1.90 -0.98,
lk -0.11 -1.31 -0.96,
ow 359.13 -86.56 176.56,
lb -9.89 -1.86 -1.07,
lk -0.10 -1.29 -1.05,
ow 359.38 -86.62 176.63,
lb -9.81 -1.79 -1.21,
lk -0.02 -1.23 -1.19,
ow 359.63 -86.69 176.69,
lb -9.50 -1.57 -1.02,
lk 0.28 -1.01 -1.00,
ow 359.88 -86.69 176.69,
lb -9.36 -1.46 -0.77,
lk 0.42 -0.90 -0.74,
ow 0.19 -86.75 176.75,
lb -9.25 -1.28 -0.58,
lk 0.53 -0.73 -0.55,
ow 0.50 -86.75 176.75,
lb -9.21 -1.07 -0.32,
lk 0.57 -0.52 -0.29,
ow 0.75 -86.75 176.75,
lb -9.01 -0.88 0.04,
lk 0.77 -0.32 0.08,
ow 1.06 -86.75 176.75,
lb -8.86 -0.81 0.13,
lk 0.92 -0.26 0.18,
ow 1.37 -86.75 176.75,
lb -8.71 -0.79 0.15,
lk 1.07 -0.23 0.20,
ow 1.94 -86.69 176.69,
lb -8.59 -0.83 0.16,
lk 1.20 -0.28 0.23,
ow 1.94 -86.69 176.69,
lb -8.35 -0.98 -0.01,
lk 1.43 -0.42 0.04,
ow 2.19 -86.69 176.69,
lb -8.21 -1.02 -0.01,
lk 1.57 -0.46 0.05,
ow 2.38 -86.69 176.75,
lb -8.16 -1.14 -0.04,
lk 1.62 -0.59 0.01,
ow 2.56 -86.75 176.75,
lb -8.25 -1.28 -0.01,
lk 1.53 -0.74 0.04,
ow 2.75 -86.75 176.81,
lb -8.29 -1.28 0.00,
lk 1.49 -0.75 0.05,
ow 2.88 -86.81 176.88,
lb -8.32 -1.31 0.03,
lk 1.47 -0.79 0.08,
ow 3.00 -86.94 176.94,
lb -8.42 -1.31 0.09,
lk 1.37 -0.80 0.13,
ow 3.13 -87.00 177.00,
lb -8.61 -1.25 0.20,
lk 1.17 -0.76 0.24,
ow 3.19 -87.06 177.06,
lb -8.79 -1.25 0.11,
lk 1.00 -0.77 0.15,
ow 3.38 -87.19 177.19,
lb -9.02 -1.23 0.09,
lk 0.77 -0.75 0.13,
ow 3.38 -87.19 177.19,
lb -9.16 -1.27 0.14,
lk 0.62 -0.81 0.18,
ow 3.50 -87.25 177.25,
lb -9.28 -1.26 0.39,
lk 0.51 -0.81 0.44,
ow 3.56 -87.31 177.31,
lb -9.37 -1.20 0.41,
lk 0.42 -0.75 0.46,
ow 3.63 -87.37 177.38,
lb -9.36 -1.19 0.50,
lk 0.43 -0.76 0.55,
ow 3.63 -87.44 177.44,
lb -9.32 -1.21 0.51,
lk 0.46 -0.79 0.55,
ow 3.63 -87.50 177.50,
lb -9.27 -1.31 0.35,
lk 0.52 -0.90 0.38,
ow 3.63 -87.56 177.56,
lb -9.29 -1.35 0.34,
lk 0.49 -0.95 0.36,
ow 3.63 -87.62 177.63,
lb -9.36 -1.38 0.41,
lk 0.43 -0.97 0.41,
ow 3.75 -87.56 177.56,
lb -9.64 -1.39 0.52,
lk 0.14 -0.96 0.50,
ow 3.81 -87.44 2.50,
lb -9.74 -1.34 0.53,
lk 0.04 -0.93 0.49,
ow 3.69 -87.62 2.31,
lb -9.80 -1.34 0.59,
lk 0.00 -0.94 0.54,
ow 3.63 -87.75 2.19,
lb -9.90 -1.30 0.58,
lk -0.10 -0.92 0.52,
ow 3.50 -87.81 2.06,
lb -10.07 -1.13 0.45,
lk -0.27 -0.77 0.37,
ow 3.50 -87.81 2.06,
lb -10.12 -1.00 0.37,
lk -0.32 -0.67 0.28,
ow 3.44 -87.94 1.94,
lb -10.25 -0.94 0.24,
lk -0.45 -0.63 0.13,
ow 3.06 -88.12 1.63,
lb -10.25 -0.96 0.42,
lk -0.45 -0.68 0.28,
ow 2.88 -88.19 1.50,
lb -10.34 -0.63 0.87,
lk -0.54 -0.37 0.72,
ow 2.56 -88.25 1.37,
lb -10.37 -0.54 0.78,
lk -0.56 -0.31 0.60,
ow 2.56 -88.25 1.37,
lb -10.46 -0.48 0.77,
lk -0.66 -0.27 0.57,
ow 1.94 -88.31 1.06,
lb -10.57 -0.34 0.74,
lk -0.77 -0.15 0.53,
ow 1.56 -88.25 0.94,
lb -10.75 -0.39 0.21,
lk -0.95 -0.22 -0.01,
ow 1.19 -88.25 0.88,
lb -10.96 -0.56 0.24,
lk -1.16 -0.41 -0.01,
ow 0.81 -88.12 0.75,
lb -11.29 -0.60 0.55,
lk -1.48 -0.47 0.27,
ow 0.37 -88.06 0.63,
lb -12.06 -0.47 0.57,
lk -2.26 -0.36 0.27,
ow 0.37 -88.06 0.63,
lb -12.40 -0.25 0.11,
lk -2.60 -0.16 -0.21,
ow 359.63 -87.87 0.37,
lb -12.66 0.00 -0.22,
lk -2.86 0.08 -0.57,
ow 359.25 -87.75 0.31,
lb -12.59 0.21 -0.67,
lk -2.79 0.26 -1.04,
ow 358.94 -87.62 0.25,
lb -11.62 0.35 -1.53,
lk -1.82 0.40 -1.92,
ow 358.94 -87.62 0.25,
lb -11.08 0.48 -1.74,
lk -1.29 0.52 -2.15,
ow 358.38 -87.50 0.19,
lb -10.55 0.58 -1.97,
lk -0.76 0.62 -2.39,
ow 358.13 -87.44 0.19,
lb -10.08 0.64 -2.02,
lk -0.28 0.68 -2.45,
ow 357.88 -87.37 0.25,
lb -9.20 0.67 -1.49,
lk 0.58 0.72 -1.93,
ow 357.69 -87.37 0.31,
lb -8.95 0.71 -0.97,
lk 0.83 0.77 -1.42,
ow 357.69 -87.37 0.31,
lb -8.91 0.87 -0.67,
lk 0.88 0.93 -1.11,
ow 357.25 -87.31 0.37,
lb -9.16 1.32 -0.51,
lk 0.63 1.39 -0.96,
ow 357.00 -87.37 0.37,
lb -9.29 1.47 -0.53,
lk 0.50 1.54 -0.97,
ow 356.75 -87.37 0.37,
lb -9.30 1.41 -0.58,
lk 0.49 1.48 -1.02,
ow 356.50 -87.37 0.37,
lb -9.27 1.23 -0.63,
lk 0.52 1.30 -1.07,
ow 356.50 -87.37 0.37,
lb -9.27 0.89 -0.82,
lk 0.52 0.95 -1.26,
ow 355.88 -87.37 0.31,
lb -9.34 0.72 -0.94,
lk 0.45 0.77 -1.38,
ow 355.56 -87.37 0.25,
lb -9.36 0.51 -1.00,
lk 0.43 0.56 -1.44,
ow 355.25 -87.37 0.19,
lb -9.31 0.33 -0.91,
lk 0.47 0.37 -1.35,
ow 354.94 -87.44 0.19,
lb -9.16 0.00 -0.76,
lk 0.63 0.04 -1.19,
ow 354.63 -87.50 0.12,
lb -9.02 -0.04 -0.54,
lk 0.77 -0.01 -0.97,
ow 354.38 -87.56 0.12,
lb -8.86 -0.09 -0.34,
lk 0.92 -0.06 -0.76,
ow 354.13 -87.62 0.12,
lb -8.73 -0.07 -0.24,
lk 1.05 -0.04 -0.64,
ow 353.88 -87.69 0.12,
lb -8.61 -0.01 0.00,
lk 1.17 0.01 -0.38,
ow 353.63 -87.81 0.19,
lb -8.55 0.03 0.02,
lk 1.24 0.07 -0.34,
ow 353.63 -87.81 0.19,
lb -8.47 0.07 0.04,
lk 1.32 0.10 -0.30,
ow 353.19 -87.94 0.19,
lb -8.50 0.14 0.16,
lk 1.29 0.18 -0.17,
ow 353.00 -88.00 0.25,
lb -8.51 0.14 0.22,
lk 1.28 0.18 -0.10,
ow 352.75 -88.00 0.25,
lb -8.49 0.16 0.20,
lk 1.30 0.21 -0.12,
ow 352.63 -88.06 0.31,
lb -8.52 0.20 0.22,
lk 1.27 0.26 -0.09,
ow 352.63 -88.06 0.31,
lb -8.57 0.23 0.25,
lk 1.22 0.30 -0.05,
ow 352.44 -88.12 0.37,
lb -8.63 0.21 0.17,
lk 1.16 0.29 -0.13,
ow 352.19 -88.19 0.44,
lb -8.67 0.23 0.13,
lk 1.12 0.32 -0.16,
ow 352.06 -88.19 0.50,
lb -8.71 0.19 0.14,
lk 1.08 0.28 -0.14,
ow 351.94 -88.25 0.56,
lb -8.90 0.18 0.08,
lk 0.89 0.27 -0.18,
ow 351.94 -88.25 0.56,
lb -8.96 0.26 0.03,
lk 0.83 0.37 -0.23,
ow 351.75 -88.31 0.69,
lb -9.04 0.23 0.12,
lk 0.75 0.35 -0.12,
ow 351.75 -88.37 0.75,
lb -9.27 0.26 0.28,
lk 0.52 0.39 0.05,
ow 351.69 -88.44 0.81,
lb -9.46 0.33 0.18,
lk 0.34 0.48 -0.03,
ow 351.69 -88.50 0.88,
lb -9.58 0.40 0.05,
lk 0.21 0.56 -0.14,
ow 351.69 -88.50 0.94,
lb -9.67 0.47 0.06,
lk 0.13 0.64 -0.11,
ow 351.69 -88.56 1.00,
lb -9.87 0.60 0.01,
lk -0.07 0.78 -0.14,
ow 351.69 -88.56 1.06,
lb -9.85 0.67 -0.05,
lk -0.05 0.86 -0.20,
ow 351.69 -88.56 1.12,
lb -9.73 0.62 -0.04,
lk 0.06 0.82 -0.18,
ow 351.69 -88.50 1.19,
lb -9.55 0.48 0.00,
lk 0.24 0.70 -0.13,
ow 351.69 -88.44 1.25,
lb -9.28 0.35 0.04,
lk 0.51 0.57 -0.08,
ow 351.69 -88.44 1.31,
lb -9.27 0.28 0.14,
lk 0.52 0.51 0.02,
ow 351.75 -88.37 1.37,
lb -9.27 0.19 0.25,
lk 0.53 0.43 0.13,
ow 351.81 -88.31 1.44,
lb -9.28 0.14 0.39,
lk 0.51 0.40 0.26,
ow 351.94 -88.25 1.50,
lb -9.43 0.00 0.51,
lk 0.36 0.26 0.38,
ow 352.00 -88.19 1.56,
lb -9.60 0.02 0.41,
lk 0.20 0.29 0.28,
ow 352.13 -88.12 1.63,
lb -9.69 0.00 0.33,
lk 0.10 0.29 0.20,
ow 352.31 -88.06 1.69,
lb -9.74 -0.04 0.19,
lk 0.05 0.24 0.06,
ow 352.44 -88.00 1.75,
lb -9.79 -0.08 0.18,
lk 0.00 0.22 0.04,
ow 352.63 -87.87 1.88,
lb -9.80 -0.07 0.15,
lk 0.00 0.24 0.00,
ow 352.63 -87.87 1.88,
lb -9.81 -0.06 0.18,
lk -0.01 0.26 0.01,
ow 353.00 -87.69 2.00,
lb -9.93 0.11 0.76,
lk -0.13 0.45 0.57,
ow 353.19 -87.56 2.06,
lb -9.95 0.21 0.87,
lk -0.15 0.56 0.66,
ow 353.38 -87.44 2.13,
lb -9.98 0.34 0.97,
lk -0.18 0.71 0.74,
ow 353.63 -87.31 2.25,
lb -10.02 0.37 1.02,
lk -0.23 0.76 0.78,
ow 353.63 -87.31 2.25,
lb -10.26 0.02 0.74,
lk -0.47 0.42 0.48,
ow 354.13 -87.00 2.44,
lb -10.57 -0.31 0.51,
lk -0.77 0.10 0.23,
ow 354.38 -86.87 2.50,
lb -10.93 -0.59 0.38,
lk -1.13 -0.15 0.09,
ow 354.63 -86.75 2.63,
lb -11.49 -1.01 0.00,
lk -1.70 -0.55 -0.31,
ow 354.88 -86.62 2.69,
lb -11.76 -1.27 -0.24,
lk -1.97 -0.81 -0.57,
ow 354.88 -86.62 2.69,
lb -12.06 -1.40 -0.38,
lk -2.27 -0.92 -0.73,
ow 355.31 -86.37 2.81,
lb -12.18 -1.42 -0.41,
lk -2.39 -0.94 -0.78,
ow 355.56 -86.31 2.88,
lb -11.70 -1.26 -1.13,
lk -1.91 -0.76 -1.52,
ow 355.88 -86.19 2.94,
lb -11.25 -1.35 -1.34,
lk -1.46 -0.84 -1.74,
ow 356.13 -86.12 3.00,
lb -10.85 -1.37 -1.45,
lk -1.06 -0.86 -1.87,
ow 356.50 -86.00 3.00,
lb -10.35 -1.37 -1.56,
lk -0.57 -0.85 -1.99,
ow 356.81 -85.94 3.06,
lb -9.45 -1.50 -1.24,
lk 0.32 -0.97 -1.69,
ow 357.13 -85.81 3.13,
lb -9.08 -1.55 -0.91,
lk 0.69 -1.01 -1.38,
ow 357.50 -85.75 3.13,
lb -8.85 -1.56 -0.61,
lk 0.92 -1.02 -1.09,
ow 357.81 -85.75 3.13,
lb -8.70 -1.52 -0.32,
lk 1.07 -0.98 -0.80,
ow 358.13 -85.69 3.13,
lb -8.71 -1.44 -0.20,
lk 1.06 -0.90 -0.69,
ow 358.38 -85.75 3.13,
lb -8.83 -1.35 -0.21,
lk 0.94 -0.81 -0.69,
ow 358.63 -85.75 3.06,
lb -8.84 -1.33 -0.20,
lk 0.93 -0.79 -0.68,
ow 358.88 -85.75 3.06,
lb -8.94 -1.32 -0.23,
lk 0.83 -0.79 -0.72,
ow 359.13 -85.81 3.00,
lb -9.02 -1.34 -0.23,
lk 0.75 -0.83 -0.72,
ow 359.13 -85.81 3.00,
lb -9.08 -1.40 -0.13,
lk 0.69 -0.90 -0.62,
ow 359.38 -85.87 2.94,
lb -9.17 -1.44 -0.04,
lk 0.60 -0.91 -0.52,
ow 359.94 -85.87 2.94,
lb -9.39 -1.38 -0.10,
lk 0.38 -0.87 -0.58,
ow 0.19 -85.94 2.88,
lb -9.51 -1.27 -0.07,
lk 0.26 -0.77 -0.54,
ow 0.44 -86.00 2.88,
lb -9.60 -1.23 -0.19,
lk 0.18 -0.73 -0.66,
ow 0.44 -86.00 2.88,
lb -9.60 -1.23 -0.28,
lk 0.17 -0.74 -0.75,
ow 0.94 -86.06 2.81,
lb -9.45 -1.07 -0.10,
lk 0.32 -0.59 -0.56,
ow 1.12 -86.06 2.81,
lb -9.39 -1.06 -0.06,
lk 0.38 -0.58 -0.51,
ow 1.37 -86.12 2.81,
lb -9.34 -1.00 0.02,
lk 0.43 -0.51 -0.42,
ow 1.69 -86.12 2.88,
lb -9.28 -0.95 0.11,
lk 0.49 -0.45 -0.31,
ow 1.94 -86.12 2.94,
lb -9.21 -0.87 0.38,
lk 0.56 -0.37 -0.03,
ow 2.19 -86.12 2.94,
lb -9.21 -0.84 0.49,
lk 0.57 -0.33 0.07,
ow 2.44 -86.12 2.94,
lb -9.18 -0.79 0.55,
lk 0.60 -0.28 0.14,
ow 2.69 -86.19 2.94,
lb -9.13 -0.86 0.45,
lk 0.64 -0.34 0.05,
ow 2.88 -86.19 3.00,
lb -9.13 -0.79 0.31,
lk 0.65 -0.28 -0.07,
ow 3.00 -86.19 3.00,
lb -9.06 -0.84 0.33,
lk 0.71 -0.33 -0.05,
ow 3.19 -86.19 3.00,
lb -9.04 -0.87 0.40,
lk 0.74 -0.35 0.02,
ow 3.31 -86.19 3.06,
lb -9.13 -0.87 0.27,
lk 0.64 -0.34 -0.09,
ow 3.44 -86.19 3.06,
lb -9.07 -0.87 0.44,
lk 0.71 -0.34 0.07,
ow 3.56 -86.19 3.06,
lb -9.04 -0.91 0.46,
lk 0.74 -0.38 0.10,
ow 3.56 -86.19 3.06,
lb -9.08 -0.95 0.55,
lk 0.70 -0.41 0.19,
ow 3.69 -86.19 3.13,
lb -9.36 -0.80 0.39,
lk 0.41 -0.26 0.04,
ow 3.88 -86.19 3.13,
lb -9.44 -0.87 0.46,
lk 0.34 -0.32 0.11,
ow 3.94 -86.25 3.13,
lb -9.51 -0.92 0.57,
lk 0.27 -0.38 0.23,
ow 4.00 -86.31 3.13,
lb -9.65 -0.94 0.51,
lk 0.12 -0.40 0.19,
ow 4.00 -86.31 3.13,
lb -9.67 -0.88 0.32,
lk 0.11 -0.35 0.00,
ow 4.00 -86.37 3.06,
lb -9.61 -0.86 0.20,
lk 0.16 -0.33 -0.09,
ow 3.94 -86.44 3.06,
lb -9.46 -0.92 0.31,
lk 0.32 -0.40 0.01,
ow 3.94 -86.44 3.06,
lb -9.24 -1.06 0.58,
lk 0.54 -0.54 0.29,
ow 3.88 -86.50 3.00,
lb -9.18 -1.11 0.56,
lk 0.60 -0.59 0.27,
ow 3.88 -86.50 3.00,
lb -9.11 -1.09 0.48,
lk 0.67 -0.57 0.19,
ow 3.75 -86.56 2.94,
lb -9.09 -1.16 0.53,
lk 0.69 -0.65 0.24,
ow 3.69 -86.56 2.88,
lb -9.18 -1.11 0.52,
lk 0.60 -0.61 0.22,
ow 3.56 -86.62 2.81,
lb -9.30 -1.07 0.38,
lk 0.48 -0.59 0.09,
ow 3.56 -86.62 2.81,
lb -9.39 -1.03 0.27,
lk 0.40 -0.54 -0.02,
ow 3.56 -86.62 2.81,
lb -9.39 -1.04 0.34,
lk 0.39 -0.56 0.04,
ow 3.50 -86.69 2.81,
lb -9.46 -0.96 0.40,
lk 0.32 -0.49 0.10,
ow 3.31 -86.69 2.69,
lb -9.52 -0.95 0.40,
lk 0.26 -0.48 0.09,
ow 3.19 -86.75 2.63,
lb -9.54 -1.01 0.44,
lk 0.24 -0.55 0.13,
ow 2.94 -86.87 2.50,
lb -9.75 -1.04 0.36,
lk 0.03 -0.61 0.05,
ow 2.69 -86.94 2.38,
lb -9.88 -1.08 0.51,
lk -0.09 -0.67 0.19,
ow 2.44 -87.06 2.19,
lb -10.03 -1.04 0.68,
lk -0.24 -0.66 0.36,
ow 2.13 -87.12 2.06,
lb -10.09 -0.92 0.67,
lk -0.30 -0.57 0.34,
ow 1.75 -87.19 1.88,
lb -10.28 -0.81 0.64,
lk -0.48 -0.48 0.30,
ow 1.37 -87.25 1.75,
lb -10.34 -0.78 0.68,
lk -0.55 -0.48 0.33,
ow 1.00 -87.31 1.56,
lb -10.36 -0.83 0.79,
lk -0.56 -0.56 0.43,
ow 0.63 -87.31 1.44,
lb -10.40 -0.90 0.81,
lk -0.60 -0.65 0.43,
ow 0.25 -87.37 1.25,
lb -10.89 -0.93 0.72,
lk -1.10 -0.71 0.33,
ow 359.81 -87.31 1.12,
lb -11.14 -0.96 0.93,
lk -1.34 -0.76 0.52,
ow 359.38 -87.31 0.94,
lb -11.39 -0.79 1.14,
lk -1.59 -0.63 0.72,
ow 359.00 -87.31 0.75,
lb -11.84 -0.40 0.71,
lk -2.04 -0.26 0.28,
ow 358.56 -87.25 0.63,
lb -12.02 -0.26 0.27,
lk -2.23 -0.14 -0.17,
ow 358.19 -87.19 0.50,
lb -12.05 -0.10 0.01,
lk -2.25 -0.01 -0.44,
ow 357.81 -87.19 0.44,
lb -11.93 0.03 -0.22,
lk -2.14 0.11 -0.70,
ow 357.50 -87.12 0.37,
lb -11.22 -0.01 -0.73,
lk -1.42 0.05 -1.21,
ow 357.50 -87.12 0.37,
lb -10.89 0.02 -0.76,
lk -1.09 0.08 -1.25,
ow 356.94 -87.00 0.25,
lb -10.60 0.13 -0.75,
lk -0.80 0.18 -1.25,
ow 356.69 -87.00 0.25,
lb -10.29 0.27 -0.76,
lk -0.50 0.32 -1.27,
ow 356.44 -86.87 0.25,
lb -9.65 0.62 -0.67,
lk 0.13 0.67 -1.20,
ow 356.19 -86.81 0.25,
lb -9.29 0.67 -0.61,
lk 0.49 0.73 -1.14,
ow 356.19 -86.81 0.25,
lb -8.97 0.76 -0.59,
lk 0.81 0.81 -1.14,
ow 355.75 -86.62 0.31,
lb -8.64 0.81 -0.50,
lk 1.14 0.86 -1.07,
ow 355.50 -86.50 0.31,
lb -8.03 0.64 -0.11,
lk 1.74 0.69 -0.69,
ow 355.31 -86.44 0.31,
lb -7.89 0.56 0.00,
lk 1.89 0.62 -0.60,
ow 355.13 -86.37 0.31,
lb -7.90 0.53 0.00,
lk 1.88 0.59 -0.60,
ow 354.94 -86.37 0.31,
lb -8.25 0.60 0.00,
lk 1.53 0.66 -0.61,
ow 354.81 -86.37 0.37,
lb -8.48 0.63 -0.11,
lk 1.29 0.69 -0.73,
ow 354.63 -86.37 0.37,
lb -8.74 0.70 -0.14,
lk 1.03 0.77 -0.75,
ow 354.50 -86.44 0.37,
lb -8.98 0.68 -0.15,
lk 0.80 0.75 -0.75,
ow 354.31 -86.44 0.37,
lb -9.46 0.78 -0.26,
lk 0.32 0.85 -0.85,
ow 354.19 -86.50 0.37,
lb -9.65 0.75 -0.11,
lk 0.13 0.82 -0.69,
ow 354.00 -86.62 0.44,
lb -9.71 0.73 -0.01,
lk 0.07 0.81 -0.58,
ow 353.88 -86.75 0.44,
lb -9.76 0.70 -0.05,
lk 0.02 0.79 -0.60,
ow 353.69 -86.87 0.50,
lb -9.81 0.79 -0.05,
lk -0.02 0.88 -0.58,
ow 353.50 -87.00 0.56,
lb -9.81 0.78 0.00,
lk -0.02 0.88 -0.50,
ow 353.31 -87.12 0.63,
lb -9.76 0.72 0.03,
lk 0.03 0.83 -0.44,
ow 353.13 -87.25 0.69,
lb -9.60 0.64 0.14,
lk 0.19 0.76 -0.30,
ow 353.00 -87.37 0.75,
lb -9.49 0.52 0.26,
lk 0.30 0.65 -0.16,
ow 352.88 -87.50 0.81,
lb -9.44 0.41 0.37,
lk 0.34 0.55 -0.02,
ow 352.75 -87.56 0.81,
lb -9.38 0.38 0.22,
lk 0.41 0.53 -0.15,
ow 352.63 -87.69 0.88,
lb -9.04 0.14 0.48,
lk 0.75 0.30 0.12,
ow 352.50 -87.69 0.94,
lb -8.91 0.02 0.50,
lk 0.88 0.19 0.15,
ow 352.38 -87.75 1.00,
lb -8.81 0.00 0.40,
lk 0.98 0.18 0.06,
ow 352.25 -87.75 1.06,
lb -8.71 -0.10 0.45,
lk 1.07 0.08 0.13,
ow 352.13 -87.75 1.12,
lb -8.56 -0.32 0.59,
lk 1.23 -0.12 0.27,
ow 352.06 -87.75 1.19,
lb -8.58 -0.31 0.64,
lk 1.21 -0.10 0.33,
ow 352.00 -87.75 1.25,
lb -8.62 -0.25 0.67,
lk 1.17 -0.03 0.36,
ow 351.94 -87.75 1.31,
lb -8.71 -0.21 0.66,
lk 1.08 0.02 0.36,
ow 351.88 -87.75 1.37,
lb -9.03 -0.03 0.59,
lk 0.76 0.21 0.31,
ow 351.88 -87.75 1.50,
lb -9.23 0.00 0.55,
lk 0.56 0.25 0.27,
ow 351.88 -87.75 1.56,
lb -9.34 0.10 0.57,
lk 0.45 0.37 0.31,
ow 351.88 -87.75 1.63,
lb -9.52 0.14 0.75,
lk 0.27 0.43 0.50,
ow 351.88 -87.69 1.75,
lb -9.58 0.18 0.82,
lk 0.21 0.48 0.58,
ow 351.94 -87.69 1.81,
lb -9.54 0.21 0.86,
lk 0.25 0.52 0.62,
ow 352.00 -87.62 1.88,
lb -9.48 0.24 0.83,
lk 0.31 0.57 0.60,
ow 352.06 -87.62 1.94,
lb -9.34 0.27 0.79,
lk 0.45 0.61 0.57,
ow 352.13 -87.56 2.00,
lb -9.26 0.25 0.86,
lk 0.53 0.60 0.64,
ow 352.13 -87.56 1.94,
lb -9.18 0.22 0.89,
lk 0.60 0.57 0.65,
ow 352.06 -87.56 1.94,
lb -9.20 0.20 0.78,
lk 0.58 0.54 0.53,
ow 352.19 -87.50 2.00,
lb -9.00 0.08 0.78,
lk 0.79 0.42 0.53,
ow 352.31 -87.44 2.06,
lb -8.96 0.05 0.85,
lk 0.83 0.41 0.61,
ow 352.38 -87.37 2.19,
lb -9.02 0.06 0.79,
lk 0.77 0.44 0.55,
ow 352.50 -87.31 2.25,
lb -9.05 0.04 0.79,
lk 0.73 0.43 0.55,
ow 352.56 -87.25 2.25,
lb -9.20 -0.02 0.71,
lk 0.58 0.36 0.46,
ow 352.69 -87.19 2.31,
lb -9.36 -0.05 0.72,
lk 0.42 0.34 0.46,
ow 352.88 -87.06 2.38,
lb -9.52 0.00 0.89,
lk 0.26 0.42 0.62,
ow 353.06 -87.00 2.50,
lb -9.72 0.15 0.93,
lk 0.06 0.58 0.66,
ow 353.25 -86.94 2.56,
lb -9.81 0.25 0.79,
lk -0.02 0.69 0.52,
ow 353.44 -86.87 2.63,
lb -9.92 0.30 0.70,
lk -0.13 0.76 0.43,
ow 353.69 -86.75 2.75,
lb -9.93 0.36 0.71,
lk -0.14 0.84 0.43,
ow 353.94 -86.69 2.81,
lb -9.94 0.38 0.77,
lk -0.15 0.87 0.48,
ow 354.13 -86.56 2.94,
lb -9.88 0.40 0.81,
lk -0.09 0.90 0.52,
ow 354.38 -86.44 3.00,
lb -9.84 0.44 1.04,
lk -0.05 0.96 0.74,
ow 354.56 -86.37 3.06,
lb -9.75 0.39 1.21,
lk 0.02 0.93 0.90,
ow 354.75 -86.25 3.19,
lb -9.74 0.20 1.21,
lk 0.04 0.75 0.89,
ow 355.00 -86.12 3.31,
lb -9.81 0.05 1.06,
lk -0.03 0.62 0.74,
ow 355.19 -86.00 3.38,
lb -9.99 -0.22 0.85,
lk -0.20 0.36 0.51,
ow 355.44 -85.87 3.50,
lb -10.77 -0.85 0.54,
lk -0.99 -0.25 0.20,
ow 355.69 -85.75 3.63,
lb -11.27 -1.00 0.70,
lk -1.49 -0.37 0.35,
ow 356.00 -85.62 3.75,
lb -11.65 -1.10 0.67,
lk -1.87 -0.46 0.30,
ow 356.25 -85.50 3.81,
lb -12.12 -1.13 0.36,
lk -2.34 -0.47 -0.01,
ow 356.56 -85.37 3.94,
lb -12.98 -1.25 -0.27,
lk -3.20 -0.58 -0.66,
ow 356.81 -85.31 4.00,
lb -13.12 -1.18 -0.77,
lk -3.35 -0.49 -1.17,
ow 357.13 -85.25 4.06,
lb -12.97 -1.13 -1.20,
lk -3.19 -0.43 -1.61,
ow 357.44 -85.12 4.13,
lb -12.56 -1.12 -1.60,
lk -2.79 -0.41 -2.02,
ow 357.69 -85.06 4.13,
lb -11.48 -0.97 -1.58,
lk -1.71 -0.25 -2.02,
ow 358.00 -85.00 4.13,
lb -10.85 -0.72 -1.43,
lk -1.08 -0.01 -1.89,
ow 358.25 -84.94 4.19,
lb -10.23 -0.71 -1.25,
lk -0.46 0.00 -1.73,
ow 358.50 -84.87 4.19,
lb -8.84 -0.92 -0.68,
lk 0.91 -0.21 -1.19,
ow 358.81 -84.81 4.19,
lb -8.38 -1.03 -0.48,
lk 1.38 -0.32 -0.99,
ow 359.06 -84.81 4.13,
lb -8.05 -1.23 -0.35,
lk 1.71 -0.51 -0.87,
ow 359.25 -84.81 4.13,
lb -7.92 -1.48 -0.39,
lk 1.84 -0.77 -0.91,
ow 359.44 -84.87 4.06,
lb -8.13 -1.79 -0.39,
lk 1.63 -1.08 -0.91,
ow 359.63 -84.94 4.00,
lb -8.31 -1.88 -0.33,
lk 1.45 -1.19 -0.85,
ow 359.69 -85.00 3.94,
lb -8.57 -1.90 -0.30,
lk 1.19 -1.22 -0.82,
ow 359.75 -85.06 3.81,
lb -8.80 -1.92 -0.22,
lk 0.96 -1.27 -0.74,
ow 359.81 -85.12 3.69,
lb -9.37 -1.72 -0.01,
lk 0.39 -1.09 -0.54,
ow 359.81 -85.25 3.56,
lb -9.64 -1.58 -0.06,
lk 0.12 -0.96 -0.59,
ow 359.88 -85.25 3.44,
lb -9.80 -1.51 -0.04,
lk -0.02 -0.92 -0.57,
ow 0.00 -85.31 3.31,
lb -9.96 -1.46 -0.07,
lk -0.19 -0.88 -0.62,
ow 0.12 -85.37 3.25,
lb -10.06 -1.25 -0.39,
lk -0.28 -0.69 -0.94,
ow 0.25 -85.37 3.19,
lb -9.95 -1.27 -0.51,
lk -0.18 -0.72 -1.06,
ow 0.44 -85.44 3.13,
lb -9.73 -1.24 -0.42,
lk 0.04 -0.71 -0.98,
ow 0.63 -85.44 3.06,
lb -9.31 -1.12 -0.12,
lk 0.46 -0.59 -0.69,
ow 0.81 -85.50 3.00,
lb -9.14 -1.02 0.02,
lk 0.63 -0.50 -0.53,
ow 0.94 -85.50 3.00,
lb -8.96 -0.91 0.22,
lk 0.80 -0.39 -0.32,
ow 1.12 -85.56 3.00,
lb -8.76 -0.86 0.44,
lk 1.01 -0.34 -0.10,
ow 1.31 -85.62 3.06,
lb -8.45 -0.88 0.46,
lk 1.32 -0.35 -0.05,
ow 1.50 -85.69 3.06,
lb -8.36 -0.92 0.56,
lk 1.41 -0.39 0.05,
ow 1.69 -85.75 3.06,
lb -8.30 -0.95 0.50,
lk 1.47 -0.42 0.01,
ow 1.81 -85.81 3.13,
lb -8.29 -0.98 0.42,
lk 1.48 -0.45 -0.04,
ow 1.94 -85.81 3.13,
lb -8.48 -1.05 0.45,
lk 1.30 -0.51 0.00,
ow 2.06 -85.87 3.13,
lb -8.60 -1.03 0.40,
lk 1.17 -0.50 -0.04,
ow 2.19 -85.87 3.13,
lb -8.65 -1.05 0.40,
lk 1.12 -0.51 -0.04,
ow 2.38 -85.81 3.19,
lb -8.71 -1.12 0.56,
lk 1.07 -0.57 0.11,
ow 2.44 -85.81 3.19,
lb -9.00 -1.15 0.67,
lk 0.77 -0.60 0.23,
ow 2.56 -85.87 3.19,
lb -9.17 -1.12 0.68,
lk 0.60 -0.56 0.25,
ow 2.63 -85.87 3.19,
lb -9.39 -1.11 0.67,
lk 0.39 -0.55 0.24,
ow 2.75 -85.94 3.19,
lb -9.70 -1.07 0.56,
lk 0.07 -0.52 0.14,
ow 2.81 -85.94 3.19,
lb -9.76 -1.09 0.60,
lk 0.01 -0.54 0.18,
ow 2.88 -85.94 3.19,
lb -9.77 -1.09 0.59,
lk 0.00 -0.53 0.18,
ow 2.94 -85.94 3.19,
lb -9.75 -1.09 0.61,
lk 0.02 -0.53 0.20,
ow 3.00 -85.94 3.25,
lb -9.57 -1.10 0.64,
lk 0.21 -0.54 0.23,
ow 3.06 -85.94 3.25,
lb -9.44 -1.09 0.71,
lk 0.33 -0.53 0.31,
ow 3.19 -85.87 3.31,
lb -9.43 -1.09 0.71,
lk 0.34 -0.52 0.31,
ow 3.25 -85.87 3.38,
lb -9.37 -1.10 0.77,
lk 0.41 -0.52 0.37,
ow 3.25 -85.87 3.38,
lb -9.32 -1.18 0.79,
lk 0.45 -0.60 0.40,
ow 3.25 -85.87 3.38,
lb -9.28 -1.18 0.64,
lk 0.49 -0.60 0.25,
ow 3.25 -85.87 3.38,
lb -9.27 -1.24 0.71,
lk 0.50 -0.65 0.33,
ow 3.31 -85.75 3.50,
lb -9.15 -1.25 0.60,
lk 0.62 -0.65 0.20,
ow 3.44 -85.69 3.56,
lb -9.11 -1.30 0.52,
lk 0.66 -0.68 0.11,
ow 3.50 -85.56 3.63,
lb -9.11 -1.27 0.61,
lk 0.66 -0.65 0.19,
ow 3.50 -85.50 3.69,
lb -9.21 -1.31 0.69,
lk 0.56 -0.67 0.26,
ow 3.56 -85.37 3.69,
lb -9.40 -1.27 0.80,
lk 0.36 -0.63 0.34,
ow 3.56 -85.31 3.69,
lb -9.51 -1.22 0.89,
lk 0.25 -0.58 0.41,
ow 3.44 -85.37 3.56,
lb -9.61 -1.15 0.95,
lk 0.15 -0.53 0.46,
ow 3.25 -85.37 3.50,
lb -9.70 -1.08 1.04,
lk 0.06 -0.48 0.54,
ow 3.06 -85.44 3.38,
lb -9.72 -0.99 1.02,
lk 0.05 -0.41 0.51,
ow 2.88 -85.50 3.25,
lb -9.74 -0.95 1.02,
lk 0.03 -0.39 0.50,
ow 2.63 -85.56 3.13,
lb -9.75 -0.94 1.03,
lk 0.01 -0.40 0.50,
ow 2.31 -85.56 3.06,
lb -9.85 -0.91 1.05,
lk -0.07 -0.39 0.51,
ow 2.00 -85.62 2.94,
lb -10.12 -0.88 1.05,
lk -0.34 -0.38 0.50,
ow 1.69 -85.62 2.81,
lb -10.25 -0.86 1.01,
lk -0.47 -0.38 0.45,
ow 1.37 -85.62 2.69,
lb -10.38 -0.97 0.96,
lk -0.60 -0.50 0.39,
ow 1.06 -85.69 2.56,
lb -10.76 -1.19 0.84,
lk -0.98 -0.74 0.25,
ow 0.69 -85.62 2.50,
lb -10.97 -1.22 0.96,
lk -1.20 -0.79 0.36,
ow 0.37 -85.62 2.38,
lb -11.22 -1.19 1.11,
lk -1.44 -0.78 0.49,
ow 0.06 -85.62 2.25,
lb -11.58 -1.12 1.02,
lk -1.80 -0.73 0.39,
ow 359.69 -85.62 2.13,
lb -12.47 -0.88 0.70,
lk -2.69 -0.51 0.06,
ow 359.38 -85.62 2.00,
lb -12.83 -0.70 0.44,
lk -3.05 -0.35 -0.21,
ow 359.06 -85.62 1.94,
lb -13.02 -0.48 0.00,
lk -3.25 -0.15 -0.66,
ow 358.81 -85.62 1.81,
lb -12.94 -0.30 -0.60,
lk -3.16 0.01 -1.28,
ow 358.50 -85.56 1.81,
lb -11.94 -0.01 -1.14,
lk -2.16 0.29 -1.83,
ow 358.25 -85.50 1.81,
lb -11.32 0.16 -1.12,
lk -1.54 0.47 -1.82,
ow 358.06 -85.37 1.81,
lb -10.63 0.29 -1.06,
lk -0.86 0.61 -1.78,
ow 357.88 -85.25 1.88,
lb -9.28 0.34 -0.90,
lk 0.48 0.67 -1.65,
ow 357.69 -85.12 1.94,
lb -8.63 0.30 -0.71,
lk 1.13 0.64 -1.47,
ow 357.56 -85.00 2.06,
lb -8.10 0.18 -0.63,
lk 1.66 0.54 -1.40,
ow 357.44 -84.87 2.13,
lb -7.75 0.09 -0.43,
lk 2.01 0.46 -1.22,
ow 357.31 -84.81 2.19,
lb -7.56 0.10 -0.02,
lk 2.20 0.48 -0.81,
ow 357.19 -84.75 2.25,
lb -7.80 0.19 0.07,
lk 1.96 0.58 -0.72,
ow 357.06 -84.75 2.25,
lb -8.11 0.35 0.05,
lk 1.64 0.74 -0.74,
ow 356.94 -84.75 2.19,
lb -8.43 0.51 0.04,
lk 1.32 0.89 -0.75,
ow 356.81 -84.75 2.19,
lb -9.00 0.78 0.07,
lk 0.75 1.16 -0.72,
ow 356.63 -84.81 2.13,
lb -9.26 0.90 0.01,
lk 0.50 1.27 -0.79,
ow 356.44 -84.81 2.06,
lb -9.45 0.96 -0.01,
lk 0.31 1.32 -0.82,
ow 356.19 -84.87 2.00,
lb -9.60 0.95 -0.07,
lk 0.16 1.30 -0.86,
ow 355.94 -85.00 1.94,
lb -9.73 0.77 -0.50,
lk 0.03 1.11 -1.28,
ow 355.69 -85.06 1.94,
lb -9.66 0.64 -0.56,
lk 0.10 0.97 -1.32,
ow 355.50 -85.19 1.94,
lb -9.61 0.48 -0.52,
lk 0.16 0.81 -1.27,
ow 355.25 -85.31 1.94,
lb -9.52 0.36 -0.38,
lk 0.25 0.70 -1.10,
ow 355.06 -85.50 1.94,
lb -9.51 0.33 -0.25,
lk 0.26 0.67 -0.94,
ow 354.88 -85.62 1.94,
lb -9.43 0.21 -0.01,
lk 0.34 0.55 -0.68,
ow 354.75 -85.75 2.00,
lb -9.31 0.17 0.13,
lk 0.46 0.52 -0.50,
ow 354.63 -85.87 2.00,
lb -9.23 0.23 0.38,
lk 0.54 0.58 -0.22,
ow 354.56 -86.00 2.06,
lb -9.15 0.18 0.49,
lk 0.63 0.53 -0.08,
ow 354.44 -86.06 2.06,
lb -9.02 0.12 0.51,
lk 0.75 0.48 -0.04,
ow 354.31 -86.12 2.13,
lb -8.84 0.06 0.41,
lk 0.93 0.42 -0.13,
ow 354.25 -86.12 2.13,
lb -8.54 -0.18 0.37,
lk 1.24 0.18 -0.16,
ow 354.13 -86.19 2.19,
lb -8.48 -0.28 0.13,
lk 1.30 0.08 -0.38,
ow 354.00 -86.19 2.19,
lb -8.38 -0.33 0.19,
lk 1.39 0.04 -0.33,
ow 353.94 -86.19 2.25,
lb -8.35 -0.41 0.42,
lk 1.43 -0.02 -0.09,
ow 353.88 -86.19 2.31,
lb -8.55 -0.38 0.54,
lk 1.22 0.01 0.02,
ow 353.81 -86.19 2.31,
lb -8.73 -0.32 0.61,
lk 1.05 0.07 0.11,
ow 353.81 -86.19 2.38,
lb -8.91 -0.26 0.68,
lk 0.86 0.14 0.18,
ow 353.81 -86.25 2.44,
lb -9.45 -0.02 0.61,
lk 0.33 0.39 0.13,
ow 353.81 -86.25 2.44,
lb -9.64 0.12 0.52,
lk 0.13 0.55 0.05,
ow 353.88 -86.25 2.50,
lb -9.82 0.20 0.47,
lk -0.03 0.63 0.01,
ow 353.94 -86.31 2.56,
lb -9.88 0.28 0.43,
lk -0.09 0.72 0.00,
ow 354.00 -86.31 2.63,
lb -9.85 0.30 0.29,
lk -0.06 0.75 -0.13,
ow 354.13 -86.31 2.63,
lb -9.78 0.29 0.15,
lk 0.00 0.74 -0.27,
ow 354.19 -86.31 2.69,
lb -9.64 0.24 0.05,
lk 0.14 0.70 -0.36,
ow 354.31 -86.31 2.69,
lb -9.51 0.18 0.18,
lk 0.26 0.65 -0.23,
ow 354.44 -86.25 2.75,
lb -9.29 0.23 0.28,
lk 0.48 0.71 -0.13,
ow 354.63 -86.25 2.81,
lb -9.16 0.15 0.39,
lk 0.62 0.63 -0.02,
ow 354.75 -86.19 2.81,
lb -9.06 0.15 0.54,
lk 0.71 0.64 0.12,
ow 354.94 -86.12 2.88,
lb -9.26 0.22 0.41,
lk 0.52 0.71 0.00,
ow 355.13 -86.12 2.94,
lb -9.44 0.28 0.37,
lk 0.33 0.79 -0.04,
ow 355.31 -86.06 3.00,
lb -9.62 0.25 0.48,
lk 0.15 0.77 0.05,
ow 355.44 -86.00 3.06,
lb -9.79 0.22 0.50,
lk 0.00 0.74 0.07,
ow 355.63 -85.94 3.06,
lb -10.10 0.21 0.60,
lk -0.32 0.74 0.16,
ow 355.81 -85.87 3.13,
lb -10.19 0.22 0.61,
lk -0.41 0.76 0.17,
ow 356.06 -85.81 3.19,
lb -10.16 0.24 0.56,
lk -0.38 0.79 0.11,
ow 356.25 -85.69 3.25,
lb -10.10 0.18 0.59,
lk -0.32 0.73 0.12,
ow 356.44 -85.62 3.25,
lb -9.99 0.15 0.63,
lk -0.21 0.72 0.14,
ow 356.69 -85.50 3.31,
lb -9.98 0.17 0.68,
lk -0.20 0.74 0.18,
ow 356.81 -85.44 3.25,
lb -9.99 0.22 0.77,
lk -0.22 0.79 0.24,
ow 356.94 -85.37 3.19,
lb -10.01 0.33 0.84,
lk -0.23 0.88 0.29,
ow 357.13 -85.31 3.25,
lb -10.10 0.38 1.03,
lk -0.33 0.95 0.46,
ow 357.38 -85.19 3.31,
lb -10.18 0.30 1.04,
lk -0.41 0.87 0.46,
ow 357.56 -85.06 3.44,
lb -10.34 0.21 0.99,
lk -0.57 0.80 0.39,
ow 357.81 -84.94 3.50,
lb -10.80 -0.20 0.93,
lk -1.03 0.40 0.32,
ow 358.00 -84.81 3.56,
lb -11.07 -0.32 0.89,
lk -1.30 0.29 0.26,
ow 358.19 -84.75 3.69,
lb -11.36 -0.45 0.78,
lk -1.59 0.17 0.14,
ow 358.38 -84.62 3.75,
lb -11.62 -0.54 0.63,
lk -1.85 0.09 -0.01,
ow 358.56 -84.50 3.81,
lb -11.89 -0.81 0.25,
lk -2.13 -0.15 -0.40,
ow 358.75 -84.44 3.88,
lb -11.83 -0.97 -0.04,
lk -2.07 -0.30 -0.71,
ow 358.94 -84.37 4.00,
lb -11.63 -1.09 -0.37,
lk -1.87 -0.40 -1.04,
ow 359.19 -84.31 4.06,
lb -11.27 -1.16 -0.59,
lk -1.51 -0.46 -1.26,
ow 359.38 -84.25 4.13,
lb -10.31 -1.08 -0.73,
lk -0.56 -0.37 -1.40,
ow 359.63 -84.12 4.19,
lb -9.73 -1.02 -0.73,
lk 0.02 -0.30 -1.41,
ow 359.88 -84.06 4.25,
lb -9.17 -1.05 -0.69,
lk 0.58 -0.31 -1.38,
ow 0.12 -84.00 4.31,
lb -8.18 -1.26 -0.43,
lk 1.56 -0.51 -1.12,
ow 0.37 -83.94 4.38,
lb -7.85 -1.44 -0.24,
lk 1.89 -0.68 -0.95,
ow 0.63 -83.87 4.44,
lb -7.64 -1.59 -0.24,
lk 2.10 -0.83 -0.95,
ow 0.88 -83.81 4.44,
lb -7.55 -1.76 -0.17,
lk 2.19 -1.00 -0.89,
ow 1.12 -83.81 4.44,
lb -7.91 -1.77 -0.09,
lk 1.83 -1.01 -0.81,
ow 1.31 -83.81 4.38,
lb -8.12 -1.67 -0.10,
lk 1.62 -0.91 -0.82,
ow 1.50 -83.87 4.38,
lb -8.34 -1.61 -0.09,
lk 1.40 -0.86 -0.82,
ow 1.63 -83.87 4.31,
lb -8.56 -1.62 0.00,
lk 1.18 -0.88 -0.72,
ow 1.81 -83.94 4.25,
lb -9.11 -1.50 0.03,
lk 0.64 -0.78 -0.68,
ow 2.00 -84.00 4.19,
lb -9.37 -1.49 0.08,
lk 0.37 -0.77 -0.63,
ow 2.13 -84.12 4.13,
lb -9.61 -1.52 0.09,
lk 0.13 -0.82 -0.61,
ow 2.31 -84.19 4.06,
lb -9.88 -1.49 0.00,
lk -0.13 -0.79 -0.70,
ow 2.56 -84.31 4.00,
lb -10.38 -1.35 -0.57,
lk -0.62 -0.66 -1.25,
ow 2.75 -84.37 4.00,
lb -10.48 -1.30 -0.76,
lk -0.72 -0.62 -1.42,
ow 3.00 -84.44 4.00,
lb -10.48 -1.29 -0.76,
lk -0.72 -0.60 -1.40,
ow 3.25 -84.50 4.00,
lb -10.28 -1.28 -0.39,
lk -0.51 -0.59 -1.02,
ow 3.56 -84.50 4.06,
lb -10.04 -1.23 -0.12,
lk -0.27 -0.53 -0.74,
ow 3.88 -84.50 4.06,
lb -9.84 -1.18 0.10,
lk -0.08 -0.48 -0.50,
ow 4.13 -84.56 4.13,
lb -9.66 -1.16 0.32,
lk 0.09 -0.45 -0.26,
ow 4.44 -84.56 4.19,
lb -9.36 -1.05 0.63,
lk 0.40 -0.32 0.06,
ow 4.69 -84.56 4.31,
lb -9.28 -1.08 0.67,
lk 0.47 -0.34 0.13,
ow 4.94 -84.62 4.38,
lb -9.22 -1.12 0.69,
lk 0.54 -0.37 0.16,
ow 5.19 -84.62 4.44,
lb -9.08 -1.14 0.63,
lk 0.67 -0.38 0.12,
ow 5.38 -84.62 4.50,
lb -8.84 -1.19 0.57,
lk 0.91 -0.42 0.08,
ow 5.56 -84.62 4.56,
lb -8.81 -1.28 0.50,
lk 0.94 -0.50 0.02,
ow 5.75 -84.62 4.56,
lb -8.84 -1.27 0.33,
lk 0.91 -0.49 -0.13,
ow 5.88 -84.62 4.56,
lb -8.96 -1.16 0.37,
lk 0.79 -0.37 -0.09,
ow 6.00 -84.62 4.63,
lb -9.05 -1.19 0.39,
lk 0.70 -0.40 -0.06,
ow 6.13 -84.62 4.63,
lb -9.18 -1.13 0.29,
lk 0.57 -0.33 -0.16,
ow 6.25 -84.62 4.63,
lb -9.21 -1.12 0.35,
lk 0.54 -0.32 -0.09,
ow 6.38 -84.62 4.63,
lb -9.33 -1.12 0.39,
lk 0.42 -0.32 -0.04,
ow 6.50 -84.62 4.63,
lb -9.40 -1.09 0.28,
lk 0.35 -0.29 -0.14,
ow 6.56 -84.69 4.69,
lb -9.39 -1.14 0.26,
lk 0.37 -0.34 -0.15,
ow 6.69 -84.69 4.69,
lb -9.35 -1.20 0.18,
lk 0.41 -0.40 -0.22,
ow 6.75 -84.75 4.69,
lb -9.44 -1.27 0.39,
lk 0.32 -0.46 0.00,
ow 6.81 -84.75 4.69,
lb -9.45 -1.21 0.43,
lk 0.31 -0.40 0.05,
ow 6.88 -84.75 4.75,
lb -9.40 -1.29 0.37,
lk 0.36 -0.47 0.00,
ow 6.94 -84.75 4.75,
lb -9.39 -1.35 0.45,
lk 0.36 -0.53 0.09,
ow 7.06 -84.75 4.81,
lb -9.48 -1.38 0.11,
lk 0.28 -0.55 -0.22,
ow 7.06 -84.75 4.81,
lb -9.44 -1.39 0.07,
lk 0.32 -0.56 -0.25,
ow 7.13 -84.75 4.88,
lb -9.33 -1.46 0.08,
lk 0.42 -0.62 -0.23,
ow 7.19 -84.69 4.88,
lb -9.23 -1.56 0.31,
lk 0.53 -0.72 0.00,
ow 7.25 -84.69 4.88,
lb -9.28 -1.56 0.39,
lk 0.47 -0.71 0.08,
ow 7.25 -84.69 4.88,
lb -9.34 -1.47 0.55,
lk 0.41 -0.63 0.23,
ow 7.13 -84.81 4.81,
lb -9.42 -1.44 0.66,
lk 0.33 -0.62 0.35,
ow 7.00 -84.94 4.69,
lb -9.65 -1.35 0.46,
lk 0.11 -0.55 0.17,
ow 6.88 -85.06 4.56,
lb -9.80 -1.36 0.23,
lk -0.03 -0.58 -0.05,
ow 6.69 -85.19 4.44,
lb -9.88 -1.36 0.05,
lk -0.11 -0.60 -0.22,
ow 6.44 -85.31 4.31,
lb -9.95 -1.45 0.07,
lk -0.18 -0.70 -0.19,
ow 6.19 -85.44 4.19,
lb -9.97 -1.47 0.16,
lk -0.19 -0.74 -0.10,
ow 5.94 -85.62 4.06,
lb -9.96 -1.42 0.17,
lk -0.18 -0.72 -0.09,
ow 5.69 -85.69 3.94,
lb -9.96 -1.37 0.28,
lk -0.18 -0.69 0.01,
ow 5.44 -85.81 3.75,
lb -9.97 -1.32 0.55,
lk -0.19 -0.67 0.27,
ow 5.13 -85.94 3.63,
lb -10.02 -1.23 0.68,
lk -0.23 -0.60 0.40,
ow 4.81 -86.06 3.50,
lb -10.07 -1.16 0.68,
lk -0.29 -0.56 0.40,
ow 4.50 -86.19 3.31,
lb -10.19 -1.16 0.64,
lk -0.40 -0.58 0.34,
ow 4.19 -86.25 3.19,
lb -10.60 -1.22 0.71,
lk -0.81 -0.67 0.40,
ow 3.88 -86.37 3.00,
lb -10.88 -1.20 0.73,
lk -1.10 -0.68 0.39,
ow 3.50 -86.44 2.81,
lb -11.26 -1.05 0.72,
lk -1.47 -0.57 0.37,
ow 3.13 -86.56 2.63,
lb -11.50 -0.78 0.54,
lk -1.71 -0.32 0.17,
ow 2.81 -86.62 2.44,
lb -11.82 -0.51 0.04,
lk -2.03 -0.08 -0.33,
ow 2.44 -86.69 2.31,
lb -11.85 -0.45 -0.06,
lk -2.06 -0.05 -0.45,
ow 2.13 -86.75 2.13,
lb -11.73 -0.30 -0.22,
lk -1.94 0.06 -0.63,
ow 1.88 -86.81 2.00,
lb -11.46 -0.17 -0.51,
lk -1.67 0.17 -0.93,
ow 1.63 -86.81 1.88,
lb -10.52 0.04 -0.96,
lk -1.03 0.23 -1.32,
ow 1.37 -86.87 1.81,
lb -10.17 0.17 -0.90,
lk -0.73 0.36 -1.39,
ow 1.12 -86.87 1.75,
lb -9.50 0.26 -0.83,
lk -0.37 0.47 -1.34,
ow 0.94 -86.87 1.69,
lb -9.50 0.26 -0.83,
lk 0.29 0.56 -1.27,
ow 0.69 -86.87 1.69,
lb -9.13 0.29 -0.73,
lk 0.66 0.58 -1.17,
ow 0.50 -86.87 1.63,
lb -8.57 0.26 -0.75,
lk 0.97 0.55 -1.15,
ow 0.37 -86.87 1.63,
lb -8.13 0.21 -0.60,
lk 1.22 0.55 -1.19,
ow 0.19 -86.87 1.63,
lb -8.00 0.06 -0.49,
lk 1.65 0.49 -1.05,
ow 0.00 -86.87 1.56,
lb -8.00 0.06 -0.49,
lk 1.79 0.34 -0.94,
ow 359.81 -86.87 1.50,
lb -8.02 0.00 -0.42,
lk 1.77 0.26 -0.87,
ow 359.63 -86.87 1.44,
lb -8.61 0.15 -0.36,
lk 1.59 0.25 -0.67,
ow 359.50 -86.87 1.37,
lb -8.87 0.29 -0.56,
lk 1.17 0.39 -0.82,
ow 359.31 -86.94 1.31,
lb -9.11 0.40 -0.63,
lk 0.91 0.52 -1.02,
ow 359.19 -86.94 1.25,
lb -9.11 0.40 -0.63,
lk 0.67 0.61 -1.10,
ow 359.06 -87.00 1.12,
lb -9.52 0.70 -0.48,
lk 0.26 0.90 -0.95,
ow 358.94 -87.00 1.06,
lb -9.95 0.90 -0.61,
lk 0.06 1.01 -0.99,
ow 358.81 -87.06 1.00,
lb -10.07 1.02 -0.69,
lk -0.15 1.08 -1.07,
ow 358.63 -87.19 0.94,
lb -10.23 1.08 -0.95,
lk -0.27 1.18 -1.14,
ow 358.50 -87.25 0.88,
lb -10.23 1.08 -0.95,
lk -0.43 1.24 -1.39,
ow 358.31 -87.31 0.88,
lb -10.11 1.07 -0.90,
lk -0.31 1.22 -1.32,
ow 358.13 -87.37 0.88,
lb -9.91 0.90 -0.47,
lk -0.20 1.13 -1.08,
ow 358.00 -87.50 0.81,
lb -9.65 0.87 -0.33,
lk -0.11 1.04 -0.87,
ow 357.81 -87.56 0.88,
lb -9.46 0.71 -0.21,
lk 0.14 1.02 -0.71,
ow 357.69 -87.62 0.88,
lb -9.46 0.71 -0.21,
lk 0.33 0.87 -0.57,
ow 357.56 -87.75 0.88,
lb -9.30 0.55 -0.13,
lk 0.49 0.70 -0.48,
ow 357.50 -87.81 0.88,
lb -8.94 0.21 -0.05,
lk 0.62 0.60 -0.46,
ow 357.38 -87.81 0.94,
lb -8.86 0.09 -0.03,
lk 0.85 0.37 -0.38,
ow 357.31 -87.87 0.94,
lb -8.73 0.00 0.01,
lk 0.93 0.26 -0.35,
ow 357.19 -87.87 0.94,
lb -8.73 0.00 0.01,
lk 1.06 0.16 -0.29,
ow 357.06 -87.94 1.00,
lb -8.60 -0.10 0.09,
lk 1.19 0.07 -0.21,
ow 357.00 -87.94 1.00,
lb -8.69 -0.03 0.01,
lk 1.14 0.09 -0.25,
ow 356.94 -87.94 1.00,
lb -8.77 -0.02 0.00,
lk 1.10 0.14 -0.27,
ow 356.81 -87.94 1.06,
lb -9.04 0.02 0.25,
lk 1.02 0.15 -0.29,
ow 356.81 -87.94 1.06,
lb -9.04 0.02 0.25,
lk 0.75 0.21 -0.02,
ow 356.75 -88.00 1.12,
lb -9.09 0.11 0.24,
lk 0.70 0.30 -0.02,
ow 356.75 -88.00 1.12,
lb -9.44 0.31 0.15,
lk 0.56 0.38 -0.01,
ow 356.75 -88.06 1.19,
lb -9.62 0.48 0.05,
lk 0.35 0.52 -0.09,
ow 356.75 -88.06 1.25,
lb -9.63 0.49 0.02,
lk 0.17 0.70 -0.18,
ow 356.81 -88.12 1.25,
lb -9.63 0.49 0.02,
lk 0.16 0.71 -0.20,
ow 356.88 -88.12 1.31,
lb -9.58 0.45 0.02,
lk 0.21 0.68 -0.19,
ow 356.94 -88.12 1.37,
lb -9.47 0.39 0.06,
lk 0.25 0.69 -0.18,
ow 357.06 -88.12 1.37,
lb -9.48 0.40 0.15,
lk 0.33 0.64 -0.13,
ow 357.13 -88.12 1.44,
lb -9.39 0.38 0.22,
lk 0.32 0.65 -0.03,
ow 357.19 -88.19 1.37,
lb -9.39 0.38 0.22,
lk 0.40 0.63 0.04,
ow 357.25 -88.19 1.37,
lb -9.23 0.39 0.28,
lk 0.56 0.63 0.10,
ow 357.31 -88.25 1.37,
lb -9.16 0.40 0.36,
lk 0.65 0.60 0.18,
ow 357.50 -88.19 1.44,
lb -9.21 0.45 0.47,
lk 0.64 0.65 0.20,
ow 357.63 -88.19 1.50,
lb -9.29 0.43 0.52,
lk 0.58 0.71 0.31,
ow 357.81 -88.12 1.56,
lb -9.29 0.43 0.52,
lk 0.50 0.71 0.37,
ow 357.81 -88.12 1.56,
lb -9.33 0.39 0.38,
lk 0.46 0.66 0.23,
ow 357.94 -88.12 1.56,
lb -9.50 0.33 0.30,
lk 0.36 0.61 0.14,
ow 358.00 -88.12 1.56,
lb -9.61 0.19 0.32,
lk 0.30 0.61 0.14,
ow 358.19 -88.06 1.63,
lb -9.69 0.23 0.36,
lk 0.18 0.47 0.16,
ow 358.38 -88.00 1.75,
lb -9.69 0.23 0.36,
lk 0.10 0.54 0.20,
ow 358.56 -87.87 1.81,
lb -9.78 0.22 0.44,
lk 0.01 0.53 0.28,
ow 358.81 -87.81 1.94,
lb -9.84 0.37 0.49,
lk -0.03 0.63 0.35,
ow 359.06 -87.69 2.00,
lb -9.87 0.40 0.46,
lk -0.04 0.72 0.32,
ow 359.31 -87.56 2.13,
lb -9.86 0.40 0.38,
lk -0.08 0.77 0.29,
ow 359.56 -87.44 2.25,
lb -9.86 0.40 0.38,
lk -0.07 0.79 0.20,
ow 359.69 -87.44 2.25,
lb -9.74 0.38 0.45,
lk 0.04 0.77 0.26,
ow 359.88 -87.37 2.25,
lb -9.63 0.43 0.34,
lk 0.10 0.78 0.23,
ow 0.00 -87.31 2.31,
lb -9.55 0.38 0.34,
lk 0.16 0.82 0.13,
ow 0.19 -87.25 2.31,
lb -9.41 0.33 0.56,
lk 0.24 0.79 0.11,
ow 0.44 -87.12 2.50,
lb -9.41 0.33 0.56,
lk 0.38 0.75 0.32,
ow 0.75 -86.94 2.63,
lb -9.35 0.29 0.64,
lk 0.44 0.74 0.39,
ow 1.00 -86.75 2.75,
lb -9.61 0.15 0.59,
lk 0.37 0.72 0.35,
ow 1.25 -86.62 2.88,
lb -10.12 -0.21 0.73,
lk 0.16 0.65 0.31,
ow 1.56 -86.44 3.06,
lb -10.44 -0.42 0.87,
lk -0.33 0.31 0.43,
ow 1.81 -86.25 3.19,
lb -10.44 -0.42 0.87,
lk -0.65 0.12 0.56,
ow 2.13 -86.12 3.31,
lb -10.85 -0.50 1.01,
lk -1.07 0.06 0.68,
ow 2.38 -86.06 3.38,
lb -12.21 -0.43 0.10,
lk -2.01 0.11 0.05,
ow 2.63 -85.94 3.50,
lb -12.50 -0.46 -0.04,
lk -2.43 0.16 -0.22,
ow 2.81 -85.87 3.56,
lb -12.59 -0.36 -0.32,
lk -2.72 0.14 -0.38,
ow 3.06 -85.81 3.63,
lb -12.59 -0.36 -0.32,
lk -2.81 0.25 -0.66,
ow 3.25 -85.69 3.69,
lb -11.99 -0.52 -0.86,
lk -2.21 0.11 -1.21,
ow 3.44 -85.62 3.75,
lb -11.19 -0.71 -0.72,
lk -1.81 -0.01 -1.15,
ow 3.69 -85.50 3.88,
lb -10.77 -0.75 -0.65,
lk -1.41 -0.05 -1.09,
ow 3.88 -85.44 3.94,
lb -9.87 -0.88 -0.41,
lk -1.00 -0.08 -1.03,
ow 4.13 -85.37 4.00,
lb -9.87 -0.88 -0.41,
lk -0.09 -0.20 -0.80,
ow 4.38 -85.31 4.06,
lb -9.49 -0.93 -0.24,
lk 0.27 -0.23 -0.63,
ow 4.63 -85.25 4.13,
lb -8.72 -1.23 -0.36,
lk 0.56 -0.33 -0.54,
ow 4.88 -85.19 4.19,
lb -8.49 -1.35 -0.39,
lk 1.04 -0.51 -0.75,
ow 5.13 -85.19 4.19,
lb -8.35 -1.51 -0.43,
lk 1.27 -0.63 -0.78,
ow 5.38 -85.12 4.25,
lb -8.35 -1.51 -0.43,
lk 1.41 -0.78 -0.83,
ow 5.56 -85.12 4.19,
lb -8.26 -1.63 -0.55,
lk 1.50 -0.90 -0.95,
ow 5.75 -85.12 4.19,
lb -8.12 -1.70 -0.28,
lk 1.65 -0.97 -0.82,
ow 5.88 -85.12 4.13,
lb -8.16 -1.74 -0.23,
lk 1.65 -0.99 -0.70,
ow 6.06 -85.12 4.06,
lb -8.22 -1.79 -0.26,
lk 1.60 -1.03 -0.66,
ow 6.19 -85.19 4.00,
lb -8.22 -1.79 -0.26,
lk 1.55 -1.09 -0.70,
ow 6.25 -85.25 3.94,
lb -8.53 -1.82 -0.17,
lk 1.24 -1.14 -0.61,
ow 6.38 -85.31 3.88,
lb -9.03 -1.91 -0.10,
lk 1.01 -1.16 -0.56,
ow 6.44 -85.37 3.81,
lb -9.37 -1.92 -0.09,
lk 0.74 -1.25 -0.53,
ow 6.56 -85.44 3.75,
lb -10.15 -1.93 -0.38,
lk 0.40 -1.27 -0.50,
ow 6.69 -85.56 3.69,
lb -10.15 -1.93 -0.38,
lk -0.37 -1.29 -0.79,
ow 6.88 -85.62 3.69,
lb -10.45 -1.79 -0.59,
lk -0.67 -1.15 -0.98,
ow 7.13 -85.69 3.63,
lb -10.62 -1.61 -0.65,
lk -0.83 -1.04 -1.06,
ow 7.38 -85.69 3.63,
lb -10.45 -1.52 -0.41,
lk -0.84 -0.98 -1.02,
ow 7.63 -85.75 3.63,
lb -10.21 -1.34 -0.32,
lk -0.43 -0.71 -0.69,
ow 7.94 -85.75 3.63,
lb -10.21 -1.34 -0.32,
lk -0.43 -0.71 -0.69,
ow 8.19 -85.69 3.63,
lb -9.34 -1.20 0.00,
lk -0.16 -0.70 -0.52,
ow 8.50 -85.69 3.63,
lb -9.03 -1.21 0.03,
lk 0.43 -0.57 -0.38,
ow 8.81 -85.69 3.69,
lb -8.84 -1.18 0.12,
lk 0.74 -0.58 -0.34,
ow 9.06 -85.62 3.69,
lb -8.70 -1.16 0.18,
lk 1.07 -0.52 -0.19,
ow 9.38 -85.62 3.69,
lb -8.70 -1.16 0.18,
lk 1.07 -0.52 -0.19,
ow 9.63 -85.62 3.69,
lb -8.67 -1.12 0.13,
lk 1.10 -0.48 -0.24,
ow 9.81 -85.69 3.63,
lb -8.79 -1.11 0.26,
lk 0.98 -0.48 -0.10,
ow 10.06 -85.69 3.63,
lb -9.09 -1.03 0.39,
lk 0.68 -0.42 0.02,
ow 10.19 -85.75 3.56,
lb -9.23 -1.04 0.31,
lk 0.54 -0.44 -0.06,
ow 10.38 -85.81 3.50,
lb -9.23 -1.04 0.31,
lk 0.54 -0.44 -0.06,
ow 10.50 -85.87 3.44,
lb -9.52 -0.99 0.27,
lk 0.40 -0.40 -0.05,
ow 10.63 -85.94 3.44,
lb -9.65 -0.98 0.40,
lk 0.12 -0.40 0.03,
ow 10.69 -85.94 3.38,
lb -9.69 -0.95 0.47,
lk 0.09 -0.38 0.10,
ow 10.75 -86.00 3.31,
lb -9.72 -0.86 0.49,
lk 0.06 -0.30 0.12,
ow 10.75 -86.06 3.25,
lb -9.72 -0.86 0.49,
lk 0.06 -0.30 0.12,
ow 10.75 -86.06 3.19,
lb -9.64 -1.10 0.39,
lk 0.00 -0.48 -0.13,
ow 10.75 -86.12 3.19,
lb -9.64 -1.18 0.25,
lk 0.14 -0.64 -0.11,
ow 10.81 -86.19 3.13,
lb -9.59 -1.20 0.15,
lk 0.18 -0.66 -0.20,
ow 10.88 -86.12 3.13,
lb -9.51 -1.16 0.23,
lk 0.27 -0.61 -0.12,
ow 10.94 -86.12 3.19,
lb -9.61 -1.17 0.37,
lk 0.27 -0.61 -0.12,
ow 11.00 -86.12 3.19,
lb -9.63 -1.12 0.48,
lk 0.17 -0.62 0.02,
ow 11.06 -86.12 3.19,
lb -9.59 -1.10 0.57,
lk 0.18 -0.54 0.22,
ow 11.13 -86.12 3.19,
lb -9.37 -1.24 0.62,
lk 0.40 -0.69 0.26,
ow 11.06 -86.19 3.13,
lb -9.26 -1.28 0.56,
lk 0.52 -0.75 0.21,
ow 11.06 -86.25 3.06,
lb -9.11 -1.34 0.50,
lk 0.52 -0.75 0.21,
ow 11.06 -86.31 3.00,
lb -9.00 -1.33 0.34,
lk 0.66 -0.82 0.15,
ow 11.00 -86.37 2.88,
lb -9.02 -1.30 0.34,
lk 0.76 -0.81 0.00,
ow 10.94 -86.44 2.81,
lb -9.03 -1.28 0.38,
lk 0.75 -0.82 0.02,
ow 10.88 -86.56 2.69,
lb -9.09 -1.24 0.40,
lk 0.69 -0.81 0.04,
ow 10.81 -86.62 2.50,
lb -9.16 -1.14 0.44,
lk 0.69 -0.81 0.04,
ow 10.75 -86.75 2.38,
lb -9.30 -1.05 0.58,
lk 0.62 -0.73 0.07,
ow 10.75 -86.75 2.31,
lb -9.37 -0.99 0.49,
lk 0.42 -0.60 0.11,
ow 10.75 -86.75 2.25,
lb -9.38 -0.97 0.39,
lk 0.40 -0.61 0.00,
ow 10.63 -86.87 2.06,
lb -9.43 -1.00 0.26,
lk 0.36 -0.66 -0.11,
ow 10.50 -87.00 1.94,
lb -9.46 -1.03 0.22,
lk 0.36 -0.66 -0.11,
ow 10.38 -87.12 1.81,
lb -9.48 -1.02 0.22,
lk 0.30 -0.73 -0.14,
ow 10.25 -87.25 1.63,
lb -9.51 -1.06 0.33,
lk 0.28 -0.78 -0.03,
ow 10.25 -87.25 1.63,
lb -9.64 -1.09 0.59,
lk 0.14 -0.82 0.22,
ow 10.19 -87.31 1.56,
lb -9.70 -1.09 0.67,
lk 0.09 -0.83 0.30,
ow 10.19 -87.31 1.50,
lb -9.78 -1.12 0.72,
lk 0.09 -0.83 0.30,
ow 10.06 -87.37 1.31,
lb -9.87 -1.09 0.78,
lk -0.07 -0.88 0.40,
ow 9.88 -87.44 1.19,
lb -10.05 -1.07 0.76,
lk -0.25 -0.89 0.37,
ow 9.75 -87.50 1.00,
lb -10.20 -1.06 0.75,
lk -0.41 -0.92 0.36,
ow 9.56 -87.56 0.81,
lb -10.42 -1.06 0.67,
lk -0.63 -0.95 0.26,
ow 9.38 -87.56 0.63,
lb -10.68 -1.02 0.59,
lk -0.89 -0.95 0.17,
ow 9.19 -87.50 0.44,
lb -11.27 -0.79 0.69,
lk -1.47 -0.75 0.27,
ow 9.00 -87.44 0.19,
lb -11.56 -0.60 0.49,
lk -1.76 -0.59 0.05,
ow 8.81 -87.37 0.00,
lb -11.82 -0.50 0.17,
lk -2.02 -0.53 -0.28,
ow 8.63 -87.31 -0.19,
lb -12.06 -0.11 -0.38,
lk -2.26 -0.18 -0.85,
ow 8.44 -87.19 -0.37,
lb -11.88 0.05 -0.70,
lk -2.26 -0.18 -0.85,
ow 8.31 -87.06 -0.63,
lb -11.50 0.13 -1.01,
lk -1.71 0.00 -1.51,
ow 8.13 -86.87 -0.81,
lb -11.07 0.26 -1.21,
lk -1.27 0.08 -1.73,
ow 8.00 -86.75 -1.06,
lb -10.28 0.51 -1.22,
lk -0.49 0.29 -1.76,
ow 7.88 -86.56 -1.25,
lb -9.89 0.56 -1.17,
lk -0.10 0.32 -1.73,
ow 7.81 -86.37 -1.37,
lb -9.56 0.61 -1.09,
lk 0.21 0.34 -1.67,
ow 7.81 -86.25 -1.50,
lb -9.25 0.67 -0.97,
lk 0.52 0.38 -1.56,
ow 7.81 -86.12 -1.63,
lb -8.93 0.70 -0.99,
lk 0.84 0.40 -1.59,
ow 7.88 -86.00 -1.75,
lb -8.93 0.77 -0.99,
lk 0.84 0.46 -1.60,
ow 7.94 -85.94 -1.81,
lb -8.99 0.79 -1.05,
lk 0.78 0.47 -1.67,
ow 8.00 -85.87 -1.88,
lb -9.07 0.85 -1.17,
lk 0.78 0.47 -1.67,
ow 8.06 -85.75 -1.94,
lb -9.24 0.98 -0.74,
lk 0.53 0.62 -1.38,
ow 8.13 -85.69 -2.06,
lb -9.29 1.11 -0.82,
lk 0.47 0.73 -1.47,
ow 8.19 -85.62 -2.13,
lb -9.35 1.14 -0.95,
lk 0.42 0.75 -1.61,
ow 8.25 -85.50 -2.25,
lb -9.47 1.31 -1.01,
lk 0.30 0.90 -1.67,
ow 8.38 -85.44 -2.31,
lb -9.50 1.31 -0.94,
lk 0.26 0.88 -1.60,
ow 8.44 -85.37 -2.44,
lb -9.54 1.29 -1.01,
lk 0.22 0.85 -1.67,
ow 8.50 -85.31 -2.56,
lb -9.56 1.27 -1.09,
lk 0.21 0.82 -1.74,
ow 8.63 -85.31 -2.63,
lb -9.56 1.21 -0.97,
lk 0.21 0.74 -1.62,
ow 8.69 -85.31 -2.69,
lb -9.54 1.15 -1.03,
lk 0.22 0.65 -1.62,
ow 8.63 -85.44 -2.88,
lb -9.45 1.09 -0.98,
lk 0.22 0.65 -1.62,
ow 8.56 -85.56 -3.06,
lb -9.33 1.01 -0.90,
lk 0.32 0.56 -1.51,
ow 8.50 -85.69 -3.19,
lb -9.21 0.94 -0.86,
lk 0.56 0.37 -1.28,
ow 8.50 -85.81 -3.31,
lb -9.14 0.90 -0.87,
lk 0.63 0.33 -1.27,
ow 8.56 -85.87 -3.31,
lb -9.02 0.85 -0.68,
lk 0.75 0.28 -1.07,
ow 8.63 -85.94 -3.31,
lb -8.94 0.82 -0.46,
lk 0.83 0.25 -0.83,
ow 8.75 -86.00 -3.31,
lb -8.92 0.85 -0.49,
lk 0.85 0.27 -0.85,
ow 8.81 -86.00 -3.31,
lb -8.97 0.85 -0.64,
lk 0.81 0.28 -0.99,
ow 8.94 -86.06 -3.31,
lb -8.97 0.82 -0.74,
lk 0.80 0.25 -1.07,
ow 9.06 -86.12 -3.31,
lb -8.97 0.80 -0.66,
lk 0.81 0.23 -0.98,
ow 9.13 -86.12 -3.31,
lb -9.05 0.82 -0.65,
lk 0.81 0.23 -0.98,
ow 9.25 -86.19 -3.31,
lb -9.17 0.89 -0.76,
lk 0.72 0.24 -0.93,
ow 9.31 -86.25 -3.38,
lb -9.25 0.96 -0.68,
lk 0.53 0.37 -0.90,
ow 9.38 -86.25 -3.44,
lb -9.37 0.98 -0.63,
lk 0.41 0.39 -0.84,
ow 9.50 -86.31 -3.44,
lb -9.49 1.11 -0.65,
lk 0.29 0.52 -0.85,
ow 9.69 -86.31 -3.44,
lb -9.56 1.09 -0.61,
lk 0.22 0.51 -0.80,
ow 9.81 -86.37 -3.38,
lb -9.59 1.03 -0.51,
lk 0.19 0.46 -0.70,
ow 10.00 -86.44 -3.31,
lb -9.68 1.02 -0.59,
lk 0.10 0.45 -0.77,
ow 10.19 -86.50 -3.31,
lb -9.70 0.99 -0.66,
lk 0.08 0.43 -0.83,
ow 10.44 -86.56 -3.25,
lb -9.73 0.90 -0.65,
lk 0.05 0.36 -0.81,
ow 10.69 -86.62 -3.19,
lb -9.78 0.89 -0.65,
lk 0.05 0.36 -0.81,
ow 10.94 -86.69 -3.13,
lb -9.68 0.84 -0.70,
lk 0.00 0.35 -0.80,
ow 11.19 -86.75 -3.13,
lb -9.62 0.78 -0.69,
lk 0.16 0.24 -0.79,
ow 11.38 -86.75 -3.13,
lb -9.58 0.76 -0.68,
lk 0.20 0.22 -0.76,
ow 11.69 -86.81 -3.13,
lb -9.34 0.70 -0.85,
lk 0.44 0.16 -0.91,
ow 11.94 -86.81 -3.13,
lb -9.25 0.66 -0.63,
lk 0.44 0.16 -0.91,
ow 12.25 -86.81 -3.06,
lb -9.26 0.62 -0.45,
lk 0.53 0.12 -0.70,
ow 12.56 -86.81 -3.06,
lb -9.32 0.60 -0.47,
lk 0.46 0.08 -0.58,
ow 12.88 -86.81 -3.06,
lb -9.63 0.58 -0.27,
lk 0.15 0.06 -0.39,
ow 13.19 -86.81 -3.00,
lb -9.80 0.64 -0.15,
lk -0.01 0.11 -0.30,
ow 13.50 -86.81 -3.00,
lb -9.99 0.66 -0.14,
lk -0.20 0.14 -0.30,
ow 13.81 -86.75 -3.00,
lb -10.19 0.67 -0.23,
lk -0.40 0.14 -0.40,
ow 14.13 -86.75 -3.00,
lb -10.22 0.59 -0.32,
lk -0.43 0.07 -0.51,
ow 14.44 -86.69 -3.06,
lb -10.17 0.43 -0.30,
lk -0.38 -0.08 -0.50,
ow 14.75 -86.69 -3.06,
lb -10.11 0.26 -0.15,
lk -0.32 -0.25 -0.36,
ow 15.00 -86.69 -3.06,
lb -10.03 -0.08 -0.02,
lk -0.32 -0.25 -0.36,
ow 15.31 -86.62 -3.00,
lb -10.13 -0.17 -0.01,
lk -0.24 -0.60 -0.24,
ow 15.63 -86.69 -3.00,
lb -10.17 -0.29 0.00,
lk -0.38 -0.81 -0.23,
ow 15.88 -86.69 -3.00,
lb -10.16 -0.39 -0.03,
lk -0.37 -0.90 -0.26,
ow 16.19 -86.69 -2.94,
lb -10.07 -0.44 -0.12,
lk -0.27 -0.95 -0.35,
ow 16.44 -86.75 -2.94,
lb -9.99 -0.40 -0.12,
lk -0.20 -0.90 -0.35,
ow 16.69 -86.75 -2.88,
lb -9.88 -0.45 -0.04,
lk -0.09 -0.94 -0.27,
ow 17.00 -86.75 -2.88,
lb -9.73 -0.37 0.01,
lk 0.05 -0.87 -0.22,
ow 17.25 -86.75 -2.81,
lb -9.43 -0.34 0.15,
lk 0.35 -0.83 -0.09,
ow 17.56 -86.75 -2.81,
lb -9.25 -0.35 0.20,
lk 0.53 -0.84 -0.05,
ow 17.81 -86.75 -2.81,
lb -9.15 -0.43 0.12,
lk 0.53 -0.84 -0.05,
ow 18.12 -86.75 -2.75,
lb -8.97 -0.52 0.02,
lk 0.81 -1.00 -0.25,
ow 18.37 -86.75 -2.75,
lb -8.95 -0.56 0.02,
lk 0.83 -1.03 -0.25,
ow 18.62 -86.75 -2.69,
lb -8.98 -0.64 0.00,
lk 0.80 -1.10 -0.28,
ow 18.94 -86.75 -2.69,
lb -9.06 -0.66 -0.04,
lk 0.72 -1.11 -0.33,
ow 19.19 -86.81 -2.63,
lb -9.31 -0.58 -0.13,
lk 0.72 -1.11 -0.33,
ow 19.44 -86.81 -2.63,
lb -9.45 -0.51 -0.27,
lk 0.33 -0.96 -0.56,
ow 19.75 -86.87 -2.56,
lb -9.53 -0.45 -0.38,
lk 0.25 -0.89 -0.67,
ow 20.06 -86.87 -2.56,
lb -9.60 -0.46 -0.22,
lk 0.18 -0.90 -0.52,
ow 20.37 -86.87 -2.50,
lb -9.59 -0.22 0.02,
lk 0.19 -0.66 -0.27,
ow 20.62 -86.87 -2.50,
lb -9.57 -0.11 -0.04,
lk 0.19 -0.66 -0.27,
ow 20.94 -86.87 -2.50,
lb -9.52 -0.05 -0.08,
lk 0.21 -0.54 -0.35,
ow 21.25 -86.87 -2.50,
lb -9.44 -0.03 -0.08,
lk 0.34 -0.46 -0.40,
ow 21.50 -86.81 -2.50,
lb -9.39 -0.01 -0.08,
lk 0.39 -0.44 -0.41,
ow 21.81 -86.81 -2.44,
lb -9.39 -0.08 -0.05,
lk 0.39 -0.51 -0.38,
ow 22.06 -86.81 -2.44,
lb -9.39 -0.11 -0.02,
lk 0.39 -0.51 -0.38,
ow 22.31 -86.81 -2.44,
lb -9.39 -0.11 0.10,
lk 0.40 -0.53 -0.35,
ow 22.62 -86.87 -2.38,
lb -9.46 -0.11 0.02,
lk 0.32 -0.51 -0.29,
ow 22.87 -87.00 -2.31,
lb -9.46 -0.11 -0.06,
lk 0.33 -0.50 -0.37,
ow 23.12 -87.06 -2.25,
lb -9.41 -0.08 -0.08,
lk 0.37 -0.46 -0.37,
ow 23.37 -87.12 -2.19,
lb -9.40 -0.07 -0.01,
lk 0.37 -0.46 -0.37,
ow 23.62 -87.25 -2.13,
lb -9.42 -0.08 0.00,
lk 0.38 -0.44 -0.30,
ow 23.81 -87.31 -2.13,
lb -9.44 -0.11 -0.02,
lk 0.35 -0.47 -0.29,
ow 24.06 -87.37 -2.06,
lb -9.48 -0.13 -0.06,
lk 0.31 -0.47 -0.31,
ow 24.25 -87.50 -2.00,
lb -9.58 -0.18 -0.01,
lk 0.21 -0.51 -0.25,
ow 24.44 -87.62 -1.94,
lb -9.60 -0.13 -0.02,
lk 0.21 -0.51 -0.25,
ow 24.56 -87.69 -1.88,
lb -9.63 -0.13 -0.05,
lk 0.19 -0.45 -0.24,
ow 24.75 -87.81 -1.81,
lb -9.69 -0.17 0.01,
lk 0.10 -0.47 -0.17,
ow 24.87 -87.94 -1.69,
lb -9.75 -0.14 0.02,
lk 0.04 -0.43 -0.14,
ow 25.06 -88.00 -1.63,
lb -9.81 -0.20 -0.04,
lk -0.01 -0.47 -0.19,
ow 25.19 -88.12 -1.56,
lb -9.86 -0.17 -0.10,
lk -0.01 -0.47 -0.19,
ow 25.37 -88.25 -1.50,
lb -9.86 -0.17 -0.03,
lk -0.06 -0.43 -0.23,
ow 25.50 -88.37 -1.44,
lb -9.83 -0.07 0.00,
lk -0.03 -0.31 -0.10,
ow 25.62 -88.44 -1.37,
lb -9.80 -0.08 0.02,
lk 0.00 -0.31 -0.06,
ow 25.75 -88.56 -1.31,
lb -9.76 -0.04 0.04,
lk 0.03 -0.26 -0.03,
ow 25.87 -88.62 -1.25,
lb -9.68 -0.02 0.00,
lk 0.03 -0.26 -0.03,
et 10004,