ow 26.44 -75.37 67.56,
lb -8.63 -2.36 0.81,
lk 0.84 -0.06 -0.12,
ow 26.50 -75.25 67.62,
lb -8.58 -2.16 1.00,
lk 0.84 -0.06 -0.12,
ow 26.56 -75.12 67.50,
lb -9.10 -1.95 0.38,
lk 0.36 0.38 -0.59,
ow 26.62 -74.94 67.31,
lb -9.29 -2.20 0.41,
lk 0.16 0.16 -0.58,
ow 26.62 -74.75 67.00,
lb -9.28 -2.10 0.94,
lk 0.17 0.29 -0.09,
ow 26.69 -74.50 66.50,
lb -9.44 -2.09 1.66,
lk 0.17 0.29 -0.09,
ow 26.87 -74.31 66.06,
lb -9.96 -2.40 1.93,
lk 0.00 0.33 0.58,
ow 26.94 -74.06 65.81,
lb -9.78 -2.26 2.04,
lk -0.35 0.20 0.94,
ow 26.94 -73.94 66.00,
lb -9.92 -2.39 2.05,
lk -0.49 0.09 0.97,
ow 27.00 -73.94 66.50,
lb -9.87 -2.39 2.09,
lk -0.44 0.10 1.05,
ow 27.19 -73.94 67.31,
lb -9.60 -2.41 1.92,
lk -0.44 0.10 1.05,
ow 27.37 -74.00 68.44,
lb -9.54 -2.19 1.71,
lk -0.17 0.10 0.92,
ow 27.69 -74.00 69.81,
lb -9.01 -2.12 1.98,
lk 0.41 0.42 1.12,
ow 28.06 -74.06 71.37,
lb -9.06 -2.18 2.15,
lk 0.37 0.36 1.39,
ow 28.62 -74.19 73.19,
lb -9.64 -3.41 2.17,
lk -0.20 -0.86 1.51,
ow 29.31 -74.37 75.37,
lb -9.75 -2.86 2.40,
lk -0.20 -0.86 1.51,
ow 30.37 -74.62 77.75,
lb -10.35 -2.67 2.22,
lk -0.29 -0.33 1.85,
ow 31.44 -74.94 80.37,
lb -10.56 -3.13 1.18,
lk -1.08 -0.65 0.89,
ow 32.75 -75.19 83.37,
lb -10.40 -2.55 1.00,
lk -0.91 -0.08 0.85,
ow 34.25 -75.37 86.50,
lb -10.08 -2.16 0.58,
lk -0.59 0.28 0.58,
ow 35.75 -75.50 89.81,
lb -9.69 -2.38 0.08,
lk -0.59 0.28 0.58,
ow 37.25 -75.50 93.37,
lb -8.89 -2.70 -0.70,
lk -0.19 0.05 0.22,
ow 38.75 -75.50 96.87,
lb -8.57 -2.87 -1.08,
lk 0.91 -0.44 -0.65,
ow 40.13 -75.44 100.06,
lb -8.25 -2.79 -1.32,
lk 1.23 -0.37 -0.78,
ow 41.31 -75.31 102.62,
lb -8.30 -2.70 -1.85,
lk 1.17 -0.28 -1.24,
ow 42.25 -75.25 104.31,
lb -8.55 -2.64 -3.17,
lk 1.17 -0.28 -1.24,
ow 43.06 -75.25 104.94,
lb -8.87 -2.60 -3.15,
lk 0.92 -0.23 -2.53,
ow 43.56 -75.31 104.44,
lb -8.78 -1.96 -2.20,
lk 0.71 0.42 -1.65,
ow 43.88 -75.50 102.87,
lb -9.22 -2.33 -0.31,
lk 0.27 0.04 0.15,
ow 44.00 -75.69 101.06,
lb -9.65 -1.95 0.04,
lk -0.14 0.40 0.45,
ow 44.00 -75.87 99.69,
lb -10.30 -1.97 -0.29,
lk -0.14 0.40 0.45,
ow 44.13 -76.00 98.81,
lb -10.37 -1.98 -0.44,
lk -0.78 0.36 0.07,
ow 44.19 -76.12 98.44,
lb -10.55 -2.36 -0.51,
lk -1.03 -0.04 -0.17,
ow 44.38 -76.19 98.37,
lb -10.57 -2.46 -0.42,
lk -1.05 -0.14 -0.07,
ow 44.56 -76.12 98.56,
lb -10.51 -2.47 -0.04,
lk -0.99 -0.15 0.32,
ow 44.88 -76.12 98.94,
lb -10.06 -2.11 0.45,
lk -0.99 -0.15 0.32,
ow 45.13 -76.06 99.44,
lb -9.50 -2.31 0.11,
lk -0.54 0.20 0.83,
ow 45.44 -75.94 100.31,
lb -9.38 -2.36 -0.04,
lk 0.12 -0.02 0.43,
ow 45.75 -75.87 101.56,
lb -9.31 -2.33 -0.11,
lk 0.19 0.00 0.42,
ow 46.00 -75.81 102.94,
lb -9.58 -2.36 0.00,
lk -0.07 -0.02 0.60,
ow 46.31 -75.75 104.44,
lb -9.53 -2.26 0.32,
lk -0.07 -0.02 0.60,
ow 46.69 -75.75 106.12,
lb -9.28 -2.03 0.47,
lk -0.02 0.04 0.99,
ow 47.00 -75.69 108.06,
lb -9.13 -2.32 0.24,
lk 0.36 -0.04 1.09,
ow 47.31 -75.62 110.19,
lb -8.82 -2.16 -0.07,
lk 0.66 0.09 0.86,
ow 47.69 -75.50 112.44,
lb -8.78 -2.13 -0.29,
lk 0.70 0.11 0.72,
ow 48.06 -75.37 114.50,
lb -8.85 -2.30 -0.57,
lk 0.70 0.11 0.72,
ow 48.31 -75.25 116.19,
lb -8.99 -2.43 -0.54,
lk 0.63 -0.06 0.52,
ow 48.56 -75.12 117.44,
lb -9.24 -2.00 -0.63,
lk 0.22 0.20 0.56,
ow 48.81 -75.06 118.44,
lb -9.29 -2.03 -0.90,
lk 0.18 0.16 0.33,
ow 49.06 -75.00 119.37,
lb -9.19 -2.17 -0.83,
lk 0.28 0.02 0.44,
ow 49.25 -74.94 120.31,
lb -9.26 -2.16 -0.94,
lk 0.28 0.02 0.44,
ow 49.44 -74.87 121.31,
lb -9.20 -2.10 -1.69,
lk 0.20 0.01 0.38,
ow 49.69 -74.81 122.25,
lb -9.46 -2.07 -2.05,
lk 0.00 0.08 -0.65,
ow 49.94 -74.75 123.00,
lb -9.80 -2.14 -2.52,
lk -0.34 0.01 -1.10,
ow 50.25 -74.69 123.37,
lb -10.08 -2.09 -3.34,
lk -0.62 0.06 -1.92,
ow 50.50 -74.69 123.37,
lb -9.91 -2.12 -3.47,
lk -0.62 0.06 -1.92,
ow 50.50 -74.69 122.81,
lb -10.43 -2.31 -5.14,
lk -0.45 0.04 -2.06,
ow 50.63 -74.81 121.75,
lb -9.80 -1.69 -4.97,
lk -0.33 0.50 -3.71,
ow 50.69 -75.00 119.75,
lb -8.36 -2.59 -1.76,
lk 1.11 -0.36 -0.65,
ow 50.75 -75.25 116.50,
lb -8.14 -2.38 -0.54,
lk 1.35 -0.12 0.39,
ow 50.88 -75.56 112.56,
lb -8.33 -2.32 0.18,
lk 1.35 -0.12 0.39,
ow 51.00 -75.81 108.69,
lb -8.80 -2.46 0.91,
lk 1.17 -0.05 0.95,
ow 51.06 -76.06 105.12,
lb -9.29 -2.43 1.49,
lk 0.23 -0.16 1.98,
ow 50.94 -76.25 102.12,
lb -9.53 -2.28 1.51,
lk 0.00 -0.02 1.90,
ow 50.75 -76.44 99.75,
lb -10.07 -2.29 1.51,
lk -0.53 -0.04 1.82,
ow 50.56 -76.56 97.75,
lb -10.19 -2.22 1.75,
lk -0.53 -0.04 1.82,
ow 50.38 -76.62 96.19,
lb -9.56 -2.23 2.24,
lk -0.65 0.02 1.99,
ow 50.19 -76.69 95.19,
lb -9.29 -2.17 2.12,
lk 0.24 0.06 2.32,
ow 49.94 -76.69 94.94,
lb -9.10 -1.88 1.50,
lk 0.44 0.34 1.71,
ow 49.75 -76.75 95.31,
lb -9.10 -1.84 -0.03,
lk 0.44 0.37 0.20,
ow 49.56 -76.81 96.19,
lb -9.66 -1.97 -0.59,
lk -0.11 0.22 -0.31,
ow 49.44 -76.87 97.12,
lb -9.84 -1.88 -1.12,
lk -0.28 0.30 -0.81,
ow 49.25 -76.94 98.00,
lb -9.88 -1.81 -1.14,
lk -0.33 0.35 -0.81,
ow 49.13 -77.00 98.69,
lb -9.86 -2.15 -0.93,
lk -0.30 0.00 -0.58,
ow 49.00 -77.12 99.19,
lb -9.70 -2.19 -0.95,
lk -0.14 -0.04 -0.59,
ow 48.94 -77.12 99.37,
lb -9.65 -2.21 -0.97,
lk -0.14 -0.04 -0.59,
ow 48.88 -77.19 99.31,
lb -9.76 -2.33 -1.39,
lk -0.09 -0.07 -0.62,
ow 48.81 -77.25 99.06,
lb -10.35 -2.23 -3.86,
lk -0.78 -0.11 -3.55,
ow 48.69 -77.37 98.25,
lb -10.08 -1.60 -4.26,
lk -0.51 0.50 -4.02,
ow 48.50 -77.50 96.44,
lb -9.82 -1.66 -3.77,
lk -0.24 0.44 -3.65,
ow 48.31 -77.56 93.12,
lb -9.47 -2.33 -1.67,
lk -0.24 0.44 -3.65,
ow 48.25 -77.56 88.56,
lb -9.58 -2.37 -1.15,
lk 0.10 -0.22 -1.72,
ow 48.25 -77.44 83.50,
lb -9.96 -2.27 -1.77,
lk -0.39 -0.16 -2.20,
ow 48.19 -77.25 78.56,
lb -9.99 -2.08 -2.27,
lk -0.44 0.02 -2.89,
ow 48.13 -77.00 73.62,
lb -9.09 -2.11 -0.30,
lk 0.44 0.00 -1.13,
ow 48.00 -76.56 68.56,
lb -8.90 -2.21 0.73,
lk 0.61 -0.10 -0.31,
ow 47.94 -76.06 63.56,
lb -8.65 -2.19 4.75,
lk 0.84 -0.09 3.48,
ow 47.88 -75.50 59.00,
lb -7.94 -1.65 11.87,
lk 1.53 0.43 10.44,
ow 47.88 -75.00 55.56,
lb -9.22 -1.79 4.95,
lk 0.24 0.28 3.44,
ow 47.63 -74.81 54.13,
lb -8.74 -1.75 4.82,
lk 0.71 0.31 3.28,
ow 47.19 -74.69 53.38,
lb -9.01 -2.35 3.78,
lk 0.71 0.31 3.28,
ow 47.06 -74.75 52.75,
lb -9.12 -1.84 3.29,
lk 0.44 -0.29 2.22,
ow 46.69 -74.81 51.94,
lb -9.50 -1.20 1.70,
lk -0.03 0.77 0.11,
ow 46.38 -74.94 51.06,
lb -9.39 -1.38 0.96,
lk 0.08 0.55 -0.64,
ow 46.06 -75.06 50.25,
lb -9.36 -1.37 1.07,
lk 0.11 0.52 -0.54,
ow 45.81 -75.19 49.63,
lb -9.60 -1.41 1.71,
lk -0.11 0.46 0.09,
ow 45.38 -75.31 49.19,
lb -9.56 -1.60 2.08,
lk -0.07 0.25 0.46,
ow 45.06 -75.37 48.94,
lb -9.39 -1.91 2.30,
lk 0.09 -0.06 0.69,
ow 44.75 -75.50 48.88,
lb -9.64 -1.79 2.23,
lk -0.14 0.04 0.63,
ow 44.38 -75.56 48.88,
lb -9.80 -2.06 1.93,
lk -0.30 -0.23 0.34,
ow 44.06 -75.62 48.94,
lb -9.72 -2.04 1.75,
lk -0.30 -0.23 0.34,
ow 43.88 -75.69 49.06,
lb -9.55 -1.94 1.71,
lk -0.21 -0.21 0.16,
ow 43.75 -75.75 49.19,
lb -9.37 -1.96 1.91,
lk 0.13 -0.14 0.35,
ow 43.69 -75.81 49.38,
lb -9.39 -1.96 1.92,
lk 0.11 -0.14 0.36,
ow 43.63 -75.87 49.50,
lb -9.11 -2.00 2.07,
lk 0.39 -0.18 0.53,
ow 43.63 -75.87 49.69,
lb -8.96 -2.04 2.15,
lk 0.39 -0.18 0.53,
ow 43.50 -75.87 49.88,
lb -8.99 -2.13 2.12,
lk 0.54 -0.22 0.61,
ow 43.56 -75.94 50.06,
lb -9.29 -1.98 1.73,
lk 0.22 -0.16 0.21,
ow 43.63 -76.00 50.19,
lb -9.54 -1.84 1.59,
lk -0.03 -0.02 0.08,
ow 43.69 -76.00 50.31,
lb -9.64 -1.85 1.62,
lk -0.13 -0.03 0.12,
ow 43.75 -76.06 50.44,
lb -9.54 -1.84 1.82,
lk -0.02 -0.02 0.33,
ow 44.00 -76.06 50.56,
lb -9.52 -1.72 1.77,
lk 0.00 0.09 0.29,
ow 44.13 -76.12 50.75,
lb -9.46 -1.71 1.76,
lk 0.05 0.10 0.29,
ow 44.25 -76.12 51.00,
lb -9.50 -1.68 1.74,
lk 0.02 0.14 0.28,
ow 44.38 -76.19 51.38,
lb -9.30 -1.74 1.75,
lk 0.21 0.08 0.30,
ow 44.50 -76.19 51.69,
lb -9.28 -1.82 1.66,
lk 0.21 0.08 0.30,
ow 44.69 -76.19 51.94,
lb -9.33 -1.86 1.47,
lk 0.23 0.01 0.22,
ow 44.81 -76.19 52.25,
lb -9.41 -1.78 1.44,
lk 0.10 0.06 0.02,
ow 44.94 -76.19 52.50,
lb -9.47 -1.79 1.50,
lk 0.04 0.06 0.09,
ow 45.06 -76.19 52.69,
lb -9.71 -1.69 1.35,
lk -0.19 0.17 -0.05,
ow 45.19 -76.19 52.88,
lb -9.94 -1.61 1.12,
lk -0.19 0.17 -0.05,
ow 45.38 -76.19 53.13,
lb -9.50 -1.79 1.51,
lk -0.41 0.25 -0.27,
ow 45.50 -76.12 53.38,
lb -9.32 -1.87 1.70,
lk 0.19 0.02 0.29,
ow 45.63 -76.00 53.50,
lb -9.30 -1.85 1.78,
lk 0.20 0.05 0.36,
ow 45.75 -75.94 53.56,
lb -9.42 -1.75 1.77,
lk 0.08 0.17 0.35,
ow 45.88 -75.81 53.69,
lb -9.51 -1.72 1.70,
lk 0.00 0.21 0.29,
ow 45.94 -75.75 53.88,
lb -9.52 -1.89 1.73,
lk -0.02 0.06 0.31,
ow 46.13 -75.69 54.13,
lb -9.55 -2.00 1.71,
lk -0.05 -0.03 0.30,
ow 46.25 -75.62 54.44,
lb -9.70 -2.01 1.47,
lk -0.20 -0.02 0.07,
ow 46.38 -75.62 54.81,
lb -9.47 -2.07 1.71,
lk 0.02 -0.06 0.32,
ow 46.56 -75.56 55.19,
lb -9.26 -2.16 1.90,
lk 0.02 -0.06 0.32,
ow 46.75 -75.50 55.63,
lb -9.22 -2.22 1.68,
lk 0.22 -0.14 0.51,
ow 46.94 -75.44 56.13,
lb -9.25 -2.02 1.45,
lk 0.24 0.03 0.10,
ow 47.13 -75.44 56.63,
lb -9.53 -2.23 0.94,
lk -0.03 -0.17 -0.38,
ow 47.25 -75.50 57.13,
lb -9.66 -2.32 0.71,
lk -0.16 -0.25 -0.59,
ow 47.38 -75.50 57.50,
lb -9.68 -2.22 0.77,
lk -0.16 -0.25 -0.59,
ow 47.50 -75.50 57.81,
lb -9.69 -2.07 1.18,
lk -0.19 -0.15 -0.53,
ow 47.56 -75.50 57.94,
lb -9.69 -1.97 1.44,
lk -0.20 0.10 0.14,
ow 47.56 -75.50 58.00,
lb -9.63 -1.98 1.69,
lk -0.13 0.10 0.39,
ow 47.63 -75.44 58.13,
lb -9.53 -2.03 1.82,
lk -0.04 0.07 0.53,
ow 47.69 -75.37 58.38,
lb -9.25 -2.02 1.63,
lk 0.23 0.09 0.34,
ow 47.69 -75.31 58.63,
lb -9.10 -2.07 1.58,
lk 0.37 0.05 0.30,
ow 47.75 -75.31 58.88,
lb -9.19 -2.04 1.57,
lk 0.28 0.09 0.29,
ow 47.75 -75.25 59.00,
lb -9.51 -1.93 1.32,
lk -0.03 0.20 0.04,
ow 47.75 -75.25 59.00,
lb -9.48 -2.01 1.69,
lk 0.00 0.12 0.40,
ow 47.69 -75.19 58.88,
lb -9.46 -2.08 1.81,
lk 0.00 0.12 0.40,
ow 47.56 -75.12 58.50,
lb -9.56 -1.92 1.80,
lk 0.01 0.06 0.50,
ow 47.50 -75.06 58.13,
lb -9.38 -2.05 1.57,
lk 0.08 0.09 0.22,
ow 47.44 -75.00 57.94,
lb -9.46 -2.16 1.44,
lk 0.00 -0.01 0.09,
ow 47.44 -74.94 58.00,
lb -9.53 -2.12 1.30,
lk -0.06 0.04 -0.03,
ow 47.44 -74.94 58.13,
lb -9.52 -2.27 1.36,
lk -0.06 0.04 -0.03,
ow 47.44 -74.94 58.31,
lb -9.54 -2.44 1.47,
lk -0.05 -0.11 0.02,
ow 47.44 -74.94 58.44,
lb -9.57 -2.31 1.47,
lk -0.10 -0.14 0.14,
ow 47.38 -74.94 58.50,
lb -9.64 -2.21 1.34,
lk -0.17 -0.04 0.01,
ow 47.38 -74.94 58.50,
lb -9.63 -2.15 1.17,
lk -0.15 0.00 -0.15,
ow 47.38 -74.94 58.50,
lb -9.45 -2.16 1.36,
lk 0.01 0.00 0.02,
ow 47.50 -74.94 58.44,
lb -9.33 -2.18 1.55,
lk 0.12 0.00 0.21,
ow 47.50 -74.87 58.38,
lb -9.30 -2.24 1.65,
lk 0.16 -0.06 0.31,
ow 47.50 -74.81 58.31,
lb -9.30 -2.27 1.71,
lk 0.16 -0.09 0.36,
ow 47.44 -74.81 58.25,
lb -9.40 -2.19 1.52,
lk 0.06 -0.01 0.17,
ow 47.44 -74.81 58.25,
lb -9.41 -2.10 1.55,
lk 0.04 0.07 0.20,
ow 47.56 -74.81 58.25,
lb -9.41 -2.06 1.61,
lk 0.04 0.11 0.26,
ow 47.56 -74.81 58.19,
lb -9.25 -2.11 1.47,
lk 0.21 0.06 0.12,
ow 47.63 -74.81 58.19,
lb -9.33 -2.13 1.28,
lk 0.12 0.04 -0.05,
ow 47.63 -74.81 58.31,
lb -9.43 -2.21 1.19,
lk 0.02 -0.04 -0.14,
ow 47.69 -74.87 58.38,
lb -9.41 -2.26 1.33,
lk 0.05 -0.08 0.00,
ow 47.75 -74.87 58.44,
lb -9.50 -2.29 1.43,
lk -0.03 -0.12 0.10,
ow 47.75 -74.94 58.44,
lb -9.56 -2.21 1.43,
lk -0.09 -0.05 0.10,
ow 47.69 -74.94 58.44,
lb -9.58 -2.12 1.44,
lk -0.11 0.03 0.11,
ow 47.69 -74.94 58.38,
lb -9.51 -2.12 1.37,
lk -0.04 0.03 0.04,
ow 47.69 -75.00 58.38,
lb -9.32 -2.21 1.43,
lk -0.04 0.03 0.04,
ow 47.88 -75.00 58.38,
lb -9.41 -2.17 1.37,
lk 0.14 -0.05 0.10,
ow 47.88 -75.00 58.38,
lb -9.38 -2.24 1.38,
lk 0.09 -0.08 0.05,
ow 47.88 -75.00 58.38,
lb -9.38 -2.24 1.41,
lk 0.08 -0.08 0.09,
ow 47.94 -75.00 58.44,
lb -9.37 -2.27 1.46,
lk 0.09 -0.12 0.14,
ow 47.94 -75.06 58.50,
lb -9.52 -2.21 1.49,
lk 0.09 -0.12 0.14,
ow 47.94 -75.06 58.50,
lb -9.52 -2.16 1.48,
lk -0.04 -0.06 0.17,
ow 47.94 -75.06 58.56,
lb -9.46 -2.19 1.42,
lk 0.01 -0.04 0.11,
ow 47.94 -75.12 58.56,
lb -9.47 -2.11 1.40,
lk 0.00 0.03 0.10,
ow 47.94 -75.12 58.56,
lb -9.44 -2.09 1.46,
lk 0.03 0.04 0.15,
ow 47.94 -75.12 58.56,
lb -9.46 -2.11 1.42,
lk 0.01 0.02 0.11,
ow 47.94 -75.19 58.56,
lb -9.28 -2.14 1.54,
lk 0.19 0.00 0.23,
ow 47.94 -75.19 58.50,
lb -9.41 -2.03 1.49,
lk 0.07 0.10 0.18,
ow 47.88 -75.19 58.38,
lb -9.61 -1.96 1.47,
lk -0.12 0.16 0.15,
ow 47.88 -75.19 58.31,
lb -9.62 -2.05 1.48,
lk -0.14 0.07 0.16,
ow 47.88 -75.19 58.25,
lb -9.58 -2.06 1.39,
lk -0.10 0.06 0.07,
ow 47.88 -75.19 58.19,
lb -9.62 -2.05 1.39,
lk -0.14 0.07 0.07,
ow 47.88 -75.19 58.13,
lb -9.51 -2.15 1.42,
lk -0.03 -0.02 0.09,
ow 47.88 -75.12 58.06,
lb -9.41 -2.14 1.50,
lk 0.05 -0.01 0.17,
ow 47.88 -75.12 57.94,
lb -9.43 -2.14 1.47,
lk 0.03 -0.01 0.13,
ow 47.88 -75.12 57.81,
lb -9.53 -2.11 1.40,
lk -0.05 0.01 0.06,
ow 47.94 -75.12 57.75,
lb -9.47 -2.15 1.40,
lk 0.00 -0.02 0.06,
ow 47.94 -75.06 57.75,
lb -9.38 -2.09 1.49,
lk 0.09 0.03 0.14,
ow 47.94 -75.06 57.69,
lb -9.39 -2.07 1.47,
lk 0.08 0.05 0.12,
ow 47.94 -75.06 57.63,
lb -9.39 -2.07 1.47,
lk 0.08 0.05 0.12,
ow 47.94 -75.06 57.63,
lb -9.48 -2.10 1.40,
lk 0.00 0.02 0.05,
ow 47.69 -75.06 57.56,
lb -9.43 -2.10 1.51,
lk 0.03 0.02 0.16,
ow 47.69 -75.06 57.50,
lb -9.46 -2.13 1.54,
lk 0.00 0.00 0.18,
ow 47.69 -75.06 57.44,
lb -9.51 -2.12 1.48,
lk -0.04 0.01 0.12,
ow 47.69 -75.00 57.50,
lb -9.46 -2.18 1.44,
lk 0.01 -0.04 0.08,
ow 47.69 -75.00 57.50,
lb -9.41 -2.16 1.50,
lk 0.06 -0.03 0.15,
ow 47.69 -75.00 57.56,
lb -9.43 -2.20 1.45,
lk 0.03 -0.07 0.09,
ow 47.69 -75.00 57.56,
lb -9.44 -2.21 1.40,
lk 0.02 -0.08 0.04,
ow 47.69 -75.00 57.56,
lb -9.47 -2.15 1.42,
lk 0.00 -0.02 0.06,
ow 47.69 -75.06 57.63,
lb -9.47 -2.08 1.36,
lk 0.00 0.04 0.01,
ow 47.69 -75.06 57.63,
lb -9.42 -2.16 1.41,
lk 0.05 -0.03 0.06,
ow 47.69 -75.06 57.69,
lb -9.36 -2.28 1.47,
lk 0.11 -0.15 0.12,
ow 47.63 -75.06 57.63,
lb -9.59 -2.02 1.43,
lk -0.11 0.10 0.08,
ow 47.56 -75.06 57.56,
lb -9.51 -2.05 1.48,
lk -0.03 0.06 0.12,
ow 47.56 -75.06 57.44,
lb -9.58 -1.91 1.29,
lk -0.10 0.20 -0.06,
ow 47.50 -75.06 57.31,
lb -9.57 -1.91 1.10,
lk -0.09 0.20 -0.25,
ow 47.38 -75.06 57.25,
lb -9.34 -2.11 1.71,
lk 0.12 0.00 0.35,
ow 47.31 -75.06 57.19,
lb -9.35 -2.08 1.79,
lk 0.11 0.03 0.42,
ow 47.31 -75.00 57.06,
lb -9.38 -2.15 1.60,
lk 0.08 -0.03 0.23,
ow 47.25 -75.00 57.06,
lb -9.40 -2.15 1.54,
lk 0.07 -0.02 0.17,
ow 47.25 -75.00 57.13,
lb -9.41 -2.09 1.40,
lk 0.05 0.03 0.03,
ow 47.19 -75.00 57.13,
lb -9.39 -2.13 1.44,
lk 0.08 0.00 0.06,
ow 47.19 -75.00 57.13,
lb -9.41 -2.17 1.47,
lk 0.05 -0.04 0.10,
ow 47.19 -75.00 57.13,
lb -9.55 -2.09 1.38,
lk -0.08 0.03 0.01,
ow 47.19 -75.00 57.19,
lb -9.53 -2.16 1.38,
lk -0.05 -0.03 0.01,
ow 47.19 -75.00 57.25,
lb -9.44 -2.15 1.46,
lk 0.02 -0.02 0.09,
ow 47.13 -75.00 57.31,
lb -9.41 -2.15 1.57,
lk 0.06 -0.02 0.20,
ow 47.13 -75.00 57.38,
lb -9.46 -2.15 1.56,
lk 0.01 -0.01 0.19,
ow 47.13 -75.00 57.38,
lb -9.48 -2.13 1.56,
lk -0.01 0.00 0.19,
ow 47.13 -75.00 57.31,
lb -9.51 -2.15 1.52,
lk -0.04 -0.01 0.15,
ow 47.19 -75.00 57.38,
lb -9.56 -2.16 1.49,
lk -0.09 -0.03 0.12,
ow 47.25 -75.00 57.38,
lb -9.51 -2.13 1.49,
lk -0.03 0.00 0.13,
ow 47.31 -75.00 57.38,
lb -9.51 -2.09 1.44,
lk -0.04 0.04 0.08,
ow 47.31 -75.00 57.44,
lb -9.44 -2.11 1.42,
lk 0.02 0.02 0.06,
ow 47.31 -75.00 57.44,
lb -9.42 -2.07 1.42,
lk 0.04 0.05 0.06,
ow 47.38 -75.06 57.50,
lb -9.45 -2.12 1.35,
lk 0.02 0.00 0.00,
ow 47.31 -75.06 57.50,
lb -9.45 -2.11 1.45,
lk 0.01 0.01 0.09,
ow 47.38 -75.06 57.44,
lb -9.45 -2.14 1.47,
lk 0.01 -0.01 0.11,
ow 47.38 -75.06 57.44,
lb -9.41 -2.15 1.49,
lk 0.06 -0.02 0.13,
ow 47.38 -75.06 57.38,
lb -9.43 -2.09 1.49,
lk 0.04 0.03 0.13,
ow 47.44 -75.06 57.38,
lb -9.46 -2.09 1.45,
lk 0.01 0.03 0.08,
ow 47.44 -75.06 57.38,
lb -9.47 -2.06 1.46,
lk 0.00 0.05 0.10,
ow 47.50 -75.06 57.38,
lb -9.45 -2.05 1.40,
lk 0.02 0.07 0.04,
ow 47.50 -75.06 57.38,
lb -9.41 -2.11 1.38,
lk 0.06 0.01 0.03,
ow 47.56 -75.06 57.44,
lb -9.41 -2.12 1.44,
lk 0.06 0.00 0.08,
ow 47.56 -75.06 57.44,
lb -9.38 -2.17 1.42,
lk 0.09 -0.05 0.07,
ow 47.63 -75.06 57.50,
lb -9.45 -2.15 1.51,
lk 0.01 -0.03 0.16,
ow 47.69 -75.06 57.56,
lb -9.49 -2.09 1.44,
lk -0.01 0.02 0.09,
ow 47.69 -75.06 57.56,
lb -9.48 -2.08 1.34,
lk 0.00 0.04 0.00,
ow 47.69 -75.06 57.63,
lb -9.45 -2.10 1.38,
lk 0.02 0.02 0.04,
ow 47.69 -75.06 57.56,
lb -9.45 -2.10 1.43,
lk 0.02 0.01 0.08,
ow 47.69 -75.06 57.56,
lb -9.44 -2.08 1.39,
lk 0.02 0.03 0.04,
ow 47.69 -75.06 57.56,
lb -9.40 -2.09 1.41,
lk 0.07 0.02 0.06,
ow 47.69 -75.06 57.56,
lb -9.41 -2.08 1.49,
lk 0.06 0.03 0.14,
ow 47.69 -75.06 57.50,
lb -9.43 -2.13 1.47,
lk 0.04 0.00 0.12,
ow 47.69 -75.06 57.50,
lb -9.39 -2.15 1.53,
lk 0.08 -0.02 0.18,
ow 47.50 -75.06 57.50,
lb -9.45 -2.19 1.50,
lk 0.02 -0.06 0.15,
ow 47.56 -75.06 57.56,
lb -9.46 -2.20 1.45,
lk 0.00 -0.07 0.10,
ow 47.56 -75.06 57.63,
lb -9.44 -2.18 1.46,
lk 0.02 -0.05 0.12,
ow 47.56 -75.06 57.75,
lb -9.46 -2.13 1.52,
lk 0.01 0.00 0.18,
ow 47.56 -75.12 57.81,
lb -9.42 -2.15 1.46,
lk 0.04 -0.02 0.12,
ow 47.63 -75.12 57.88,
lb -9.55 -2.08 1.37,
lk -0.07 0.04 0.04,
ow 47.63 -75.12 57.94,
lb -9.55 -2.13 1.36,
lk -0.07 0.00 0.04,
ow 47.69 -75.12 58.00,
lb -9.51 -2.16 1.35,
lk -0.03 -0.03 0.02,
ow 47.69 -75.12 58.00,
lb -9.42 -2.10 1.42,
lk 0.05 0.02 0.09,
ow 47.69 -75.12 58.00,
lb -9.38 -2.09 1.51,
lk 0.09 0.03 0.18,
ow 47.69 -75.12 58.06,
lb -9.43 -2.08 1.48,
lk 0.04 0.04 0.16,
ow 47.69 -75.12 58.06,
lb -9.47 -2.13 1.47,
lk 0.00 0.00 0.14,
ow 47.69 -75.12 58.00,
lb -9.40 -2.18 1.45,
lk 0.07 -0.05 0.12,
ow 47.69 -75.12 58.00,
lb -9.42 -2.20 1.39,
lk 0.05 -0.07 0.06,
ow 47.69 -75.12 58.00,
lb -9.50 -2.17 1.39,
lk -0.02 -0.04 0.06,
ow 47.81 -75.12 58.00,
lb -9.46 -2.17 1.39,
lk 0.01 -0.04 0.06,
ow 47.81 -75.12 58.00,
lb -9.49 -2.11 1.42,
lk -0.01 0.01 0.09,
ow 47.88 -75.12 58.00,
lb -9.52 -2.18 1.35,
lk -0.04 -0.05 0.02,
ow 47.88 -75.12 58.00,
lb -9.43 -2.10 1.39,
lk 0.04 0.02 0.06,
ow 47.88 -75.12 58.00,
lb -9.38 -2.09 1.56,
lk 0.09 0.03 0.23,
ow 47.88 -75.12 58.00,
lb -9.37 -2.12 1.59,
lk 0.10 0.00 0.26,
ow 47.88 -75.12 58.06,
lb -9.40 -2.17 1.56,
lk 0.07 -0.05 0.24,
ow 47.94 -75.19 58.00,
lb -9.49 -2.16 1.53,
lk -0.01 -0.03 0.20,
ow 47.94 -75.19 58.00,
lb -9.49 -2.07 1.35,
lk -0.01 0.04 0.03,
ow 47.94 -75.19 58.00,
lb -9.45 -2.10 1.34,
lk 0.02 0.02 0.02,
ow 47.94 -75.19 58.06,
lb -9.45 -2.08 1.43,
lk 0.02 0.04 0.11,
ow 48.00 -75.19 58.25,
lb -9.42 -2.09 1.54,
lk 0.05 0.03 0.22,
ow 48.00 -75.19 58.25,
lb -9.48 -2.14 1.63,
lk 0.00 -0.01 0.31,
ow 48.00 -75.19 58.25,
lb -9.50 -2.17 1.54,
lk -0.02 -0.04 0.22,
ow 48.00 -75.19 58.25,
lb -9.42 -2.15 1.50,
lk 0.05 -0.02 0.19,
ow 48.00 -75.19 58.31,
lb -9.43 -2.21 1.39,
lk 0.04 -0.08 0.08,
ow 48.06 -75.19 58.44,
lb -9.46 -2.17 1.34,
lk 0.01 -0.04 0.03,
ow 48.06 -75.19 58.50,
lb -9.56 -2.09 1.26,
lk -0.08 0.03 -0.04,
ow 48.13 -75.19 58.50,
lb -9.58 -2.06 1.22,
lk -0.09 0.06 -0.07,
ow 48.13 -75.19 58.50,
lb -9.34 -2.04 1.46,
lk 0.13 0.08 0.15,
ow 48.13 -75.19 58.50,
lb -9.42 -2.06 1.55,
lk 0.05 0.06 0.24,
ow 48.13 -75.19 58.50,
lb -9.46 -2.03 1.50,
lk 0.01 0.09 0.20,
ow 48.13 -75.19 58.50,
lb -9.45 -2.05 1.23,
lk 0.02 0.07 -0.07,
ow 48.13 -75.19 58.44,
lb -9.41 -2.20 1.41,
lk 0.06 -0.07 0.10,
ow 48.13 -75.19 58.44,
lb -9.43 -2.08 1.48,
lk 0.04 0.04 0.17,
ow 48.38 -75.19 58.44,
lb -9.41 -2.16 1.47,
lk 0.06 -0.03 0.17,
ow 48.38 -75.19 58.44,
lb -9.49 -2.15 1.56,
lk 0.00 -0.01 0.25,
ow 48.38 -75.19 58.50,
lb -9.45 -2.04 1.28,
lk 0.02 0.08 -0.02,
ow 48.44 -75.25 58.56,
lb -9.41 -1.98 1.23,
lk 0.06 0.14 -0.07,
ow 48.44 -75.25 58.56,
lb -9.38 -2.06 1.33,
lk 0.10 0.06 0.03,
ow 48.31 -75.25 58.63,
lb -9.41 -2.19 1.43,
lk 0.07 -0.06 0.13,
ow 48.31 -75.25 58.75,
lb -9.43 -2.18 1.46,
lk 0.05 -0.05 0.17,
ow 48.31 -75.25 58.81,
lb -9.49 -2.18 1.42,
lk -0.01 -0.05 0.13,
ow 48.31 -75.25 58.81,
lb -9.56 -2.17 1.38,
lk -0.07 -0.04 0.10,
ow 48.13 -75.25 58.81,
lb -9.43 -2.07 1.43,
lk 0.04 0.05 0.15,
ow 48.19 -75.31 58.88,
lb -9.37 -2.04 1.36,
lk 0.10 0.08 0.08,
ow 48.19 -75.31 59.00,
lb -9.45 -2.02 1.24,
lk 0.03 0.10 -0.03,
ow 48.19 -75.31 59.13,
lb -9.53 -2.00 1.19,
lk -0.04 0.12 -0.07,
ow 48.19 -75.37 59.25,
lb -9.51 -2.11 1.33,
lk -0.02 0.01 0.06,
ow 48.19 -75.37 59.38,
lb -9.49 -2.17 1.38,
lk 0.00 -0.04 0.13,
ow 48.19 -75.37 59.44,
lb -9.52 -2.17 1.37,
lk -0.03 -0.04 0.12,
ow 48.25 -75.44 59.50,
lb -9.55 -2.11 1.24,
lk -0.06 0.01 -0.01,
ow 48.19 -75.44 59.50,
lb -9.59 -2.06 1.19,
lk -0.09 0.05 -0.05,
ow 48.19 -75.44 59.50,
lb -9.55 -2.05 1.19,
lk -0.06 0.06 -0.05,
ow 48.25 -75.44 59.56,
lb -9.47 -2.10 1.17,
lk 0.01 0.01 -0.06,
ow 48.25 -75.50 59.63,
lb -9.54 -2.05 1.18,
lk -0.04 0.06 -0.05,
ow 48.19 -75.50 59.69,
lb -9.48 -2.08 1.23,
lk 0.00 0.03 0.00,
ow 48.19 -75.50 59.69,
lb -9.51 -2.10 1.28,
lk -0.01 0.00 0.05,
ow 48.19 -75.50 59.69,
lb -9.52 -2.13 1.28,
lk -0.02 -0.02 0.05,
ow 48.19 -75.50 59.63,
lb -9.61 -2.24 1.17,
lk -0.11 -0.13 -0.06,
ow 48.19 -75.50 59.63,
lb -9.68 -2.24 1.08,
lk -0.18 -0.12 -0.15,
ow 48.19 -75.50 59.56,
lb -9.65 -2.18 1.11,
lk -0.16 -0.07 -0.12,
ow 48.19 -75.50 59.56,
lb -9.61 -2.21 1.16,
lk -0.11 -0.10 -0.07,
ow 48.19 -75.50 59.50,
lb -9.56 -2.16 1.26,
lk -0.07 -0.06 0.02,
ow 48.00 -75.56 59.44,
lb -9.53 -2.11 1.36,
lk -0.03 -0.01 0.12,
ow 47.94 -75.56 59.38,
lb -9.53 -2.03 1.20,
lk -0.04 0.06 -0.04,
ow 47.94 -75.56 59.31,
lb -9.43 -2.04 1.11,
lk 0.06 0.06 -0.13,
ow 47.94 -75.56 59.19,
lb -9.41 -2.08 1.19,
lk 0.07 0.01 -0.05,
ow 47.94 -75.50 59.06,
lb -9.33 -2.09 1.24,
lk 0.15 0.00 -0.01,
ow 47.81 -75.50 58.94,
lb -9.30 -2.07 1.36,
lk 0.18 0.02 0.10,
ow 47.81 -75.50 58.88,
lb -9.29 -2.06 1.46,
lk 0.20 0.03 0.19,
ow 47.75 -75.50 58.81,
lb -9.33 -2.04 1.47,
lk 0.15 0.04 0.21,
ow 47.75 -75.50 58.75,
lb -9.36 -2.02 1.50,
lk 0.13 0.07 0.23,
ow 47.75 -75.50 58.75,
lb -9.41 -2.00 1.47,
lk 0.08 0.09 0.19,
ow 47.94 -75.50 58.75,
lb -9.51 -2.04 1.45,
lk -0.01 0.04 0.17,
ow 47.94 -75.50 58.81,
lb -9.61 -2.05 1.38,
lk -0.12 0.04 0.11,
ow 47.94 -75.44 58.94,
lb -9.60 -2.08 1.39,
lk -0.10 0.01 0.13,
ow 47.94 -75.44 59.13,
lb -9.65 -2.15 1.32,
lk -0.16 -0.05 0.06,
ow 48.00 -75.44 59.25,
lb -9.68 -2.15 1.30,
lk -0.18 -0.04 0.04,
ow 48.13 -75.44 59.38,
lb -9.67 -2.16 1.28,
lk -0.17 -0.05 0.03,
ow 48.19 -75.44 59.50,
lb -9.64 -2.14 1.32,
lk -0.15 -0.02 0.07,
ow 48.19 -75.44 59.56,
lb -9.64 -2.13 1.24,
lk -0.14 -0.01 0.00,
ow 48.19 -75.44 59.56,
lb -9.61 -2.12 1.26,
lk -0.12 0.00 0.02,
ow 48.25 -75.44 59.63,
lb -9.54 -2.16 1.29,
lk -0.05 -0.03 0.04,
ow 48.25 -75.37 59.63,
lb -9.57 -2.16 1.25,
lk -0.08 -0.03 0.00,
ow 48.31 -75.37 59.56,
lb -9.50 -2.11 1.25,
lk -0.01 0.01 0.01,
ow 48.31 -75.37 59.50,
lb -9.38 -2.15 1.32,
lk 0.10 -0.02 0.06,
ow 48.31 -75.37 59.44,
lb -9.39 -2.17 1.24,
lk 0.09 -0.04 -0.01,
ow 48.38 -75.37 59.31,
lb -9.46 -2.15 1.15,
lk 0.02 -0.02 -0.10,
ow 48.38 -75.31 59.19,
lb -9.42 -2.10 1.26,
lk 0.05 0.02 0.00,
ow 48.38 -75.31 59.00,
lb -9.39 -2.08 1.41,
lk 0.09 0.03 0.13,
ow 48.38 -75.31 58.88,
lb -9.34 -2.05 1.45,
lk 0.14 0.06 0.17,
ow 48.38 -75.31 58.75,
lb -9.37 -1.96 1.19,
lk 0.11 0.16 -0.09,
ow 48.38 -75.31 58.63,
lb -9.31 -1.87 1.25,
lk 0.16 0.24 -0.03,
ow 48.38 -75.31 58.63,
lb -9.31 -1.96 1.38,
lk 0.16 0.15 0.09,
ow 48.38 -75.31 58.69,
lb -9.30 -2.07 1.49,
lk 0.17 0.04 0.21,
ow 48.31 -75.31 58.69,
lb -9.37 -2.17 1.58,
lk 0.11 -0.05 0.29,
ow 48.31 -75.31 58.69,
lb -9.40 -2.18 1.50,
lk 0.08 -0.07 0.22,
ow 48.31 -75.37 58.69,
lb -9.41 -2.16 1.49,
lk 0.07 -0.05 0.20,
ow 48.31 -75.37 58.69,
lb -9.44 -2.13 1.38,
lk 0.04 -0.01 0.10,
ow 48.31 -75.37 58.75,
lb -9.52 -2.04 1.27,
lk -0.03 0.06 0.00,
ow 48.31 -75.37 58.81,
lb -9.51 -1.97 1.32,
lk -0.02 0.13 0.04,
ow 48.31 -75.44 59.00,
lb -9.44 -1.97 1.49,
lk 0.04 0.13 0.22,
ow 48.25 -75.44 59.06,
lb -9.52 -2.04 1.63,
lk -0.03 0.07 0.37,
ow 48.25 -75.44 59.00,
lb -9.53 -2.09 1.62,
lk -0.04 0.01 0.36,
ow 48.25 -75.44 58.94,
lb -9.48 -2.13 1.61,
lk 0.00 -0.01 0.34,
ow 48.25 -75.37 58.94,
lb -9.48 -2.10 1.60,
lk 0.00 0.00 0.33,
ow 48.25 -75.37 58.94,
lb -9.57 -2.03 1.59,
lk -0.08 0.07 0.32,
ow 48.25 -75.37 59.00,
lb -9.47 -2.04 1.69,
lk 0.01 0.06 0.42,
ow 48.25 -75.37 59.00,
lb -9.43 -2.05 1.80,
lk 0.05 0.05 0.53,
ow 48.25 -75.37 59.06,
lb -9.40 -1.99 1.79,
lk 0.08 0.12 0.52,
ow 48.25 -75.31 59.00,
lb -9.40 -2.12 1.83,
lk 0.08 0.00 0.55,
ow 48.25 -75.31 59.13,
lb -9.36 -2.09 2.08,
lk 0.12 0.03 0.81,
ow 48.19 -75.31 59.31,
lb -9.42 -1.99 2.00,
lk 0.06 0.13 0.73,
ow 48.19 -75.31 59.31,
lb -9.43 -2.05 2.00,
lk 0.04 0.08 0.74,
ow 48.19 -75.31 59.81,
lb -9.47 -1.97 2.18,
lk 0.01 0.16 0.93,
ow 48.25 -75.31 60.19,
lb -9.49 -1.97 2.10,
lk 0.00 0.17 0.87,
ow 48.25 -75.37 60.56,
lb -9.46 -1.91 2.11,
lk 0.02 0.23 0.90,
ow 48.25 -75.31 60.50,
lb -9.41 -1.96 2.02,
lk 0.07 0.18 0.80,
ow 48.25 -75.31 60.50,
lb -9.30 -2.02 2.05,
lk 0.17 0.13 0.83,
ow 48.25 -75.31 60.44,
lb -9.25 -2.02 2.09,
lk 0.23 0.14 0.87,
ow 48.19 -75.25 60.38,
lb -9.18 -2.08 2.02,
lk 0.29 0.07 0.79,
ow 48.19 -75.31 60.94,
lb -9.05 -2.02 2.05,
lk 0.43 0.14 0.84,
ow 48.19 -75.31 61.50,
lb -8.95 -2.05 2.05,
lk 0.53 0.11 0.87,
ow 48.19 -75.31 61.50,
lb -8.90 -2.08 2.09,
lk 0.58 0.10 0.94,
ow 48.19 -75.44 62.75,
lb -8.84 -2.05 2.09,
lk 0.65 0.12 0.97,
ow 48.19 -75.50 63.44,
lb -8.78 -2.15 2.10,
lk 0.71 0.03 1.01,
ow 48.25 -75.56 64.19,
lb -8.74 -2.16 2.06,
lk 0.75 0.02 1.00,
ow 48.25 -75.62 64.94,
lb -8.76 -2.15 1.95,
lk 0.73 0.04 0.93,
ow 48.25 -75.62 64.94,
lb -8.66 -2.20 1.89,
lk 0.83 0.00 0.90,
ow 48.25 -75.69 65.75,
lb -8.65 -2.18 1.88,
lk 0.84 0.02 0.89,
ow 48.44 -75.62 66.19,
lb -8.63 -2.10 1.86,
lk 0.86 0.11 0.88,
ow 48.50 -75.62 66.50,
lb -8.62 -2.08 1.86,
lk 0.88 0.14 0.89,
ow 48.63 -75.62 66.87,
lb -8.42 -2.04 1.93,
lk 1.07 0.18 0.98,
ow 48.63 -75.62 66.87,
lb -8.36 -2.04 1.91,
lk 1.13 0.19 0.97,
ow 48.69 -75.62 67.31,
lb -8.37 -2.04 1.87,
lk 1.13 0.21 0.99,
ow 48.94 -75.81 70.12,
lb -8.40 -2.03 1.78,
lk 1.10 0.22 0.97,
ow 49.06 -75.87 71.62,
lb -8.46 -2.02 1.72,
lk 1.04 0.23 0.97,
ow 49.19 -75.94 72.44,
lb -8.51 -2.03 1.67,
lk 0.99 0.23 0.95,
ow 49.19 -75.94 72.44,
lb -8.58 -1.99 1.68,
lk 0.93 0.27 1.00,
ow 49.00 -75.94 73.37,
lb -8.62 -1.98 1.68,
lk 0.89 0.29 1.05,
ow 49.31 -76.00 75.62,
lb -8.54 -1.99 1.55,
lk 0.96 0.29 0.96,
ow 49.44 -76.06 76.94,
lb -8.55 -2.00 1.52,
lk 0.96 0.29 0.99,
ow 49.63 -76.06 78.31,
lb -8.61 -2.06 1.47,
lk 0.90 0.24 1.00,
ow 49.63 -76.06 78.31,
lb -8.69 -2.11 1.21,
lk 0.82 0.20 0.83,
ow 49.44 -76.12 80.75,
lb -8.74 -2.09 1.12,
lk 0.77 0.23 0.84,
ow 49.81 -76.12 85.94,
lb -8.79 -2.13 1.02,
lk 0.72 0.20 0.85,
ow 49.94 -76.06 88.62,
lb -8.80 -2.08 1.10,
lk 0.71 0.27 1.05,
ow 50.13 -76.00 91.37,
lb -8.79 -2.09 1.11,
lk 0.72 0.27 1.17,
ow 50.13 -76.00 91.37,
lb -8.85 -2.16 1.03,
lk 0.65 0.21 1.21,
ow 49.88 -75.87 94.25,
lb -8.95 -2.16 0.95,
lk 0.55 0.22 1.25,
ow 50.00 -75.62 99.06,
lb -9.04 -2.12 0.90,
lk 0.45 0.27 1.28,
ow 50.13 -75.44 101.94,
lb -9.19 -2.13 0.82,
lk 0.30 0.27 1.33,
ow 50.19 -75.19 104.75,
lb -9.36 -2.22 0.69,
lk 0.11 0.19 1.33,
ow 50.19 -75.19 104.75,
lb -9.42 -2.25 0.47,
lk 0.04 0.17 1.24,
ow 49.75 -74.94 107.50,
lb -9.56 -2.51 0.00,
lk -0.10 -0.07 0.89,
ow 49.88 -74.25 112.69,
lb -9.56 -2.54 -0.23,
lk -0.12 -0.09 0.78,
ow 49.94 -73.94 115.06,
lb -9.53 -2.64 -0.54,
lk -0.10 -0.18 0.60,
ow 50.06 -73.56 117.37,
lb -9.54 -2.74 -0.81,
lk -0.13 -0.28 0.46,
ow 50.06 -73.56 117.37,
lb -9.54 -2.87 -1.35,
lk -0.15 -0.41 0.04,
ow 49.50 -73.19 119.56,
lb -9.38 -2.95 -1.61,
lk -0.01 -0.49 -0.09,
ow 49.63 -72.37 123.69,
lb -9.40 -2.61 -1.82,
lk -0.05 -0.15 -0.18,
ow 49.69 -72.00 125.56,
lb -9.23 -2.55 -1.91,
lk 0.09 -0.09 -0.15,
ow 49.75 -71.56 127.37,
lb -8.80 -2.54 -1.98,
lk 0.49 -0.08 -0.10,
ow 49.75 -71.56 127.37,
lb -8.78 -2.55 -2.25,
lk 0.50 -0.10 -0.25,
ow 49.19 -71.19 129.13,
lb -8.70 -2.48 -2.40,
lk 0.55 -0.04 -0.29,
ow 49.19 -70.44 132.63,
lb -8.73 -2.42 -2.59,
lk 0.50 -0.01 -0.37,
ow 49.25 -70.00 134.25,
lb -8.57 -2.34 -2.76,
lk 0.64 0.04 -0.42,
ow 49.25 -69.62 135.94,
lb -8.56 -2.28 -2.74,
lk 0.63 0.08 -0.29,
ow 49.25 -69.62 135.94,
lb -8.51 -2.30 -2.91,
lk 0.64 0.04 -0.34,
ow 48.81 -69.19 137.56,
lb -8.51 -2.28 -3.28,
lk 0.63 0.02 -0.59,
ow 48.88 -68.31 140.81,
lb -8.85 -2.14 -3.55,
lk 0.25 0.14 -0.75,
ow 48.94 -67.81 142.31,
lb -9.09 -2.22 -3.83,
lk -0.01 0.03 -0.90,
ow 49.00 -67.31 143.69,
lb -9.41 -2.19 -4.13,
lk -0.36 0.04 -1.08,
ow 49.00 -67.31 143.69,
lb -9.90 -2.28 -5.01,
lk -0.89 -0.07 -1.84,
ow 48.56 -66.75 145.00,
lb -10.35 -2.29 -5.53,
lk -1.38 -0.09 -2.24,
ow 49.00 -65.50 147.19,
lb -10.61 -2.42 -5.92,
lk -1.68 -0.22 -2.51,
ow 49.25 -64.87 148.00,
lb -10.67 -2.65 -6.26,
lk -1.79 -0.45 -2.74,
ow 49.56 -64.25 148.63,
lb -10.91 -3.02 -6.92,
lk -2.07 -0.80 -3.29,
ow 49.56 -64.25 148.63,
lb -11.11 -3.18 -7.22,
lk -2.32 -0.95 -3.48,
ow 49.38 -63.63 149.13,
lb -11.22 -3.27 -7.45,
lk -2.47 -1.02 -3.62,
ow 50.25 -62.44 149.81,
lb -11.40 -3.57 -7.87,
lk -2.70 -1.29 -3.95,
ow 50.75 -61.88 149.94,
lb -11.47 -3.71 -8.16,
lk -2.82 -1.40 -4.17,
ow 51.31 -61.38 150.00,
lb -11.53 -3.87 -8.37,
lk -2.92 -1.53 -4.31,
ow 51.31 -61.38 150.00,
lb -11.54 -4.07 -8.43,
lk -2.97 -1.68 -4.31,
ow 52.19 -60.44 149.75,
lb -11.67 -4.29 -8.59,
lk -3.13 -1.85 -4.41,
ow 52.88 -60.00 149.50,
lb -11.68 -4.28 -8.54,
lk -3.18 -1.79 -4.32,
ow 53.50 -59.63 149.19,
lb -11.71 -4.18 -8.61,
lk -3.24 -1.64 -4.36,
ow 54.19 -59.31 148.88,
lb -11.64 -4.13 -8.80,
lk -3.21 -1.55 -4.52,
ow 54.19 -59.31 148.88,
lb -11.08 -3.87 -8.51,
lk -2.67 -1.24 -4.21,
ow 55.06 -58.75 148.06,
lb -11.02 -3.77 -8.55,
lk -2.64 -1.09 -4.23,
ow 55.69 -58.56 147.69,
lb -11.17 -3.64 -8.76,
lk -2.80 -0.91 -4.43,
ow 56.19 -58.38 147.31,
lb -11.28 -3.49 -8.76,
lk -2.92 -0.72 -4.44,
ow 56.69 -58.31 146.88,
lb -11.64 -3.15 -8.38,
lk -3.29 -0.34 -4.07,
ow 56.69 -58.31 146.88,
lb -11.83 -2.97 -8.21,
lk -3.49 -0.13 -3.91,
ow 57.13 -58.19 146.06,
lb -11.95 -2.94 -7.92,
lk -3.62 -0.06 -3.64,
ow 57.50 -58.13 145.63,
lb -11.54 -2.95 -7.56,
lk -3.21 -0.03 -3.28,
ow 57.81 -58.00 145.25,
lb -11.41 -3.07 -7.33,
lk -3.09 -0.11 -3.06,
ow 58.13 -57.88 144.94,
lb -11.26 -3.33 -7.14,
lk -2.95 -0.34 -2.88,
ow 58.13 -57.81 144.63,
lb -11.19 -3.58 -6.96,
lk -2.89 -0.56 -2.70,
ow 58.25 -57.75 144.31,
lb -11.41 -3.89 -7.04,
lk -3.11 -0.84 -2.79,
ow 58.25 -57.69 144.06,
lb -11.44 -3.87 -7.07,
lk -3.14 -0.80 -2.83,
ow 58.25 -57.69 143.81,
lb -11.41 -3.85 -7.10,
lk -3.12 -0.77 -2.87,
ow 58.13 -57.75 143.50,
lb -11.25 -3.77 -7.09,
lk -2.96 -0.66 -2.88,
ow 57.69 -57.88 143.25,
lb -10.92 -3.70 -6.84,
lk -2.62 -0.58 -2.66,
ow 57.50 -58.00 142.88,
lb -10.46 -3.71 -6.64,
lk -2.14 -0.58 -2.50,
ow 57.25 -58.19 142.56,
lb -10.00 -3.74 -6.45,
lk -1.67 -0.60 -2.34,
ow 56.94 -58.44 142.25,
lb -9.28 -3.99 -5.87,
lk -0.92 -0.85 -1.82,
ow 56.50 -58.75 141.88,
lb -9.07 -3.88 -5.69,
lk -0.68 -0.75 -1.69,
ow 56.06 -59.13 141.56,
lb -9.14 -3.86 -5.51,
lk -0.72 -0.74 -1.57,
ow 55.50 -59.63 141.25,
lb -9.18 -3.77 -5.35,
lk -0.71 -0.67 -1.49,
ow 55.00 -60.13 140.81,
lb -9.19 -3.50 -5.39,
lk -0.68 -0.42 -1.60,
ow 54.44 -60.69 140.38,
lb -8.90 -3.33 -5.18,
lk -0.34 -0.28 -1.48,
ow 53.94 -61.31 139.81,
lb -8.49 -3.23 -5.03,
lk 0.11 -0.20 -1.44,
ow 53.44 -62.00 139.19,
lb -8.10 -3.11 -4.93,
lk 0.55 -0.11 -1.44,
ow 52.88 -62.69 138.56,
lb -7.91 -2.84 -4.48,
lk 0.79 0.13 -1.11,
ow 52.31 -63.38 137.94,
lb -7.87 -2.68 -4.27,
lk 0.88 0.25 -1.00,
ow 51.81 -64.06 137.25,
lb -7.91 -2.51 -4.08,
lk 0.90 0.39 -0.93,
ow 51.31 -64.75 136.38,
lb -7.78 -2.40 -3.88,
lk 1.08 0.46 -0.86,
ow 50.75 -65.50 135.50,
lb -7.49 -2.38 -3.35,
lk 1.42 0.46 -0.45,
ow 50.25 -66.19 134.50,
lb -7.60 -2.22 -3.29,
lk 1.36 0.59 -0.52,
ow 49.81 -66.87 133.38,
lb -7.78 -2.26 -3.33,
lk 1.23 0.53 -0.68,
ow 49.38 -67.50 132.19,
lb -7.60 -2.28 -3.20,
lk 1.45 0.48 -0.68,
ow 49.00 -68.19 130.81,
lb -7.49 -2.33 -3.16,
lk 1.61 0.41 -0.78,
ow 48.63 -68.81 129.38,
lb -7.34 -2.29 -3.12,
lk 1.80 0.43 -0.87,
ow 48.19 -69.50 127.87,
lb -7.30 -2.21 -3.04,
lk 1.87 0.49 -0.93,
ow 47.69 -70.12 126.19,
lb -7.09 -2.03 -2.89,
lk 2.12 0.64 -0.93,
ow 47.19 -70.81 124.37,
lb -6.87 -2.00 -2.67,
lk 2.38 0.65 -0.85,
ow 46.69 -71.44 122.44,
lb -6.67 -1.99 -2.57,
lk 2.62 0.63 -0.89,
ow 46.19 -72.12 120.25,
lb -6.43 -2.00 -2.44,
lk 2.89 0.59 -0.92,
ow 45.69 -72.75 117.94,
lb -6.24 -1.79 -1.94,
lk 3.12 0.76 -0.58,
ow 45.19 -73.37 115.37,
lb -6.11 -1.71 -1.71,
lk 3.28 0.81 -0.51,
ow 44.69 -73.94 112.62,
lb -5.95 -1.58 -1.53,
lk 3.47 0.91 -0.49,
ow 44.25 -74.44 109.69,
lb -5.77 -1.49 -1.33,
lk 3.67 0.96 -0.45,
ow 43.81 -74.94 106.56,
lb -5.55 -1.48 -1.28,
lk 3.91 0.94 -0.55,
ow 43.38 -75.37 103.25,
lb -5.39 -1.50 -1.29,
lk 4.09 0.89 -0.72,
ow 42.94 -75.75 99.87,
lb -5.23 -1.53 -1.21,
lk 4.27 0.83 -0.80,
ow 42.56 -76.06 96.31,
lb -4.93 -1.55 -0.88,
lk 4.58 0.78 -0.62,
ow 42.25 -76.31 92.75,
lb -4.89 -1.55 -0.69,
lk 4.64 0.75 -0.58,
ow 41.94 -76.56 89.19,
lb -5.02 -1.59 -0.49,
lk 4.51 0.68 -0.52,
ow 41.63 -76.69 85.62,
lb -5.17 -1.68 -0.35,
lk 4.36 0.56 -0.52,
ow 41.38 -76.75 82.12,
lb -5.43 -1.67 -0.24,
lk 4.11 0.55 -0.55,
ow 41.13 -76.75 78.75,
lb -5.38 -1.65 -0.19,
lk 4.15 0.54 -0.62,
ow 40.94 -76.69 75.44,
lb -5.37 -1.58 -0.04,
lk 4.16 0.59 -0.60,
ow 40.75 -76.62 72.25,
lb -5.49 -1.43 0.00,
lk 4.04 0.72 -0.69,
ow 40.63 -76.44 69.19,
lb -5.84 -1.22 0.21,
lk 3.68 0.92 -0.60,
ow 40.56 -76.25 66.44,
lb -5.92 -1.25 0.35,
lk 3.59 0.87 -0.56,
ow 40.44 -76.00 63.88,
lb -5.94 -1.32 0.59,
lk 3.56 0.79 -0.44,
ow 40.38 -75.75 61.56,
lb -6.31 -1.19 0.65,
lk 3.18 0.91 -0.48,
ow 40.38 -75.50 59.44,
lb -6.48 -1.27 0.78,
lk 3.00 0.83 -0.46,
ow 40.31 -75.25 57.56,
lb -6.62 -1.37 0.96,
lk 2.85 0.73 -0.37,
ow 40.31 -74.94 55.94,
lb -6.84 -1.49 1.00,
lk 2.62 0.60 -0.42,
ow 40.38 -74.69 54.56,
lb -7.16 -1.59 1.29,
lk 2.29 0.51 -0.20,
ow 40.38 -74.44 53.44,
lb -7.43 -1.51 1.38,
lk 2.01 0.59 -0.17,
ow 40.44 -74.19 52.50,
lb -7.70 -1.54 1.50,
lk 1.73 0.57 -0.12,
ow 40.44 -73.94 51.69,
lb -7.94 -1.64 1.56,
lk 1.47 0.48 -0.11,
ow 40.50 -73.69 50.94,
lb -8.29 -1.91 1.61,
lk 1.11 0.22 -0.11,
ow 40.63 -73.44 50.38,
lb -8.38 -2.09 1.59,
lk 1.02 0.05 -0.18,
ow 40.75 -73.25 49.88,
lb -8.51 -2.30 1.51,
lk 0.87 -0.15 -0.29,
ow 40.88 -73.12 49.50,
lb -8.72 -2.39 1.16,
lk 0.66 -0.24 -0.67,
ow 40.94 -73.06 49.13,
lb -9.46 -2.20 1.38,
lk -0.08 -0.04 -0.47,
ow 40.94 -72.94 48.81,
lb -9.75 -2.05 1.60,
lk -0.38 0.10 -0.28,
ow 40.94 -72.87 48.56,
lb -9.92 -1.91 1.66,
lk -0.55 0.24 -0.24,
ow 40.94 -72.75 48.31,
lb -9.77 -1.59 1.68,
lk -0.40 0.57 -0.24,
ow 40.81 -72.62 48.13,
lb -9.62 -1.53 1.65,
lk -0.26 0.64 -0.29,
ow 40.69 -72.56 48.00,
lb -9.43 -1.49 1.69,
lk -0.08 0.68 -0.27,
ow 40.50 -72.44 47.88,
lb -9.28 -1.46 1.67,
lk 0.06 0.72 -0.30,
ow 40.31 -72.37 47.69,
lb -9.08 -1.62 1.63,
lk 0.26 0.56 -0.35,
ow 40.06 -72.37 47.56,
lb -8.95 -1.75 1.65,
lk 0.39 0.43 -0.34,
ow 39.69 -72.31 47.38,
lb -8.93 -1.84 1.67,
lk 0.41 0.34 -0.33,
ow 39.38 -72.31 47.13,
lb -8.88 -1.93 1.69,
lk 0.46 0.24 -0.32,
ow 39.06 -72.25 46.94,
lb -8.93 -2.19 1.90,
lk 0.40 -0.01 -0.13,
ow 38.75 -72.19 46.75,
lb -8.99 -2.24 1.96,
lk 0.34 -0.06 -0.07,
ow 38.50 -72.19 46.69,
lb -9.02 -2.27 1.89,
lk 0.31 -0.09 -0.15,
ow 38.25 -72.19 46.63,
lb -9.07 -2.34 1.68,
lk 0.26 -0.16 -0.37,
ow 38.13 -72.12 46.63,
lb -9.03 -2.43 1.72,
lk 0.30 -0.25 -0.33,
ow 38.00 -72.12 46.63,
lb -9.19 -2.44 1.69,
lk 0.14 -0.25 -0.37,
ow 37.88 -72.12 46.63,
lb -9.36 -2.41 1.54,
lk -0.03 -0.22 -0.51,
ow 37.81 -72.12 46.75,
lb -9.39 -2.31 1.66,
lk -0.05 -0.12 -0.39,
ow 37.81 -72.12 46.88,
lb -9.35 -2.27 1.72,
lk -0.02 -0.08 -0.33,
ow 37.81 -72.06 47.00,
lb -9.31 -2.23 1.75,
lk 0.01 -0.03 -0.30,
ow 37.81 -72.06 47.19,
lb -9.28 -2.12 1.73,
lk 0.05 0.08 -0.31,
ow 37.88 -72.06 47.44,
lb -9.18 -2.03 1.59,
lk 0.14 0.18 -0.44,
ow 37.88 -72.12 47.69,
lb -9.11 -2.04 1.58,
lk 0.21 0.18 -0.43,
ow 37.94 -72.12 47.88,
lb -9.10 -2.05 1.61,
lk 0.23 0.17 -0.40,
ow 37.94 -72.12 48.06,
lb -9.06 -2.06 1.64,
lk 0.27 0.16 -0.36,
ow 37.94 -72.12 48.19,
lb -9.00 -2.22 1.56,
lk 0.32 0.02 -0.44,
ow 37.94 -72.12 48.31,
lb -9.01 -2.23 1.54,
lk 0.31 0.01 -0.45,
ow 37.94 -72.12 48.44,
lb -9.07 -2.23 1.53,
lk 0.25 0.01 -0.45,
ow 37.88 -72.12 48.50,
lb -9.10 -2.25 1.47,
lk 0.22 0.00 -0.51,
ow 37.81 -72.12 48.56,
lb -9.14 -2.26 1.65,
lk 0.19 -0.01 -0.33,
ow 37.81 -72.12 48.56,
lb -9.21 -2.26 1.70,
lk 0.11 -0.01 -0.28,
ow 37.81 -72.12 48.63,
lb -9.30 -2.28 1.61,
lk 0.02 -0.02 -0.36,
ow 37.75 -72.12 48.63,
lb -9.43 -2.17 1.64,
lk -0.10 0.08 -0.33,
ow 37.69 -72.12 48.56,
lb -9.51 -2.17 1.62,
lk -0.18 0.07 -0.36,
ow 37.69 -72.12 48.50,
lb -9.52 -2.08 1.67,
lk -0.19 0.16 -0.31,
ow 37.63 -72.12 48.44,
lb -9.62 -2.01 1.74,
lk -0.28 0.23 -0.24,
ow 37.56 -72.12 48.44,
lb -9.57 -2.11 1.85,
lk -0.24 0.13 -0.13,
ow 37.56 -72.19 48.50,
lb -9.45 -2.22 1.83,
lk -0.11 0.01 -0.15,
ow 37.50 -72.19 48.63,
lb -9.43 -2.28 1.83,
lk -0.09 -0.04 -0.14,
ow 37.50 -72.25 48.75,
lb -9.56 -2.38 1.62,
lk -0.22 -0.14 -0.33,
ow 37.44 -72.31 48.94,
lb -9.58 -2.41 1.58,
lk -0.24 -0.17 -0.36,
ow 37.44 -72.37 49.06,
lb -9.68 -2.27 1.47,
lk -0.33 -0.03 -0.47,
ow 37.44 -72.44 49.19,
lb -9.66 -2.19 1.48,
lk -0.31 0.04 -0.44,
ow 37.25 -72.44 49.31,
lb -9.52 -2.19 1.68,
lk -0.17 0.04 -0.23,
ow 37.19 -72.50 49.50,
lb -9.45 -2.18 1.66,
lk -0.10 0.05 -0.24,
ow 37.19 -72.50 49.69,
lb -9.43 -2.13 1.58,
lk -0.07 0.10 -0.31,
ow 37.19 -72.56 49.88,
lb -9.43 -2.14 1.56,
lk -0.07 0.10 -0.32,
ow 37.19 -72.56 50.06,
lb -9.41 -2.17 1.60,
lk -0.05 0.06 -0.27,
ow 37.19 -72.62 50.19,
lb -9.43 -2.15 1.56,
lk -0.07 0.09 -0.30,
ow 37.19 -72.62 50.31,
lb -9.46 -2.13 1.51,
lk -0.10 0.11 -0.35,
ow 37.19 -72.69 50.44,
lb -9.46 -2.15 1.43,
lk -0.10 0.08 -0.42,
ow 37.13 -72.69 50.56,
lb -9.41 -2.08 1.46,
lk -0.04 0.16 -0.38,
ow 37.13 -72.69 50.63,
lb -9.37 -2.14 1.56,
lk -0.01 0.10 -0.27,
ow 37.13 -72.75 50.69,
lb -9.41 -2.23 1.62,
lk -0.04 0.01 -0.21,
ow 37.13 -72.75 50.75,
lb -9.49 -2.14 1.60,
lk -0.12 0.10 -0.23,
ow 37.13 -72.75 50.81,
lb -9.51 -2.03 1.60,
lk -0.14 0.21 -0.22,
ow 37.06 -72.81 50.88,
lb -9.52 -2.07 1.61,
lk -0.15 0.16 -0.20,
ow 37.06 -72.81 50.88,
lb -9.54 -2.13 1.53,
lk -0.17 0.11 -0.28,
ow 37.06 -72.87 50.94,
lb -9.53 -2.19 1.50,
lk -0.16 0.04 -0.31,
ow 37.06 -72.87 51.00,
lb -9.57 -2.19 1.48,
lk -0.19 0.04 -0.32,
ow 37.06 -72.87 51.06,
lb -9.53 -2.26 1.55,
lk -0.16 -0.01 -0.25,
ow 37.06 -72.87 51.13,
lb -9.52 -2.25 1.56,
lk -0.14 0.00 -0.23,
ow 37.06 -72.94 51.19,
lb -9.48 -2.22 1.58,
lk -0.11 0.02 -0.21,
ow 36.94 -72.87 51.31,
lb -9.41 -2.22 1.63,
lk -0.04 0.02 -0.15,
ow 37.00 -72.87 51.38,
lb -9.35 -2.23 1.68,
lk 0.02 0.01 -0.11,
ow 37.06 -72.87 51.50,
lb -9.35 -2.25 1.45,
lk 0.01 0.00 -0.33,
ow 37.06 -72.94 51.56,
lb -9.38 -2.25 1.43,
lk -0.01 0.00 -0.35,
ow 37.13 -72.94 51.69,
lb -9.40 -2.20 1.47,
lk -0.02 0.04 -0.30,
ow 37.06 -72.94 51.75,
lb -9.39 -2.23 1.54,
lk -0.01 0.02 -0.23,
ow 37.06 -72.94 51.75,
lb -9.36 -2.18 1.48,
lk 0.00 0.07 -0.29,
ow 37.06 -72.94 51.88,
lb -9.34 -2.22 1.18,
lk 0.02 0.03 -0.58,
ow 37.13 -72.94 51.94,
lb -9.30 -2.28 1.28,
lk 0.07 -0.02 -0.48,
ow 37.13 -72.94 51.94,
lb -9.31 -2.25 1.69,
lk 0.06 0.01 -0.07,
ow 37.31 -72.94 52.00,
lb -9.45 -2.12 1.48,
lk -0.07 0.13 -0.28,
ow 37.38 -73.00 51.94,
lb -9.42 -2.16 1.52,
lk -0.05 0.09 -0.23,
ow 37.38 -73.00 51.94,
lb -9.42 -2.13 1.47,
lk -0.05 0.12 -0.29,
ow 37.44 -73.00 51.94,
lb -9.49 -2.13 1.40,
lk -0.11 0.12 -0.35,
ow 37.44 -73.06 51.94,
lb -9.54 -2.08 1.41,
lk -0.16 0.15 -0.34,
ow 37.44 -73.06 51.88,
lb -9.56 -2.16 1.47,
lk -0.18 0.07 -0.27,
ow 37.44 -73.12 51.88,
lb -9.53 -2.18 1.52,
lk -0.14 0.05 -0.23,
ow 37.38 -73.12 51.88,
lb -9.55 -2.16 1.50,
lk -0.16 0.06 -0.24,
ow 37.38 -73.19 51.94,
lb -9.48 -2.18 1.54,
lk -0.09 0.04 -0.20,
ow 37.38 -73.19 51.88,
lb -9.45 -2.19 1.58,
lk -0.06 0.03 -0.16,
ow 37.31 -73.19 51.94,
lb -9.49 -2.19 1.50,
lk -0.10 0.02 -0.23,
ow 37.31 -73.25 51.94,
lb -9.47 -2.17 1.50,
lk -0.08 0.04 -0.23,
ow 37.31 -73.25 52.00,
lb -9.44 -2.15 1.47,
lk -0.05 0.07 -0.25,
ow 37.25 -73.25 52.06,
lb -9.41 -2.15 1.53,
lk -0.01 0.06 -0.19,
ow 37.25 -73.25 52.13,
lb -9.41 -2.16 1.53,
lk -0.02 0.05 -0.19,
ow 37.25 -73.31 52.19,
lb -9.34 -2.14 1.54,
lk 0.04 0.07 -0.17,
ow 37.25 -73.31 52.25,
lb -9.32 -2.13 1.58,
lk 0.07 0.09 -0.13,
ow 37.31 -73.31 52.38,
lb -9.32 -2.15 1.53,
lk 0.07 0.07 -0.18,
ow 37.31 -73.31 52.50,
lb -9.39 -2.15 1.46,
lk 0.00 0.07 -0.24,
ow 37.31 -73.37 52.63,
lb -9.41 -2.15 1.50,
lk -0.01 0.06 -0.19,
ow 37.31 -73.37 52.75,
lb -9.45 -2.15 1.48,
lk -0.05 0.07 -0.20,
ow 37.38 -73.37 52.88,
lb -9.48 -2.15 1.52,
lk -0.08 0.06 -0.16,
ow 37.38 -73.44 53.00,
lb -9.51 -2.17 1.49,
lk -0.11 0.05 -0.18,
ow 37.44 -73.44 53.13,
lb -9.53 -2.19 1.44,
lk -0.13 0.03 -0.22,
ow 37.44 -73.44 53.25,
lb -9.51 -2.22 1.41,
lk -0.10 0.00 -0.24,
ow 37.50 -73.44 53.38,
lb -9.42 -2.25 1.40,
lk -0.02 -0.02 -0.25,
ow 37.50 -73.50 53.50,
lb -9.44 -2.17 1.27,
lk -0.04 0.06 -0.38,
ow 37.50 -73.50 53.63,
lb -9.44 -2.18 1.31,
lk -0.04 0.05 -0.32,
ow 37.56 -73.50 53.75,
lb -9.41 -2.24 1.38,
lk 0.00 0.00 -0.25,
ow 37.56 -73.50 53.81,
lb -9.37 -2.29 1.36,
lk 0.02 -0.05 -0.27,
ow 37.69 -73.50 53.88,
lb -9.38 -2.21 1.48,
lk 0.01 0.02 -0.15,
ow 37.75 -73.50 54.00,
lb -9.47 -2.16 1.35,
lk -0.07 0.07 -0.27,
ow 37.75 -73.56 54.06,
lb -9.49 -2.12 1.27,
lk -0.09 0.12 -0.34,
ow 37.75 -73.56 54.13,
lb -9.38 -2.14 1.44,
lk 0.02 0.10 -0.17,
ow 37.75 -73.50 54.13,
lb -9.43 -2.14 1.54,
lk -0.03 0.10 -0.07,
ow 37.69 -73.50 54.19,
lb -9.43 -2.21 1.46,
lk -0.02 0.04 -0.16,
ow 37.69 -73.50 54.25,
lb -9.36 -2.21 1.42,
lk 0.04 0.03 -0.19,
ow 37.69 -73.50 54.31,
lb -9.34 -2.18 1.39,
lk 0.06 0.06 -0.22,
ow 37.69 -73.50 54.38,
lb -9.35 -2.20 1.35,
lk 0.05 0.05 -0.26,
ow 37.69 -73.50 54.44,
lb -9.37 -2.22 1.34,
lk 0.03 0.03 -0.26,
ow 37.63 -73.50 54.50,
lb -9.38 -2.16 1.38,
lk 0.01 0.09 -0.22,
ow 37.63 -73.50 54.56,
lb -9.42 -2.20 1.43,
lk -0.02 0.05 -0.17,
ow 37.63 -73.50 54.63,
lb -9.47 -2.20 1.38,
lk -0.07 0.06 -0.21,
ow 37.56 -73.50 54.75,
lb -9.44 -2.20 1.44,
lk -0.03 0.05 -0.16,
ow 37.63 -73.50 54.81,
lb -9.45 -2.31 1.46,
lk -0.04 -0.04 -0.13,
ow 37.81 -73.50 54.94,
lb -9.48 -2.28 1.46,
lk -0.07 0.00 -0.12,
ow 37.81 -73.50 55.06,
lb -9.48 -2.28 1.42,
lk -0.08 0.00 -0.16,
ow 37.88 -73.50 55.19,
lb -9.49 -2.30 1.41,
lk -0.08 -0.02 -0.16,
ow 37.88 -73.50 55.31,
lb -9.54 -2.27 1.27,
lk -0.14 0.01 -0.30,
ow 37.88 -73.50 55.44,
lb -9.52 -2.28 1.30,
lk -0.12 0.00 -0.26,
ow 37.94 -73.50 55.56,
lb -9.50 -2.27 1.36,
lk -0.09 0.01 -0.20,
ow 37.94 -73.44 55.69,
lb -9.48 -2.28 1.34,
lk -0.07 0.01 -0.22,
ow 38.00 -73.44 55.75,
lb -9.38 -2.24 1.32,
lk 0.02 0.05 -0.24,
ow 38.00 -73.44 55.81,
lb -9.34 -2.19 1.38,
lk 0.05 0.11 -0.17,
ow 38.00 -73.44 55.88,
lb -9.33 -2.23 1.45,
lk 0.06 0.07 -0.11,
ow 38.13 -73.44 55.94,
lb -9.38 -2.22 1.42,
lk 0.01 0.08 -0.13,
ow 38.19 -73.44 56.06,
lb -9.39 -2.26 1.34,
lk 0.00 0.05 -0.21,
ow 38.19 -73.44 56.13,
lb -9.34 -2.30 1.32,
lk 0.05 0.01 -0.23,
ow 38.19 -73.44 56.19,
lb -9.38 -2.28 1.32,
lk 0.02 0.03 -0.22,
ow 38.19 -73.50 56.25,
lb -9.42 -2.26 1.36,
lk -0.02 0.04 -0.18,
ow 38.19 -73.50 56.31,
lb -9.52 -2.23 1.34,
lk -0.11 0.08 -0.19,
ow 38.19 -73.50 56.38,
lb -9.48 -2.28 1.35,
lk -0.08 0.02 -0.18,
ow 38.19 -73.50 56.38,
lb -9.48 -2.26 1.30,
lk -0.07 0.05 -0.23,
ow 38.19 -73.50 56.44,
lb -9.46 -2.20 1.33,
lk -0.05 0.10 -0.20,
ow 38.19 -73.56 56.44,
lb -9.49 -2.20 1.29,
lk -0.08 0.10 -0.23,
ow 38.25 -73.56 56.50,
lb -9.43 -2.22 1.44,
lk -0.03 0.08 -0.08,
ow 38.25 -73.56 56.50,
lb -9.40 -2.25 1.43,
lk 0.00 0.05 -0.09,
ow 38.19 -73.56 56.56,
lb -9.37 -2.18 1.18,
lk 0.03 0.12 -0.33,
ow 38.19 -73.56 56.63,
lb -9.33 -2.33 1.06,
lk 0.06 -0.02 -0.45,
ow 38.19 -73.56 56.69,
lb -9.26 -2.43 1.36,
lk 0.14 -0.12 -0.14,
ow 38.19 -73.62 56.69,
lb -9.47 -2.23 1.44,
lk -0.06 0.07 -0.07,
ow 38.19 -73.62 56.75,
lb -9.51 -2.34 1.52,
lk -0.10 -0.02 0.01,
ow 38.25 -73.62 56.81,
lb -9.48 -2.29 1.50,
lk -0.07 0.01 0.00,
ow 38.25 -73.62 56.88,
lb -9.49 -2.23 1.35,
lk -0.08 0.07 -0.15,
ow 38.25 -73.62 56.88,
lb -9.46 -2.25 1.27,
lk -0.05 0.05 -0.23,
ow 38.31 -73.62 56.88,
lb -9.47 -2.25 1.27,
lk -0.06 0.05 -0.22,
ow 38.31 -73.62 56.88,
lb -9.45 -2.26 1.29,
lk -0.04 0.03 -0.21,
ow 38.31 -73.69 56.88,
lb -9.40 -2.34 1.31,
lk 0.01 -0.03 -0.18,
ow 38.25 -73.69 56.81,
lb -9.35 -2.39 1.39,
lk 0.05 -0.09 -0.10,
ow 38.25 -73.69 56.75,
lb -9.33 -2.40 1.45,
lk 0.07 -0.10 -0.05,
ow 38.31 -73.69 56.69,
lb -9.37 -2.29 1.42,
lk 0.03 0.00 -0.08,
ow 38.31 -73.75 56.63,
lb -9.44 -2.25 1.38,
lk -0.02 0.03 -0.12,
ow 38.25 -73.75 56.56,
lb -9.45 -2.26 1.35,
lk -0.03 0.02 -0.15,
ow 38.25 -73.81 56.50,
lb -9.50 -2.22 1.33,
lk -0.08 0.05 -0.17,
ow 38.25 -73.81 56.38,
lb -9.49 -2.20 1.32,
lk -0.07 0.06 -0.18,
ow 38.31 -73.87 56.31,
lb -9.53 -2.08 1.35,
lk -0.11 0.17 -0.15,
ow 38.31 -73.87 56.31,
lb -9.51 -2.11 1.33,
lk -0.08 0.14 -0.17,
ow 38.31 -73.94 56.25,
lb -9.49 -2.12 1.31,
lk -0.07 0.12 -0.18,
ow 38.31 -73.94 56.25,
lb -9.49 -2.15 1.32,
lk -0.06 0.09 -0.18,
ow 38.31 -73.94 56.25,
lb -9.53 -2.13 1.31,
lk -0.10 0.12 -0.18,
ow 38.44 -73.94 56.25,
lb -9.45 -2.25 1.37,
lk -0.02 0.00 -0.12,
ow 38.44 -73.94 56.25,
lb -9.41 -2.24 1.44,
lk 0.01 0.00 -0.06,
ow 38.44 -73.94 56.25,
lb -9.44 -2.22 1.40,
lk -0.02 0.02 -0.09,
ow 38.44 -73.94 56.25,
lb -9.45 -2.25 1.38,
lk -0.03 0.00 -0.11,
ow 38.44 -74.00 56.19,
lb -9.46 -2.25 1.42,
lk -0.04 0.00 -0.07,
ow 38.50 -74.00 56.25,
lb -9.42 -2.27 1.44,
lk 0.00 -0.02 -0.05,
ow 38.50 -74.00 56.25,
lb -9.52 -2.25 1.36,
lk -0.09 0.00 -0.13,
ow 38.50 -74.00 56.31,
lb -9.48 -2.33 1.32,
lk -0.05 -0.08 -0.16,
ow 38.50 -74.00 56.31,
lb -9.49 -2.27 1.32,
lk -0.06 -0.03 -0.17,
ow 38.50 -74.00 56.25,
lb -9.50 -2.23 1.35,
lk -0.07 0.00 -0.14,
ow 38.50 -74.06 56.25,
lb -9.51 -2.21 1.41,
lk -0.08 0.02 -0.08,
ow 38.50 -74.06 56.25,
lb -9.47 -2.18 1.34,
lk -0.04 0.05 -0.14,
ow 38.44 -74.06 56.19,
lb -9.45 -2.13 1.30,
lk -0.02 0.09 -0.18,
ow 38.44 -74.06 56.13,
lb -9.42 -2.12 1.26,
lk 0.00 0.11 -0.22,
ow 38.44 -74.06 56.06,
lb -9.43 -2.09 1.37,
lk 0.00 0.13 -0.12,
ow 38.63 -74.06 56.06,
lb -9.45 -2.15 1.38,
lk -0.02 0.06 -0.10,
ow 38.63 -74.06 56.06,
lb -9.40 -2.22 1.42,
lk 0.02 0.00 -0.07,
ow 38.63 -74.06 56.06,
lb -9.35 -2.27 1.41,
lk 0.07 -0.04 -0.07,
ow 38.56 -74.06 56.13,
lb -9.35 -2.26 1.43,
lk 0.07 -0.03 -0.05,
ow 38.56 -74.12 56.19,
lb -9.38 -2.23 1.38,
lk 0.04 0.00 -0.10,
ow 38.56 -74.12 56.25,
lb -9.36 -2.24 1.42,
lk 0.07 -0.01 -0.06,
ow 38.63 -74.12 56.38,
lb -9.41 -2.30 1.36,
lk 0.02 -0.07 -0.12,
ow 38.63 -74.12 56.44,
lb -9.40 -2.24 1.33,
lk 0.03 0.00 -0.14,
ow 38.63 -74.12 56.56,
lb -9.44 -2.19 1.31,
lk -0.01 0.04 -0.16,
ow 38.63 -74.12 56.69,
lb -9.42 -2.21 1.38,
lk 0.00 0.02 -0.08,
ow 38.88 -74.12 56.75,
lb -9.42 -2.24 1.43,
lk 0.00 0.00 -0.02,
ow 38.88 -74.12 56.88,
lb -9.36 -2.24 1.39,
lk 0.06 0.00 -0.06,
ow 38.88 -74.12 56.94,
lb -9.43 -2.19 1.37,
lk 0.00 0.05 -0.08,
ow 38.94 -74.12 57.06,
lb -9.38 -2.18 1.38,
lk 0.04 0.06 -0.06,
ow 38.94 -74.12 57.25,
lb -9.41 -2.24 1.32,
lk 0.01 0.01 -0.12,
ow 39.19 -74.12 57.38,
lb -9.44 -2.25 1.25,
lk -0.01 0.00 -0.18,
ow 39.25 -74.12 57.50,
lb -9.41 -2.26 1.26,
lk 0.02 0.00 -0.17,
ow 39.25 -74.12 57.63,
lb -9.47 -2.23 1.19,
lk -0.03 0.03 -0.23,
ow 39.31 -74.06 57.75,
lb -9.45 -2.24 1.31,
lk -0.02 0.02 -0.11,
ow 39.31 -74.06 57.88,
lb -9.42 -2.26 1.36,
lk 0.00 0.01 -0.06,
ow 39.56 -74.06 57.94,
lb -9.45 -2.23 1.42,
lk -0.02 0.04 0.00,
ow 39.63 -74.00 58.00,
lb -9.52 -2.24 1.43,
lk -0.09 0.04 0.00,
ow 39.63 -74.00 58.06,
lb -9.42 -2.20 1.36,
lk 0.00 0.08 -0.05,
ow 39.63 -74.00 58.13,
lb -9.41 -2.27 1.36,
lk 0.00 0.01 -0.05,
ow 39.63 -74.00 58.19,
lb -9.43 -2.31 1.46,
lk 0.00 -0.01 0.03,
ow 39.63 -74.00 58.19,
lb -9.49 -2.38 1.36,
lk -0.06 -0.08 -0.06,
ow 39.56 -74.00 58.19,
lb -9.54 -2.33 1.32,
lk -0.11 -0.03 -0.10,
ow 39.50 -74.00 58.19,
lb -9.51 -2.31 1.30,
lk -0.08 -0.02 -0.11,
ow 39.44 -74.00 58.13,
lb -9.54 -2.29 1.29,
lk -0.11 0.00 -0.12,
ow 39.38 -74.06 58.06,
lb -9.64 -2.15 1.33,
lk -0.21 0.12 -0.09,
ow 39.63 -74.06 57.94,
lb -9.61 -2.06 1.33,
lk -0.18 0.21 -0.09,
ow 39.56 -74.06 57.88,
lb -9.52 -2.07 1.36,
lk -0.09 0.20 -0.06,
ow 39.50 -74.06 57.81,
lb -9.39 -2.11 1.37,
lk 0.03 0.16 -0.05,
ow 39.44 -74.06 57.88,
lb -9.32 -2.21 1.06,
lk 0.10 0.05 -0.35,
ow 39.38 -74.06 57.94,
lb -9.28 -2.38 1.20,
lk 0.14 -0.10 -0.22,
ow 39.31 -74.06 58.00,
lb -9.30 -2.46 1.72,
lk 0.13 -0.18 0.30,
ow 39.31 -74.12 58.13,
lb -9.44 -2.36 1.35,
lk -0.01 -0.08 -0.06,
ow 39.31 -74.12 58.25,
lb -9.44 -2.36 1.42,
lk -0.01 -0.08 0.01,
ow 39.31 -74.12 58.31,
lb -9.42 -2.28 1.41,
lk 0.00 0.00 0.00,
ow 39.31 -74.12 58.38,
lb -9.40 -2.24 1.32,
lk 0.02 0.03 -0.07,
ow 39.31 -74.12 58.44,
lb -9.40 -2.19 1.32,
lk 0.03 0.08 -0.07,
ow 39.31 -74.12 58.50,
lb -9.43 -2.21 1.31,
lk 0.00 0.06 -0.07,
ow 39.25 -74.19 58.56,
lb -9.45 -2.17 1.29,
lk -0.01 0.10 -0.09,
ow 39.25 -74.19 58.63,
lb -9.48 -2.15 1.33,
lk -0.05 0.12 -0.05,
ow 39.25 -74.19 58.63,
lb -9.47 -2.21 1.37,
lk -0.04 0.06 -0.01,
ow 39.25 -74.19 58.63,
lb -9.46 -2.19 1.43,
lk -0.02 0.07 0.05,
ow 39.25 -74.25 58.63,
lb -9.47 -2.23 1.39,
lk -0.03 0.04 0.00,
ow 39.25 -74.25 58.63,
lb -9.49 -2.17 1.26,
lk -0.05 0.09 -0.11,
ow 39.19 -74.25 58.56,
lb -9.48 -2.17 1.30,
lk -0.04 0.09 -0.08,
ow 39.19 -74.25 58.50,
lb -9.48 -2.16 1.31,
lk -0.04 0.09 -0.07,
ow 39.25 -74.25 58.50,
lb -9.44 -2.20 1.39,
lk 0.00 0.06 0.01,
ow 39.25 -74.25 58.56,
lb -9.43 -2.28 1.42,
lk 0.00 -0.02 0.04,
ow 39.25 -74.25 58.63,
lb -9.46 -2.28 1.35,
lk -0.02 -0.01 -0.02,
ow 39.31 -74.25 58.69,
lb -9.49 -2.26 1.30,
lk -0.05 0.00 -0.07,
ow 39.31 -74.25 58.75,
lb -9.52 -2.29 1.28,
lk -0.08 -0.02 -0.09,
ow 39.44 -74.25 58.75,
lb -9.51 -2.24 1.30,
lk -0.07 0.03 -0.06,
ow 39.50 -74.25 58.81,
lb -9.45 -2.24 1.35,
lk -0.01 0.03 -0.02,
ow 39.50 -74.25 58.88,
lb -9.42 -2.26 1.36,
lk 0.01 0.01 -0.01,
ow 39.50 -74.25 58.94,
lb -9.42 -2.24 1.36,
lk 0.00 0.03 -0.01,
ow 39.50 -74.25 59.00,
lb -9.43 -2.21 1.39,
lk 0.00 0.06 0.02,
ow 39.75 -74.25 59.00,
lb -9.51 -2.17 1.38,
lk -0.07 0.10 0.02,
ow 39.75 -74.25 59.00,
lb -9.54 -2.13 1.30,
lk -0.10 0.14 -0.06,
ow 39.75 -74.25 59.00,
lb -9.48 -2.16 1.30,
lk -0.04 0.11 -0.06,
ow 39.75 -74.25 58.94,
lb -9.46 -2.20 1.27,
lk -0.02 0.07 -0.09,
ow 39.69 -74.19 58.88,
lb -9.42 -2.21 1.32,
lk 0.00 0.06 -0.04,
ow 39.81 -74.19 58.88,
lb -9.42 -2.26 1.27,
lk 0.01 0.01 -0.09,
ow 39.81 -74.19 58.88,
lb -9.47 -2.26 1.39,
lk -0.03 0.01 0.02,
ow 39.81 -74.19 58.88,
lb -9.48 -2.30 1.28,
lk -0.04 -0.02 -0.09,
ow 39.81 -74.19 58.88,
lb -9.41 -2.29 1.27,
lk 0.02 -0.01 -0.09,
ow 39.81 -74.19 58.88,
lb -9.43 -2.28 1.26,
lk 0.00 0.00 -0.11,
ow 39.75 -74.19 58.88,
lb -9.49 -2.30 1.30,
lk -0.05 -0.02 -0.07,
ow 39.75 -74.19 58.88,
lb -9.50 -2.27 1.28,
lk -0.06 0.00 -0.09,
ow 39.75 -74.19 58.88,
lb -9.47 -2.26 1.30,
lk -0.03 0.01 -0.06,
ow 39.75 -74.19 58.88,
lb -9.43 -2.25 1.39,
lk 0.00 0.02 0.02,
ow 39.75 -74.25 58.94,
lb -9.46 -2.26 1.34,
lk -0.02 0.01 -0.03,
ow 39.75 -74.25 58.94,
lb -9.46 -2.20 1.36,
lk -0.02 0.07 0.00,
ow 39.75 -74.25 58.94,
lb -9.47 -2.19 1.36,
lk -0.03 0.08 0.00,
ow 39.75 -74.25 58.94,
lb -9.46 -2.18 1.36,
lk -0.02 0.09 0.00,
ow 39.75 -74.25 58.94,
lb -9.44 -2.19 1.37,
lk 0.00 0.08 0.00,
ow 39.69 -74.19 58.94,
lb -9.42 -2.18 1.34,
lk 0.00 0.09 -0.02,
ow 39.88 -74.19 58.88,
lb -9.44 -2.18 1.35,
lk 0.00 0.09 -0.02,
ow 39.88 -74.19 58.81,
lb -9.44 -2.26 1.34,
lk -0.01 0.01 -0.03,
ow 39.88 -74.19 58.81,
lb -9.46 -2.27 1.32,
lk -0.03 0.00 -0.05,
ow 39.81 -74.19 58.81,
lb -9.48 -2.29 1.31,
lk -0.04 -0.01 -0.06,
ow 39.81 -74.19 58.81,
lb -9.45 -2.32 1.33,
lk -0.01 -0.03 -0.05,
ow 39.81 -74.12 58.75,
lb -9.45 -2.29 1.29,
lk -0.02 0.00 -0.08,
ow 39.75 -74.12 58.75,
lb -9.47 -2.24 1.23,
lk -0.04 0.04 -0.15,
ow 39.75 -74.06 58.69,
lb -9.40 -2.30 1.24,
lk 0.03 -0.01 -0.14,
ow 39.69 -74.06 58.56,
lb -9.39 -2.30 1.37,
lk 0.03 -0.01 -0.02,
ow 39.69 -74.00 58.50,
lb -9.38 -2.30 1.41,
lk 0.04 0.00 0.00,
ow 39.63 -73.94 58.44,
lb -9.38 -2.29 1.40,
lk 0.03 0.01 0.00,
ow 39.63 -73.94 58.44,
lb -9.41 -2.30 1.42,
lk 0.01 0.00 0.00,
ow 39.56 -73.94 58.38,
lb -9.40 -2.27 1.42,
lk 0.02 0.03 0.00,
ow 39.50 -73.87 58.31,
lb -9.41 -2.26 1.47,
lk 0.00 0.05 0.04,
ow 39.44 -73.87 58.25,
lb -9.40 -2.35 1.50,
lk 0.02 -0.03 0.07,
ow 39.38 -73.81 58.19,
lb -9.36 -2.33 1.50,
lk 0.05 -0.02 0.06,
ow 39.38 -73.81 58.13,
lb -9.56 -2.22 1.40,
lk -0.14 0.09 -0.03,
ow 39.31 -73.81 58.13,
lb -9.54 -2.36 1.41,
lk -0.13 -0.04 -0.02,
ow 39.31 -73.81 58.19,
lb -9.50 -2.42 1.50,
lk -0.08 -0.10 0.06,
ow 39.31 -73.75 58.25,
lb -9.47 -2.37 1.56,
lk -0.05 -0.04 0.12,
ow 39.31 -73.75 58.31,
lb -9.44 -2.35 1.52,
lk -0.02 -0.02 0.08,
ow 39.31 -73.81 58.38,
lb -9.45 -2.36 1.27,
lk -0.03 -0.03 -0.15,
ow 39.31 -73.81 58.38,
lb -9.43 -2.36 1.24,
lk -0.02 -0.03 -0.18,
ow 39.31 -73.81 58.44,
lb -9.45 -2.27 1.46,
lk -0.03 0.05 0.03,
ow 39.31 -73.81 58.50,
lb -9.51 -2.28 1.31,
lk -0.09 0.04 -0.11,
ow 39.31 -73.81 58.50,
lb -9.49 -2.29 1.34,
lk -0.07 0.02 -0.07,
ow 39.31 -73.81 58.50,
lb -9.46 -2.27 1.33,
lk -0.04 0.04 -0.09,
ow 39.31 -73.81 58.50,
lb -9.40 -2.27 1.29,
lk 0.01 0.05 -0.13,
ow 39.31 -73.81 58.44,
lb -9.41 -2.24 1.33,
lk 0.00 0.07 -0.09,
ow 39.31 -73.81 58.44,
lb -9.40 -2.28 1.40,
lk 0.01 0.04 -0.02,
ow 39.31 -73.81 58.44,
lb -9.37 -2.31 1.42,
lk 0.04 0.01 0.00,
ow 39.31 -73.81 58.44,
lb -9.39 -2.34 1.38,
lk 0.02 -0.02 -0.03,
ow 39.31 -73.87 58.50,
lb -9.36 -2.36 1.38,
lk 0.05 -0.03 -0.03,
ow 39.31 -73.87 58.56,
lb -9.38 -2.37 1.45,
lk 0.04 -0.05 0.03,
ow 39.31 -73.87 58.63,
lb -9.37 -2.35 1.50,
lk 0.05 -0.03 0.09,
ow 39.31 -73.87 58.69,
lb -9.34 -2.34 1.52,
lk 0.07 -0.02 0.11,
ow 39.38 -73.94 58.75,
lb -9.36 -2.34 1.47,
lk 0.05 -0.02 0.07,
ow 39.38 -73.94 58.88,
lb -9.39 -2.32 1.36,
lk 0.03 0.00 -0.03,
ow 39.44 -73.94 58.94,
lb -9.44 -2.35 1.20,
lk -0.01 -0.03 -0.18,
ow 39.44 -74.00 59.06,
lb -9.46 -2.33 1.26,
lk -0.03 -0.01 -0.12,
ow 39.50 -74.00 59.06,
lb -9.49 -2.35 1.25,
lk -0.06 -0.03 -0.12,
ow 39.50 -74.00 59.13,
lb -9.47 -2.37 1.20,
lk -0.04 -0.05 -0.18,
ow 39.50 -74.00 59.19,
lb -9.48 -2.26 1.25,
lk -0.05 0.04 -0.12,
ow 39.56 -74.06 59.25,
lb -9.47 -2.29 1.32,
lk -0.04 0.01 -0.04,
ow 39.56 -74.06 59.25,
lb -9.46 -2.28 1.45,
lk -0.03 0.01 0.08,
ow 39.56 -74.12 59.31,
lb -9.47 -2.12 1.45,
lk -0.03 0.18 0.08,
ow 39.63 -74.12 59.31,
lb -9.43 -2.15 1.53,
lk 0.00 0.14 0.16,
ow 39.56 -74.12 59.31,
lb -9.41 -2.22 1.50,
lk 0.02 0.07 0.14,
ow 39.56 -74.19 59.31,
lb -9.44 -2.23 1.46,
lk 0.00 0.06 0.09,
ow 39.56 -74.19 59.31,
lb -9.46 -2.31 1.31,
lk -0.03 -0.01 -0.04,
ow 39.63 -74.19 59.38,
lb -9.49 -2.32 1.25,
lk -0.05 -0.03 -0.10,
ow 39.63 -74.19 59.38,
lb -9.49 -2.26 1.22,
lk -0.05 0.02 -0.12,
ow 39.63 -74.19 59.44,
lb -9.53 -2.28 1.15,
lk -0.10 0.00 -0.19,
ow 39.63 -74.25 59.50,
lb -9.42 -2.25 1.31,
lk 0.00 0.04 -0.03,
ow 39.63 -74.25 59.50,
lb -9.41 -2.23 1.34,
lk 0.01 0.06 0.00,
ow 39.63 -74.25 59.56,
lb -9.37 -2.22 1.29,
lk 0.06 0.06 -0.04,
ow 39.63 -74.25 59.50,
lb -9.37 -2.23 1.26,
lk 0.06 0.05 -0.08,
ow 39.56 -74.25 59.44,
lb -9.68 -1.91 0.96,
lk -0.24 0.37 -0.38,
ow 39.50 -74.19 59.38,
lb -9.59 -1.95 1.11,
lk -0.15 0.33 -0.24,
ow 39.44 -74.12 59.19,
lb -9.60 -2.07 1.27,
lk -0.16 0.22 -0.09,
ow 39.38 -74.06 59.00,
lb -9.35 -2.30 1.67,
lk 0.07 0.00 0.29,
ow 39.31 -74.00 58.94,
lb -9.28 -2.35 1.57,
lk 0.14 -0.04 0.18,
ow 39.25 -73.94 58.88,
lb -9.32 -2.41 1.49,
lk 0.10 -0.10 0.09,
ow 39.19 -73.94 58.88,
lb -9.35 -2.34 1.42,
lk 0.07 -0.02 0.02,
ow 39.13 -73.87 58.88,
lb -9.41 -2.45 1.47,
lk 0.00 -0.12 0.07,
ow 39.06 -73.87 58.81,
lb -9.36 -2.42 1.46,
lk 0.05 -0.09 0.05,
ow 39.06 -73.81 58.81,
lb -9.40 -2.37 1.44,
lk 0.01 -0.03 0.03,
ow 39.00 -73.81 58.81,
lb -9.34 -2.39 1.41,
lk 0.07 -0.05 0.00,
ow 38.94 -73.81 58.81,
lb -9.50 -2.41 1.41,
lk -0.08 -0.07 0.00,
ow 38.88 -73.75 58.88,
lb -9.44 -2.43 1.36,
lk -0.03 -0.09 -0.04,
ow 38.88 -73.81 58.88,
lb -9.37 -2.49 1.36,
lk 0.04 -0.14 -0.04,
ow 38.81 -73.81 58.88,
lb -9.38 -2.35 1.34,
lk 0.03 -0.01 -0.06,
ow 38.81 -73.81 58.88,
lb -9.39 -2.30 1.36,
lk 0.02 0.03 -0.04,
ow 38.75 -73.81 58.88,
lb -9.39 -2.34 1.42,
lk 0.02 0.00 0.01,
ow 38.75 -73.81 58.88,
lb -9.43 -2.31 1.44,
lk -0.01 0.01 0.03,
ow 38.75 -73.81 58.94,
lb -9.38 -2.29 1.47,
lk 0.03 0.04 0.06,
ow 38.75 -73.81 58.94,
lb -9.37 -2.32 1.46,
lk 0.04 0.00 0.05,
ow 38.75 -73.81 59.00,
lb -9.38 -2.35 1.39,
lk 0.03 -0.01 0.00,
ow 38.75 -73.87 59.06,
lb -9.42 -2.30 1.34,
lk 0.00 0.03 -0.05,
ow 38.75 -73.87 59.19,
lb -9.41 -2.30 1.38,
lk 0.01 0.02 0.00,
ow 38.75 -73.87 59.25,
lb -9.39 -2.32 1.43,
lk 0.03 0.00 0.05,
ow 38.75 -73.94 59.31,
lb -9.37 -2.33 1.44,
lk 0.04 0.00 0.06,
ow 38.75 -73.94 59.38,
lb -9.42 -2.30 1.38,
lk 0.00 0.02 0.01,
ow 38.75 -73.94 59.44,
lb -9.43 -2.23 1.38,
lk -0.01 0.09 0.01,
ow 38.69 -74.00 59.56,
lb -9.36 -2.33 1.36,
lk 0.06 0.00 0.00,
ow 38.69 -74.00 59.63,
lb -9.33 -2.35 1.20,
lk 0.09 -0.02 -0.15,
ow 38.69 -74.00 59.69,
lb -9.38 -2.34 1.35,
lk 0.04 -0.01 0.00,
ow 38.63 -74.06 59.75,
lb -9.45 -2.32 1.52,
lk -0.02 0.00 0.17,
ow 38.63 -74.06 59.88,
lb -9.49 -2.38 1.40,
lk -0.06 -0.05 0.06,
ow 38.63 -74.06 59.94,
lb -9.47 -2.39 1.42,
lk -0.04 -0.07 0.08,
ow 38.63 -74.06 59.94,
lb -9.47 -2.26 1.37,
lk -0.04 0.06 0.03,
ow 38.56 -74.06 60.00,
lb -9.39 -2.32 1.35,
lk 0.04 0.00 0.00,
ow 38.56 -74.06 60.00,
lb -9.40 -2.39 1.32,
lk 0.03 -0.07 -0.01,
ow 38.56 -74.06 60.06,
lb -9.39 -2.41 1.30,
lk 0.03 -0.08 -0.03,
ow 38.56 -74.06 60.13,
lb -9.46 -2.35 1.27,
lk -0.03 -0.02 -0.06,
ow 38.56 -74.12 60.19,
lb -9.48 -2.40 1.34,
lk -0.05 -0.08 0.01,
ow 38.56 -74.12 60.25,
lb -9.51 -2.48 1.35,
lk -0.08 -0.15 0.02,
ow 38.56 -74.12 60.31,
lb -9.42 -2.39 1.29,
lk 0.00 -0.07 -0.03,
ow 38.56 -74.12 60.38,
lb -9.45 -2.35 1.32,
lk -0.01 -0.02 0.00,
ow 38.63 -74.12 60.44,
lb -9.44 -2.38 1.39,
lk 0.00 -0.05 0.07,
ow 38.63 -74.12 60.50,
lb -9.46 -2.37 1.33,
lk -0.02 -0.04 0.01,
ow 38.63 -74.12 60.50,
lb -9.48 -2.31 1.22,
lk -0.04 0.01 -0.09,
ow 38.63 -74.12 60.50,
lb -9.41 -2.32 1.23,
lk 0.01 0.00 -0.08,
ow 38.63 -74.12 60.50,
lb -9.40 -2.31 1.27,
lk 0.02 0.01 -0.04,
ow 38.63 -74.12 60.50,
lb -9.43 -2.30 1.25,
lk 0.00 0.02 -0.06,
ow 38.63 -74.12 60.50,
lb -9.45 -2.27 1.27,
lk -0.02 0.04 -0.04,
ow 38.63 -74.12 60.50,
lb -9.38 -2.28 1.32,
lk 0.04 0.03 0.00,
ow 38.63 -74.12 60.44,
lb -9.35 -2.33 1.34,
lk 0.07 0.00 0.02,
ow 38.63 -74.12 60.38,
lb -9.38 -2.30 1.33,
lk 0.04 0.02 0.01,
ow 38.56 -74.12 60.38,
lb -9.46 -2.36 1.25,
lk -0.02 -0.04 -0.06,
ow 38.56 -74.12 60.31,
lb -9.41 -2.36 1.29,
lk 0.01 -0.03 -0.02,
ow 38.56 -74.12 60.25,
lb -9.44 -2.33 1.27,
lk -0.01 -0.01 -0.04,
ow 38.50 -74.19 60.25,
lb -9.48 -2.36 1.26,
lk -0.04 -0.04 -0.05,
ow 38.50 -74.19 60.31,
lb -9.48 -2.36 1.25,
lk -0.05 -0.04 -0.07,
ow 38.50 -74.19 60.25,
lb -9.49 -2.41 1.24,
lk -0.06 -0.09 -0.07,
ow 38.44 -74.19 60.25,
lb -9.46 -2.39 1.23,
lk -0.03 -0.07 -0.09,
ow 38.44 -74.19 60.19,
lb -9.42 -2.31 1.35,
lk 0.00 0.00 0.02,
ow 38.38 -74.12 60.06,
lb -9.43 -2.27 1.31,
lk 0.00 0.04 -0.02,
ow 38.31 -74.12 59.94,
lb -9.45 -2.28 1.30,
lk -0.01 0.02 -0.03,
ow 38.25 -74.12 59.81,
lb -9.43 -2.28 1.28,
lk 0.00 0.02 -0.06,
ow 38.19 -74.06 59.69,
lb -9.42 -2.30 1.24,
lk 0.00 0.01 -0.10,
ow 38.13 -74.06 59.50,
lb -9.40 -2.29 1.28,
lk 0.03 0.01 -0.07,
ow 38.06 -74.06 59.38,
lb -9.44 -2.36 1.30,
lk -0.01 -0.04 -0.06,
ow 38.00 -74.00 59.25,
lb -9.49 -2.36 1.38,
lk -0.06 -0.05 0.01,
ow 37.94 -74.00 59.13,
lb -9.46 -2.31 1.43,
lk -0.03 0.00 0.05,
ow 37.88 -74.00 59.00,
lb -9.42 -2.26 1.40,
lk 0.00 0.04 0.02,
ow 37.88 -74.00 58.88,
lb -9.44 -2.27 1.41,
lk -0.01 0.03 0.02,
ow 37.81 -74.00 58.81,
lb -9.36 -2.28 1.47,
lk 0.06 0.02 0.07,
ow 37.81 -73.94 58.75,
lb -9.35 -2.29 1.45,
lk 0.07 0.01 0.05,
ow 37.75 -73.94 58.69,
lb -9.33 -2.35 1.45,
lk 0.08 -0.04 0.05,
ow 37.75 -73.94 58.63,
lb -9.33 -2.39 1.46,
lk 0.09 -0.08 0.05,
ow 37.75 -73.94 58.63,
lb -9.35 -2.43 1.43,
lk 0.06 -0.12 0.02,
ow 37.75 -73.94 58.63,
lb -9.38 -2.45 1.38,
lk 0.03 -0.13 -0.02,
ow 37.75 -73.94 58.63,
lb -9.46 -2.39 1.40,
lk -0.03 -0.08 0.00,
ow 37.75 -73.94 58.56,
lb -9.51 -2.29 1.38,
lk -0.08 0.01 -0.02,
ow 37.81 -73.94 58.56,
lb -9.46 -2.25 1.48,
lk -0.04 0.05 0.07,
ow 37.81 -73.94 58.50,
lb -9.49 -2.22 1.46,
lk -0.06 0.08 0.04,
ow 37.81 -73.94 58.44,
lb -9.43 -2.23 1.37,
lk -0.01 0.07 -0.04,
ow 37.88 -73.94 58.44,
lb -9.45 -2.19 1.35,
lk -0.02 0.11 -0.06,
ow 37.88 -73.94 58.44,
lb -9.45 -2.26 1.34,
lk -0.03 0.04 -0.07,
ow 37.94 -73.94 58.44,
lb -9.45 -2.26 1.35,
lk -0.03 0.04 -0.06,
ow 37.94 -73.94 58.44,
lb -9.50 -2.20 1.27,
lk -0.07 0.10 -0.14,
ow 38.00 -74.00 58.44,
lb -9.48 -2.20 1.28,
lk -0.05 0.10 -0.12,
ow 38.06 -73.94 58.44,
lb -9.46 -2.29 1.39,
lk -0.03 0.00 -0.01,
ow 38.06 -73.94 58.38,
lb -9.46 -2.26 1.41,
lk -0.03 0.03 0.00,
ow 38.06 -73.94 58.38,
lb -9.40 -2.16 1.46,
lk 0.02 0.13 0.04,
ow 38.13 -73.94 58.38,
lb -9.36 -2.06 1.31,
lk 0.05 0.23 -0.10,
ow 38.13 -73.94 58.44,
lb -9.35 -2.14 1.06,
lk 0.06 0.16 -0.34,
ow 38.13 -73.94 58.44,
lb -9.27 -2.24 1.29,
lk 0.15 0.06 -0.12,
ow 38.13 -73.94 58.50,
lb -9.19 -2.22 1.63,
lk 0.22 0.08 0.22,
ow 38.13 -73.94 58.56,
lb -9.28 -2.22 1.41,
lk 0.14 0.08 0.00,
ow 38.13 -74.00 58.69,
lb -9.27 -2.22 1.41,
lk 0.15 0.08 0.00,
ow 38.13 -74.00 58.75,
lb -9.26 -2.15 1.34,
lk 0.16 0.14 -0.05,
ow 38.13 -74.00 58.88,
lb -9.33 -2.11 1.19,
lk 0.09 0.19 -0.19,
ow 38.13 -74.06 58.94,
lb -9.36 -2.10 1.18,
lk 0.06 0.20 -0.20,
ow 38.13 -74.06 59.13,
lb -9.32 -2.14 1.29,
lk 0.10 0.15 -0.08,
ow 38.13 -74.12 59.31,
lb -9.37 -2.15 1.37,
lk 0.06 0.15 0.00,
ow 38.13 -74.12 59.50,
lb -9.31 -2.06 1.43,
lk 0.11 0.23 0.08,
ow 38.06 -74.19 59.69,
lb -9.29 -2.12 1.45,
lk 0.14 0.17 0.10,
ow 38.06 -74.19 59.94,
lb -9.22 -2.12 1.51,
lk 0.20 0.18 0.18,
ow 38.06 -74.25 60.19,
lb -9.22 -2.08 1.52,
lk 0.21 0.21 0.20,
ow 38.00 -74.25 60.50,
lb -9.26 -2.17 1.48,
lk 0.17 0.12 0.18,
ow 38.00 -74.31 60.81,
lb -9.27 -2.20 1.49,
lk 0.16 0.10 0.20,
ow 38.00 -74.31 61.13,
lb -9.33 -2.24 1.46,
lk 0.10 0.06 0.19,
ow 38.00 -74.37 61.50,
lb -9.40 -2.33 1.43,
lk 0.04 -0.01 0.17,
ow 38.06 -74.37 61.88,
lb -9.49 -2.40 1.40,
lk -0.04 -0.08 0.16,
ow 38.06 -74.44 62.31,
lb -9.50 -2.47 1.42,
lk -0.05 -0.14 0.20,
ow 38.06 -74.44 62.69,
lb -9.50 -2.48 1.44,
lk -0.05 -0.15 0.23,
ow 38.06 -74.44 63.06,
lb -9.56 -2.50 1.41,
lk -0.11 -0.17 0.23,
ow 38.13 -74.50 63.44,
lb -9.56 -2.54 1.38,
lk -0.11 -0.20 0.21,
ow 38.13 -74.50 63.81,
lb -9.57 -2.55 1.30,
lk -0.12 -0.20 0.15,
ow 38.19 -74.50 64.19,
lb -9.59 -2.58 1.25,
lk -0.14 -0.22 0.11,
ow 38.19 -74.56 64.44,
lb -9.65 -2.50 1.20,
lk -0.20 -0.15 0.07,
ow 38.19 -74.56 64.69,
lb -9.73 -2.49 1.23,
lk -0.27 -0.14 0.11,
ow 38.25 -74.62 64.94,
lb -9.75 -2.50 1.25,
lk -0.29 -0.15 0.15,
ow 38.25 -74.62 65.12,
lb -9.74 -2.51 1.26,
lk -0.28 -0.15 0.17,
ow 38.31 -74.62 65.31,
lb -9.66 -2.50 1.19,
lk -0.20 -0.15 0.11,
ow 38.38 -74.69 65.44,
lb -9.66 -2.47 1.04,
lk -0.20 -0.11 -0.02,
ow 38.44 -74.69 65.50,
lb -9.65 -2.46 1.12,
lk -0.19 -0.11 0.05,
ow 38.44 -74.69 65.56,
lb -9.51 -2.49 1.05,
lk -0.05 -0.14 -0.01,
ow 38.50 -74.75 65.62,
lb -9.47 -2.47 1.07,
lk -0.01 -0.12 0.00,
ow 38.50 -74.75 65.62,
lb -9.46 -2.45 1.02,
lk 0.00 -0.10 -0.03,
ow 38.56 -74.75 65.69,
lb -9.41 -2.46 1.04,
lk 0.04 -0.12 -0.01,
ow 38.56 -74.81 65.69,
lb -9.35 -2.49 1.17,
lk 0.10 -0.15 0.12,
ow 38.63 -74.81 65.69,
lb -9.40 -2.49 1.13,
lk 0.06 -0.15 0.08,
ow 38.69 -74.81 65.69,
lb -9.42 -2.48 1.10,
lk 0.03 -0.15 0.04,
ow 38.75 -74.87 65.62,
lb -9.41 -2.45 1.12,
lk 0.04 -0.12 0.06,
ow 38.81 -74.87 65.62,
lb -9.46 -2.35 1.06,
lk 0.00 -0.02 0.01,
ow 38.81 -74.87 65.69,
lb -9.43 -2.30 1.08,
lk 0.03 0.01 0.03,
ow 38.88 -74.94 65.69,
lb -9.43 -2.26 1.11,
lk 0.03 0.06 0.06,
ow 38.94 -74.94 65.69,
lb -9.43 -2.23 1.09,
lk 0.03 0.08 0.04,
ow 39.00 -74.94 65.69,
lb -9.47 -2.24 1.07,
lk 0.00 0.07 0.02,
ow 39.06 -74.94 65.69,
lb -9.53 -2.22 1.04,
lk -0.06 0.08 0.00,
ow 39.13 -74.94 65.62,
lb -9.60 -2.23 1.03,
lk -0.12 0.07 -0.01,
ow 39.13 -74.94 65.62,
lb -9.64 -2.24 1.01,
lk -0.16 0.06 -0.03,
ow 39.19 -74.94 65.56,
lb -9.59 -2.30 1.02,
lk -0.12 0.00 -0.01,
ow 39.19 -74.94 65.50,
lb -9.57 -2.30 1.01,
lk -0.10 0.00 -0.03,
ow 39.25 -74.94 65.50,
lb -9.55 -2.25 1.00,
lk -0.08 0.05 -0.05,
ow 39.25 -74.94 65.44,
lb -9.53 -2.23 1.04,
lk -0.05 0.07 0.00,
ow 39.31 -74.94 65.37,
lb -9.50 -2.25 1.08,
lk -0.02 0.05 0.03,
ow 39.31 -74.94 65.31,
lb -9.50 -2.26 1.02,
lk -0.02 0.04 -0.02,
ow 39.31 -74.94 65.25,
lb -9.46 -2.24 1.03,
lk 0.00 0.06 -0.02,
ow 39.38 -74.94 65.19,
lb -9.42 -2.32 0.94,
lk 0.04 -0.01 -0.12,
ow 39.38 -74.94 65.19,
lb -9.43 -2.30 0.95,
lk 0.03 0.00 -0.10,
ow 39.44 -74.94 65.19,
lb -9.46 -2.30 0.93,
lk 0.00 0.00 -0.12,
ow 39.44 -74.94 65.12,
lb -9.48 -2.28 1.08,
lk -0.01 0.02 0.01,
ow 39.50 -74.94 65.06,
lb -9.48 -2.30 1.08,
lk -0.01 0.00 0.01,
ow 39.50 -74.94 65.06,
lb -9.50 -2.24 0.95,
lk -0.02 0.06 -0.11,
ow 39.56 -74.94 65.00,
lb -9.44 -2.24 0.68,
lk 0.02 0.06 -0.38,
ow 39.56 -74.94 64.94,
lb -9.42 -2.32 1.30,
lk 0.04 -0.02 0.23,
ow 39.63 -74.94 64.81,
lb -9.53 -2.20 1.16,
lk -0.06 0.09 0.08,
ow 39.63 -74.94 64.81,
lb -9.57 -2.25 1.08,
lk -0.10 0.04 0.00,
ow 39.63 -74.94 64.75,
lb -9.51 -2.29 1.09,
lk -0.04 0.00 0.00,
ow 39.69 -74.94 64.62,
lb -9.52 -2.24 1.04,
lk -0.04 0.05 -0.04,
ow 39.69 -74.94 64.56,
lb -9.50 -2.25 1.00,
lk -0.03 0.04 -0.09,
ow 39.69 -74.94 64.44,
lb -9.43 -2.29 1.00,
lk 0.03 0.00 -0.09,
ow 39.69 -74.87 64.37,
lb -9.44 -2.29 1.03,
lk 0.02 0.00 -0.06,
ow 39.69 -74.87 64.31,
lb -9.43 -2.28 1.07,
lk 0.03 0.00 -0.03,
ow 39.69 -74.87 64.25,
lb -9.43 -2.32 1.08,
lk 0.03 -0.02 -0.01,
ow 39.69 -74.87 64.25,
lb -9.44 -2.37 1.07,
lk 0.02 -0.07 -0.03,
ow 39.69 -74.87 64.25,
lb -9.48 -2.33 1.07,
lk -0.01 -0.03 -0.03,
ow 39.69 -74.87 64.25,
lb -9.48 -2.32 1.08,
lk -0.01 -0.02 -0.02,
ow 39.69 -74.87 64.19,
lb -9.50 -2.25 1.05,
lk -0.03 0.04 -0.05,
ow 39.69 -74.87 64.19,
lb -9.49 -2.24 1.02,
lk -0.02 0.05 -0.08,
ow 39.69 -74.87 64.12,
lb -9.48 -2.19 0.94,
lk -0.01 0.10 -0.16,
et 10001,