10.83 0,
10.83 0,
10.84 0,
10.86 0,
10.88 0,
10.86 0,
10.85 0,
10.83 0,
10.89 0,
10.83 0,
10.83 0,
10.83 0,
10.82 0,
10.87 0,
10.84 0,
10.83 0,
10.83 0,
10.81 0,
10.87 0,
10.84 0,
10.84 0,
10.86 0,
10.86 0,
10.87 0,
10.84 0,
10.88 0,
10.79 0,
10.84 0,
10.85 0,
10.91 0,
10.88 0,
10.84 0,
10.89 0,
10.89 0,
10.82 0,
10.86 0,
10.87 0,
10.89 0,
10.86 0,
10.89 0,
10.83 0,
10.86 0,
10.83 0,
10.83 0,
10.86 0,
10.85 0,
10.85 0,
10.84 0,
10.83 0,
10.82 0,
10.84 0,
10.83 0,
10.83 0,
10.83 0,
10.83 0,
10.84 0,
10.87 0,
10.86 0,
10.85 0,
10.83 0,
10.85 0,
10.84 0,
10.89 0,
10.88 0,
10.86 0,
10.83 0,
10.87 0,
10.85 0,
10.89 0,
10.87 0,
10.84 0,
10.88 0,
10.84 0,
10.87 0,
10.85 0,
10.82 0,
10.88 0,
10.90 0,
10.86 0,
10.84 0,
10.87 0,
10.83 0,
10.82 0,
10.89 0,
10.85 0,
10.85 0,
10.89 0,
10.84 0,
10.84 0,
10.86 0,
10.87 0,
10.85 0,
10.85 0,
10.90 0,
10.83 0,
10.84 0,
10.80 0,
10.87 0,
10.83 0,
10.89 0,
10.86 0,
10.84 0,
10.84 0,
10.86 0,
10.87 0,
10.85 0,
10.85 0,
10.89 0,
10.87 0,
10.87 0,
10.86 0,
10.86 0,
10.84 0,
10.84 0,
10.82 0,
10.87 0,
10.87 0,
10.80 0,
10.88 0,
10.87 0,
10.87 0,
10.84 0,
10.86 0,
10.85 0,
10.86 0,
10.86 0,
10.81 0,
10.86 0,
10.87 0,
10.84 0,
10.84 0,
10.87 0,
10.85 0,
10.83 0,
10.86 0,
10.89 0,
10.83 0,
10.85 0,
10.85 0,
10.87 0,
10.83 0,
10.84 0,
10.85 0,
10.83 0,
10.84 0,
10.84 0,
10.84 0,
10.84 0,
10.88 0,
10.86 0,
10.85 0,
10.87 0,
10.83 0,
10.92 0,
10.89 0,
10.87 0,
10.85 0,
10.85 0,
10.87 0,
10.87 0,
10.82 0,
10.84 0,
10.89 0,
10.86 0,
10.86 0,
10.86 0,
10.82 0,
10.83 0,
10.87 0,
10.89 0,
10.87 0,
10.86 0,
10.85 0,
10.86 0,
10.84 0,
10.85 0,
10.86 0,
10.87 0,
10.88 0,
10.87 0,
10.84 0,
10.86 0,
10.84 0,
10.89 0,
10.89 0,
10.87 0,
10.81 0,
10.84 0,
10.86 0,
10.88 0,
10.85 0,
10.84 0,
10.89 0,
10.87 0,
10.86 0,
10.86 0,
10.86 0,
10.87 0,
10.88 0,
10.81 0,
10.84 0,
10.83 0,
10.84 0,
10.85 0,
10.87 0,
10.84 0,
10.88 0,
10.86 0,
10.91 0,
10.84 0,
10.86 0,
10.87 0,
10.89 0,
10.87 0,
10.85 0,
10.85 0,
10.84 0,
10.84 0,
10.83 0,
10.84 0,
10.82 0,
10.88 0,
10.86 0,
10.86 0,
10.87 0,
10.85 0,
10.81 0,
10.86 0,
10.86 0,
10.87 0,
10.82 0,
10.84 0,
10.84 0,
10.78 0,
10.94 0,
10.82 0,
10.83 0,
10.85 0,
10.94 0,
10.87 0,
10.86 0,
10.87 0,
10.84 0,
10.85 0,
10.84 0,
10.86 0,
10.83 0,
10.87 0,
10.84 0,
10.86 0,
10.78 0,
10.86 0,
10.84 1,
10.85 0,
10.83 0,
10.84 0,
10.88 0,
10.82 0,
10.90 0,
10.86 1,
11.45 6,
10.63 0,
10.83 0,
10.91 2,
10.96 0,
10.96 0,
11.22 1,
10.48 1,
11.70 17,
13.70 24,
11.10 17,
15.72 61,
14.23 95,
14.57 116,
13.30 173,
14.40 204,
15.42 200,
15.56 149,
14.21 100,
13.99 71,
14.24 62,
14.42 53,
14.70 48,
15.20 51,
15.23 57,
14.93 65,
15.60 68,
16.57 79,
16.88 100,
17.17 119,
17.44 127,
17.33 132,
17.09 136,
16.80 136,
16.79 130,
16.34 123,
16.01 119,
15.93 128,
15.74 136,
15.68 140,
15.75 143,
15.43 143,
15.04 141,
14.85 139,
13.46 139,
11.48 137,
11.81 142,
8.94 156,
14.76 157,
26.06 151,
19.78 163,
13.77 127,
13.99 115,
14.60 128,
14.26 130,
13.54 131,
13.23 136,
12.67 136,
12.19 132,
12.35 127,
12.52 118,
12.58 105,
12.62 94,
12.78 85,
12.91 80,
13.39 79,
12.69 82,
12.22 80,
12.38 75,
12.35 70,
12.23 63,
12.39 61,
12.61 63,
12.41 64,
12.04 60,
11.40 53,
11.05 49,
10.76 47,
11.15 46,
10.82 44,
10.66 45,
9.76 51,
9.68 53,
9.82 48,
9.86 38,
10.15 31,
10.63 26,
11.06 23,
12.02 19,
12.29 15,
12.63 10,
12.53 17,
11.40 32,
11.26 46,
10.98 42,
11.16 31,
11.54 29,
14.92 31,
9.73 43,
12.01 55,
11.93 48,
11.99 46,
12.02 42,
11.12 46,
11.05 54,
9.89 59,
9.12 82,
8.55 108,
7.62 135,
6.78 161,
6.54 191,
5.24 283,
5.02 283,
5.84 326,
4.57 348,
3.96 345,
3.42 487,
2.92 487,
1.57 549,
2.20 602,
2.56 621,
3.19 604,
2.08 604,
5.20 544,
3.83 498,
4.61 439,
4.75 308,
5.73 308,
6.36 361,
8.78 427,
5.22 542,
0.44 526,
5.39 526,
5.41 702,
12.34 755,
6.16 796,
38.67 1528,
80.61 1528,
19.57 1566,
18.76 1374,
14.34 1412,
6.33 1406,
1.02 1429,
6.95 1528,
9.91 1553,
4.63 1515,
8.82 1460,
6.27 1413,
6.17 1390,
2.74 1408,
2.37 1430,
15.75 1394,
46.96 1503,
28.06 2142,
33.12 1656,
23.33 1241,
14.69 1179,
2.45 1223,
5.07 1155,
16.26 964,
10.67 883,
9.36 888,
7.25 909,
8.37 780,
12.07 687,
58.19 623,
15.31 879,
13.09 954,
44.82 903,
2.71 672,
8.11 212,
6.97 61,
7.72 107,
11.09 84,
17.67 31,
11.94 49,
11.00 15,
11.19 8,
11.16 9,
11.40 13,
11.26 11,
11.24 3,
11.41 4,
11.14 2,
11.12 1,
11.14 1,
11.26 1,
11.22 0,
11.15 0,
11.17 1,
11.17 2,
11.14 1,
11.16 0,
11.15 0,
11.23 0,
11.18 0,
11.20 0,
11.15 0,
11.18 0,
11.18 0,
11.19 0,
11.19 0,
11.26 0,
11.16 0,
11.22 0,
11.17 0,
11.14 0,
11.17 0,
11.14 0,
11.18 0,
11.19 0,
11.17 0,
11.21 0,
11.16 0,
11.16 0,
11.15 0,
11.18 0,
11.20 0,
11.14 0,
11.21 0,
11.18 0,
11.20 0,
11.15 0,
11.14 0,
11.15 0,
11.19 0,
11.20 0,
11.21 0,
11.15 0,
11.21 0,
11.17 0,
11.15 0,
11.15 0,
11.89 6,
11.16 10,
10.38 2,
11.48 4,
10.78 2,
11.16 4,
11.48 9,
11.08 9,
10.52 1,
10.86 1,
11.44 8,
11.22 12,
11.08 13,
11.26 12,
11.22 4,
11.28 4,
11.11 6,
11.09 7,
10.97 2,
11.00 5,
11.48 18,
11.00 40,
13.56 35,
15.16 52,
14.03 43,
11.25 65,
14.41 94,
13.46 91,
12.29 76,
11.02 52,
13.71 41,
10.50 38,
13.75 24,
12.19 43,
12.92 87,
9.17 51,
13.24 63,
14.59 90,
14.93 91,
14.68 49,
12.99 20,
12.98 26,
13.06 22,
12.37 24,
12.54 44,
13.95 70,
14.14 85,
14.11 93,
13.72 95,
13.34 93,
12.96 86,
13.70 84,
14.29 86,
13.71 88,
13.33 88,
13.20 83,
12.42 80,
12.06 79,
11.77 74,
11.56 69,
11.97 67,
12.36 72,
12.38 87,
12.51 101,
12.46 106,
12.50 105,
12.54 97,
12.13 86,
11.85 78,
11.54 69,
11.21 64,
11.39 61,
11.94 66,
12.19 73,
12.52 83,
11.98 92,
12.06 102,
11.71 113,
11.64 125,
11.66 127,
11.31 119,
10.98 109,
11.07 96,
11.50 78,
11.67 60,
11.26 58,
12.78 72,
12.61 64,
11.77 62,
10.08 65,
9.85 71,
9.96 75,
10.48 76,
11.90 68,
11.81 53,
11.00 42,
11.91 46,
12.08 43,
11.64 48,
11.44 57,
12.27 58,
11.95 53,
11.41 47,
11.36 39,
10.54 32,
10.69 30,
11.18 32,
11.56 37,
12.01 37,
11.57 34,
11.62 26,
11.95 21,
11.66 29,
11.32 34,
10.99 39,
10.00 39,
9.61 34,
9.33 27,
9.53 27,
9.93 29,
10.26 29,
10.49 29,
10.46 32,
9.18 41,
9.22 50,
9.70 60,
10.24 72,
11.22 81,
10.64 104,
9.08 116,
8.39 110,
9.37 109,
9.51 110,
9.70 109,
10.80 111,
10.46 132,
8.54 161,
7.23 178,
5.55 166,
5.49 145,
4.52 108,
7.43 116,
8.14 140,
8.16 157,
7.86 167,
5.25 169,
5.39 159,
4.91 149,
5.11 159,
5.78 172,
5.18 170,
5.75 182,
7.48 241,
21.70 277,
68.71 310,
40.01 1133,
25.41 720,
17.69 316,
24.08 242,
13.51 152,
16.93 97,
14.59 116,
10.31 145,
12.08 120,
13.37 47,
9.98 12,
14.07 20,
15.14 26,
13.38 25,
13.77 20,
13.61 11,
13.43 5,
13.40 3,
14.10 15,
13.01 27,
12.83 32,
12.98 33,
13.04 31,
13.07 34,
12.68 33,
12.77 25,
12.95 19,
12.90 18,
13.57 18,
12.92 22,
13.38 24,
13.90 21,
13.24 24,
12.87 24,
15.54 35,
13.37 23,
13.96 12,
13.26 20,
13.04 21,
13.54 23,
13.33 33,
12.86 43,
13.14 53,
13.21 58,
13.20 65,
13.00 80,
11.52 104,
9.78 123,
10.61 140,
13.18 193,
23.58 285,
15.82 187,
12.10 123,
12.00 104,
12.95 96,
11.60 87,
20.35 63,
12.41 27,
12.64 40,
13.02 37,
13.38 8,
12.98 17,
12.66 29,
12.37 25,
12.55 9,
12.71 4,
12.80 8,
12.85 7,
12.85 5,
12.86 4,
12.79 3,
12.92 2,
12.69 4,
12.69 4,
12.75 2,
12.72 1,
12.81 2,
12.85 2,
12.81 1,
12.73 1,
12.70 1,
12.71 1,
12.78 0,
12.75 1,
12.75 0,
12.71 0,
12.73 1,
12.81 0,
12.79 0,
12.76 0,
12.74 0,
12.76 0,
12.80 0,
12.78 0,
12.77 0,
12.77 0,
12.75 0,
12.74 0,
12.76 0,
12.75 0,
12.76 0,
12.71 0,
12.71 0,
12.79 0,
12.78 0,
12.75 0,
12.70 0,
12.74 0,
12.73 0,
12.78 0,
12.76 0,
12.76 0,
12.72 0,
12.74 0,
12.75 0,
12.76 0,
12.77 0,
12.78 0,
12.75 0,
12.75 0,
12.75 1,
12.73 1,
12.69 2,
12.77 2,
12.70 1,
12.66 1,
12.66 2,
12.72 2,
12.79 3,
12.79 2,
12.81 0,
12.80 0,
12.75 0,
12.69 1,
12.69 1,
12.51 0,
12.10 3,
11.90 10,
11.56 30,
10.00 98,
10.08 157,
9.98 184,
11.71 189,
12.61 164,
12.90 101,
16.74 44,
28.15 52,
17.21 87,
16.48 68,
11.57 35,
13.55 24,
14.35 16,
13.05 4,
12.33 1,
13.29 7,
13.09 10,
12.84 7,
13.17 3,
13.02 5,
12.94 9,
12.93 8,
12.94 6,
13.05 5,
13.01 5,
12.98 6,
13.07 6,
13.06 8,
12.86 12,
13.38 24,
13.17 15,
13.14 17,
12.86 24,
12.77 26,
12.46 17,
12.64 1,
12.92 18,
13.34 17,
13.20 6,
13.10 5,
12.97 11,
12.87 11,
12.82 7,
12.83 1,
12.99 4,
13.04 6,
13.05 4,
13.08 0,
12.99 3,
12.91 5,
12.96 3,
12.91 0,
13.02 2,
13.06 2,
13.04 0,
12.99 1,
12.95 2,
12.92 2,
12.95 0,
13.01 0,
13.00 1,
13.04 0,
13.04 0,
12.97 1,
12.98 1,
12.96 0,
12.95 0,
13.01 0,
13.02 0,
13.04 0,
12.96 0,
12.97 0,
12.99 0,
12.99 0,
12.97 0,
13.00 0,
12.94 0,
12.99 0,
13.02 0,
12.97 0,
13.00 0,
12.92 0,
12.97 0,
13.05 0,
12.95 0,
13.00 0,
12.97 0,
12.98 0,
13.00 0,
13.01 0,
12.96 0,
12.95 0,
12.93 0,
13.01 0,
13.00 0,
13.02 0,
12.96 0,
12.98 0,
12.97 0,
12.94 0,
12.95 0,
12.95 0,
12.98 0,
13.01 0,
13.00 0,
13.00 0,
13.01 0,
12.99 0,
13.04 0,
13.00 0,
12.99 0,
13.00 0,
12.96 0,
13.00 0,
13.04 0,
12.96 0,
12.93 0,
13.02 0,
12.97 0,
12.98 0,
13.01 0,
12.94 0,
13.01 0,
12.99 0,
12.97 0,
13.01 0,
12.95 0,
12.97 0,
13.02 0,
13.03 0,
12.98 0,
13.17 0,
13.21 0,
13.19 0,
13.17 0,
13.14 0,
13.17 0,
13.15 0,
13.15 0,
13.19 0,
13.14 0,
13.16 0,
13.20 0,
13.20 0,
13.18 0,
13.16 0,
13.14 0,
13.18 0,
13.20 0,
13.21 0,
13.19 0,
13.21 0,
13.19 0,
13.16 0,
13.15 0,
13.17 0,
13.18 0,
13.17 0,
13.16 0,
13.20 0,
13.15 0,
13.19 0,
13.20 0,
13.16 0,
13.23 0,
13.17 0,
13.17 0,
13.16 0,
13.18 0,
13.16 0,
13.19 0,
13.16 0,
13.15 0,
13.18 0,
13.18 0,
13.16 0,
13.17 0,
13.13 0,
13.17 0,
13.15 0,
13.16 0,
13.15 0,
13.16 0,
13.17 0,
13.20 0,
13.15 0,
13.16 0,
13.23 0,
13.19 0,
13.17 0,
13.20 0,
13.14 0,
13.14 0,
13.17 0,
13.17 0,
13.21 0,
13.17 0,
13.16 0,
13.19 0,
13.18 0,
13.15 0,
13.16 0,
13.18 0,
13.16 0,
13.17 0,
13.15 0,
13.14 0,
13.15 0,
13.17 0,
13.20 0,
13.13 0,
13.17 0,
13.22 0,
13.23 0,
ex,