12.17 1,
12.22 1,
12.25 1,
12.25 0,
12.26 0,
12.20 1,
12.17 1,
12.21 1,
12.20 1,
12.17 1,
12.18 1,
12.16 1,
12.15 3,
12.28 2,
12.32 2,
12.28 2,
12.25 5,
12.10 3,
12.20 0,
12.35 2,
12.47 1,
12.28 3,
12.13 3,
12.15 2,
12.04 1,
11.98 0,
12.08 2,
12.20 3,
12.30 3,
12.34 3,
12.39 1,
12.41 1,
12.36 2,
12.31 3,
12.22 2,
12.18 2,
12.10 3,
12.19 3,
12.20 2,
12.22 3,
12.26 3,
12.28 4,
12.20 6,
12.16 6,
12.21 5,
12.28 5,
12.32 4,
12.42 1,
12.42 2,
12.45 3,
12.47 3,
12.44 3,
12.40 4,
12.40 4,
12.30 3,
12.26 3,
12.27 2,
12.24 1,
12.27 1,
12.32 1,
12.36 2,
12.36 2,
12.39 2,
12.38 2,
12.37 2,
12.30 2,
12.27 2,
12.25 2,
12.27 1,
12.28 1,
12.28 1,
12.32 2,
12.42 2,
12.51 6,
12.42 9,
12.28 9,
12.29 8,
12.33 4,
12.47 4,
12.46 5,
12.26 5,
12.31 4,
12.39 0,
12.32 0,
12.41 1,
12.49 1,
12.56 2,
12.53 1,
12.48 3,
12.42 3,
12.36 4,
12.31 4,
12.30 4,
12.36 3,
12.41 3,
12.40 3,
12.39 2,
12.47 2,
12.50 3,
12.46 5,
12.42 5,
12.34 5,
12.37 4,
12.43 3,
12.39 1,
12.39 1,
12.40 1,
12.43 0,
12.44 0,
12.49 0,
12.45 1,
12.41 1,
12.34 1,
12.38 1,
12.29 1,
12.24 1,
12.32 2,
12.58 3,
12.79 3,
12.92 3,
12.95 5,
12.91 6,
12.77 8,
12.51 8,
12.29 8,
12.26 6,
12.52 8,
12.51 14,
12.38 24,
12.05 36,
11.79 46,
11.37 53,
9.78 56,
9.86 63,
10.28 77,
10.39 89,
9.21 96,
8.90 104,
9.55 116,
10.09 126,
10.31 131,
10.31 132,
10.83 132,
11.27 132,
11.27 132,
11.19 133,
11.04 135,
10.86 139,
11.06 144,
11.28 149,
11.52 154,
11.73 156,
11.51 155,
11.57 160,
11.72 166,
11.87 173,
11.93 180,
11.74 188,
10.81 196,
10.49 202,
9.95 207,
10.01 212,
10.35 216,
10.62 216,
11.11 213,
11.46 209,
11.92 209,
11.99 212,
12.02 215,
12.51 216,
12.93 215,
13.11 212,
13.69 206,
15.81 195,
16.34 202,
17.15 204,
16.46 224,
14.07 250,
12.57 264,
12.45 271,
14.19 255,
14.71 226,
14.61 196,
13.48 175,
10.21 179,
8.83 200,
8.75 234,
8.93 248,
10.88 225,
12.67 180,
13.68 126,
15.44 88,
17.74 98,
18.42 124,
19.06 158,
16.81 182,
16.05 198,
16.46 206,
15.32 197,
14.71 179,
14.82 159,
14.64 138,
14.48 118,
14.25 110,
14.39 106,
15.29 107,
15.94 114,
16.13 121,
14.42 130,
11.94 134,
12.11 124,
11.86 106,
10.96 104,
12.64 105,
10.02 107,
11.27 140,
10.17 185,
9.85 219,
12.28 194,
12.01 122,
12.57 138,
12.76 160,
14.95 200,
18.55 235,
14.62 218,
15.81 184,
15.57 183,
11.77 188,
16.51 221,
22.98 244,
15.17 219,
16.38 152,
15.08 144,
14.83 141,
13.79 118,
13.45 92,
13.67 65,
15.20 84,
17.54 82,
18.65 70,
19.33 79,
20.69 137,
19.34 166,
20.24 144,
24.04 138,
22.95 135,
25.14 101,
27.21 122,
20.81 143,
14.21 155,
13.92 117,
22.00 75,
23.83 60,
24.20 63,
24.13 68,
19.63 73,
16.71 73,
14.73 68,
13.11 73,
13.40 73,
14.62 64,
16.64 43,
16.63 24,
15.36 46,
14.98 80,
15.14 101,
16.17 102,
16.68 77,
16.77 62,
17.09 81,
16.80 97,
16.75 128,
13.48 159,
15.41 104,
13.50 45,
12.75 61,
12.92 55,
14.48 91,
15.30 106,
16.34 83,
17.15 69,
17.86 61,
15.11 64,
10.69 59,
7.28 68,
6.23 64,
6.66 87,
7.99 121,
9.69 144,
9.20 145,
7.49 140,
7.60 144,
11.84 142,
16.32 130,
20.19 146,
21.70 123,
20.57 54,
20.88 70,
19.03 101,
17.61 100,
17.46 69,
16.95 77,
18.55 123,
20.60 134,
19.87 94,
20.25 53,
20.81 32,
20.26 83,
20.32 118,
20.16 94,
12.84 94,
10.08 121,
10.22 132,
11.82 130,
15.34 134,
15.07 125,
16.39 125,
16.43 111,
13.04 76,
13.18 77,
13.70 59,
12.64 51,
13.82 77,
9.57 67,
11.06 63,
9.32 35,
9.92 10,
11.77 35,
13.65 57,
12.33 65,
10.96 74,
10.04 66,
9.55 53,
11.30 48,
12.32 66,
13.00 95,
14.27 102,
14.99 100,
14.73 88,
14.58 75,
15.29 75,
15.23 76,
15.39 66,
15.12 46,
13.61 44,
13.44 52,
11.33 41,
9.94 65,
8.71 82,
6.53 90,
4.42 84,
12.11 103,
13.67 121,
13.20 119,
12.18 122,
14.24 123,
13.53 86,
10.71 62,
7.97 90,
2.20 81,
4.09 64,
8.07 46,
11.56 20,
12.27 19,
12.26 17,
11.62 29,
10.08 51,
17.51 81,
4.50 72,
7.68 52,
8.23 44,
7.68 34,
8.55 26,
9.22 34,
10.86 26,
12.15 47,
11.74 60,
9.53 61,
9.22 75,
9.83 74,
11.04 59,
10.42 53,
10.47 59,
11.56 55,
12.62 33,
13.15 33,
13.22 34,
11.81 46,
11.90 79,
13.10 97,
12.42 74,
12.75 50,
13.14 52,
14.20 50,
14.97 51,
15.37 58,
17.16 80,
16.06 88,
15.64 93,
15.05 94,
15.80 87,
14.93 69,
14.19 58,
15.70 66,
17.56 75,
16.48 85,
15.49 86,
14.60 68,
15.31 75,
16.04 67,
16.06 47,
16.02 26,
14.47 43,
14.95 48,
13.91 20,
16.57 35,
18.81 56,
18.92 41,
19.88 31,
19.76 39,
18.42 26,
21.03 26,
19.20 23,
16.65 25,
18.96 61,
18.86 58,
17.55 18,
18.84 13,
19.04 18,
18.08 12,
18.17 10,
18.33 15,
18.66 27,
17.95 47,
16.93 68,
15.66 83,
14.15 92,
12.86 91,
13.06 81,
12.67 86,
12.34 72,
14.00 8,
17.66 27,
19.15 42,
16.19 49,
16.26 69,
15.35 30,
14.57 75,
10.92 122,
15.87 148,
13.86 162,
14.31 191,
11.16 134,
14.37 74,
17.81 165,
13.09 106,
12.79 74,
12.98 69,
12.55 60,
10.70 79,
11.70 94,
12.28 91,
12.07 84,
11.04 96,
11.96 99,
12.83 114,
13.19 133,
11.49 152,
12.13 108,
11.27 83,
10.89 71,
10.56 70,
11.05 75,
11.52 74,
11.62 72,
10.82 70,
9.92 67,
9.99 63,
9.90 52,
10.90 45,
11.49 53,
12.93 64,
12.66 66,
12.72 54,
12.41 46,
12.22 43,
11.93 28,
12.69 38,
13.54 47,
13.03 51,
10.99 51,
9.12 39,
8.07 23,
7.74 13,
7.91 28,
8.28 25,
5.71 22,
6.82 16,
7.41 12,
7.38 23,
4.41 47,
3.35 80,
3.86 102,
3.05 102,
4.56 99,
3.90 102,
7.89 91,
4.72 87,
4.05 63,
3.99 77,
5.58 79,
6.75 72,
10.05 85,
10.71 86,
11.12 63,
13.73 61,
15.94 60,
17.48 71,
17.54 91,
11.49 83,
8.49 133,
6.99 172,
10.23 146,
10.09 152,
11.46 163,
18.90 163,
14.64 151,
12.00 73,
10.96 118,
11.24 126,
13.26 126,
17.74 124,
14.47 147,
13.64 177,
16.69 145,
15.38 115,
15.24 115,
17.69 88,
17.34 88,
17.23 72,
15.47 63,
16.68 68,
14.40 80,
15.54 102,
16.40 100,
15.83 24,
18.41 34,
19.77 43,
17.65 30,
20.19 57,
21.39 61,
18.05 24,
16.60 24,
17.77 51,
17.65 47,
19.69 27,
18.78 23,
16.49 34,
17.77 29,
18.61 26,
19.04 19,
18.95 18,
17.85 41,
14.48 58,
13.66 70,
13.19 76,
13.38 79,
14.44 78,
19.48 100,
13.25 96,
12.34 53,
11.84 54,
12.15 59,
12.03 74,
11.92 71,
12.03 83,
12.22 99,
11.96 110,
12.79 118,
12.60 115,
11.80 108,
11.17 107,
12.15 109,
12.76 113,
12.46 115,
11.56 109,
11.02 100,
10.38 98,
10.28 96,
11.55 88,
11.58 89,
10.43 110,
9.72 110,
10.05 124,
10.98 148,
9.75 134,
12.72 126,
13.76 126,
15.05 118,
10.76 60,
9.63 61,
10.12 51,
10.70 51,
10.98 58,
12.65 66,
12.24 70,
12.00 66,
11.72 66,
11.09 53,
11.20 53,
11.40 53,
11.62 47,
11.55 47,
11.58 51,
11.91 62,
13.37 58,
14.50 43,
13.60 41,
12.75 36,
11.41 26,
10.68 18,
9.81 16,
9.06 22,
6.31 27,
5.97 26,
5.03 23,
2.66 34,
1.96 43,
1.86 50,
1.66 58,
1.72 62,
2.12 56,
3.23 51,
4.71 58,
6.42 56,
6.71 51,
5.77 58,
5.71 65,
7.85 68,
8.71 69,
7.92 71,
5.96 77,
5.59 97,
6.21 110,
7.72 105,
10.95 95,
15.88 99,
14.06 116,
12.73 130,
10.15 148,
11.67 160,
14.27 147,
13.87 106,
13.80 85,
11.98 92,
11.46 110,
11.46 114,
12.85 106,
13.16 99,
14.94 112,
15.76 140,
19.99 172,
13.93 202,
13.92 165,
13.97 159,
16.12 134,
16.60 99,
15.86 84,
14.94 64,
15.27 49,
13.42 49,
14.85 50,
12.24 71,
11.07 99,
11.44 85,
13.41 59,
12.81 60,
14.28 72,
16.66 83,
14.35 92,
20.43 114,
18.29 76,
15.50 48,
16.66 36,
17.90 37,
18.59 26,
10.70 36,
18.46 85,
12.69 109,
18.35 161,
17.42 28,
16.34 25,
17.64 54,
16.80 47,
16.29 33,
15.61 27,
15.18 20,
15.06 21,
15.36 28,
15.36 34,
15.01 51,
14.18 68,
13.52 93,
13.78 104,
12.87 100,
12.93 95,
13.29 85,
12.94 78,
12.12 75,
11.99 91,
11.98 116,
13.42 107,
12.73 80,
12.91 93,
12.91 98,
11.96 96,
11.14 93,
10.71 88,
10.72 91,
10.43 93,
10.94 97,
11.92 101,
12.50 100,
12.44 93,
10.91 80,
9.40 70,
9.65 69,
10.39 74,
10.57 76,
10.84 88,
11.06 104,
10.95 124,
11.25 135,
13.18 119,
10.86 60,
10.54 54,
10.48 65,
10.53 89,
12.34 96,
13.12 84,
14.99 51,
12.25 68,
10.88 55,
10.88 53,
11.36 59,
11.86 61,
12.80 63,
13.29 62,
11.17 63,
14.89 89,
13.86 76,
12.66 65,
13.00 54,
11.79 46,
10.84 38,
9.97 32,
9.24 32,
9.81 37,
8.76 38,
7.81 31,
6.09 28,
5.15 18,
5.10 8,
4.72 18,
4.65 32,
5.15 47,
5.27 61,
4.93 71,
2.10 74,
4.00 77,
5.98 77,
7.88 68,
6.97 59,
6.41 49,
7.12 52,
10.43 52,
10.52 60,
8.58 80,
7.41 93,
6.51 96,
8.61 95,
10.88 83,
13.27 66,
13.91 80,
10.67 103,
9.98 121,
9.47 103,
10.34 102,
9.72 105,
10.92 105,
11.86 115,
11.59 131,
12.11 157,
12.58 206,
12.68 241,
11.49 173,
13.67 185,
16.11 187,
9.47 178,
10.40 146,
12.34 130,
15.67 101,
14.54 76,
12.90 93,
14.93 93,
15.68 62,
14.58 58,
14.02 88,
14.84 124,
16.34 158,
23.81 155,
10.31 91,
18.96 73,
17.36 48,
19.51 60,
19.92 57,
15.19 39,
14.78 38,
15.65 58,
15.82 28,
15.10 64,
15.62 57,
10.84 95,
41.76 94,
15.67 222,
20.65 209,
15.06 211,
22.02 186,
25.80 37,
11.02 88,
13.77 67,
20.58 86,
16.82 59,
13.41 89,
17.88 84,
14.02 58,
26.02 66,
20.28 76,
17.52 112,
16.52 126,
16.86 128,
14.22 109,
12.46 115,
12.21 123,
13.76 130,
14.60 121,
13.83 102,
12.27 80,
11.43 66,
12.70 81,
12.37 95,
11.96 100,
11.99 97,
11.13 92,
10.18 84,
9.40 79,
8.94 76,
8.97 81,
9.24 95,
9.94 107,
11.53 109,
12.14 127,
12.31 120,
12.23 107,
10.64 107,
11.10 102,
11.25 96,
11.01 86,
10.31 80,
10.35 76,
9.96 69,
10.20 63,
10.57 60,
11.04 59,
10.73 58,
11.70 74,
11.17 98,
11.53 118,
17.05 105,
12.75 47,
14.28 74,
13.67 70,
13.24 70,
12.15 63,
12.18 49,
12.32 48,
11.47 41,
10.09 44,
10.37 32,
11.32 47,
11.17 47,
11.51 46,
11.56 44,
12.36 39,
13.05 35,
13.58 28,
13.18 20,
13.24 17,
13.37 14,
14.12 25,
14.06 36,
13.80 44,
13.86 45,
12.74 35,
11.70 22,
11.94 10,
11.14 3,
10.17 3,
9.20 5,
7.73 7,
7.29 7,
6.83 5,
6.18 9,
4.01 20,
3.96 33,
4.04 45,
5.77 50,
7.56 43,
8.72 31,
9.63 27,
10.86 29,
9.69 39,
9.01 48,
8.67 59,
8.58 68,
9.11 71,
9.63 74,
8.93 80,
8.76 84,
9.41 82,
9.35 84,
8.44 91,
7.68 94,
7.09 93,
7.03 94,
9.44 94,
10.99 106,
11.05 143,
13.11 126,
10.71 138,
9.87 158,
15.44 189,
10.52 135,
11.43 93,
12.89 101,
14.09 138,
13.67 209,
9.04 272,
8.67 202,
13.18 124,
17.53 105,
12.10 98,
12.21 94,
12.80 99,
12.07 97,
11.44 97,
13.27 86,
15.29 81,
11.99 113,
13.46 146,
15.71 130,
18.06 120,
17.28 126,
16.43 127,
16.80 105,
14.24 80,
15.85 41,
16.23 33,
14.63 44,
14.23 53,
13.62 58,
14.39 52,
16.52 50,
17.27 64,
18.99 70,
19.02 67,
20.07 57,
20.37 37,
19.29 15,
15.21 44,
15.17 41,
16.53 89,
14.45 165,
17.93 124,
17.99 43,
12.74 34,
14.52 22,
14.83 32,
14.79 40,
15.60 56,
15.78 72,
13.38 95,
11.93 108,
12.52 114,
13.30 114,
12.28 118,
13.44 108,
12.24 98,
10.23 101,
12.81 120,
12.00 125,
11.38 109,
11.99 117,
11.41 122,
10.51 116,
9.98 114,
9.95 115,
10.80 117,
10.85 119,
11.31 118,
11.88 110,
11.56 105,
10.40 99,
9.38 89,
9.86 80,
10.37 85,
10.64 88,
10.29 99,
10.62 127,
10.72 152,
11.42 163,
10.89 142,
10.43 79,
10.36 90,
12.00 84,
13.80 55,
10.95 43,
11.32 47,
11.36 48,
12.71 55,
13.20 60,
11.93 52,
12.51 40,
12.73 30,
11.78 34,
11.63 25,
12.37 23,
13.01 29,
13.17 37,
11.56 31,
11.72 11,
10.93 25,
8.87 47,
9.77 46,
12.49 28,
13.68 6,
13.34 9,
13.70 5,
14.15 18,
12.59 21,
12.06 32,
13.41 48,
13.44 54,
13.48 44,
14.48 31,
15.20 32,
15.50 29,
13.40 28,
12.71 34,
13.54 42,
13.30 46,
11.22 58,
12.13 66,
13.13 67,
13.44 64,
12.58 60,
11.13 59,
10.70 64,
10.42 77,
10.10 91,
9.96 97,
9.89 94,
11.06 89,
10.98 86,
10.75 83,
10.04 83,
10.49 84,
11.01 82,
11.70 79,
12.17 76,
12.36 76,
11.67 80,
10.91 84,
9.62 88,
9.27 89,
9.52 90,
10.34 93,
11.41 93,
11.65 93,
11.96 96,
11.04 104,
10.22 107,
9.29 111,
9.47 115,
10.23 111,
10.50 105,
10.54 116,
9.97 124,
9.60 124,
9.46 124,
9.12 119,
8.65 114,
8.82 114,
8.65 116,
8.79 115,
9.54 114,
11.15 119,
11.90 125,
12.52 132,
13.23 138,
12.80 143,
12.04 145,
12.62 138,
11.62 122,
12.04 112,
12.71 111,
12.22 112,
11.38 107,
11.33 98,
11.29 88,
11.05 83,
8.44 86,
8.41 92,
8.68 108,
16.63 124,
6.85 118,
7.69 54,
8.10 31,
9.03 17,
9.37 21,
9.49 30,
9.84 42,
12.60 51,
13.70 49,
13.55 31,
11.58 32,
11.58 49,
12.19 61,
12.67 52,
15.40 33,
17.84 77,
20.48 117,
22.78 143,
26.73 154,
35.07 97,
26.35 39,
22.72 119,
17.94 137,
17.06 115,
16.36 89,
14.61 76,
14.09 79,
14.38 86,
16.06 90,
16.78 97,
17.25 98,
17.37 97,
17.79 94,
15.84 92,
17.58 75,
17.20 71,
15.18 84,
19.55 61,
15.39 63,
13.16 115,
13.62 110,
14.02 92,
14.15 86,
14.04 85,
13.11 80,
13.01 79,
13.52 87,
14.41 100,
15.62 109,
15.83 115,
15.36 119,
14.49 125,
14.23 133,
16.29 141,
15.67 131,
16.55 142,
16.37 139,
16.13 131,
15.74 126,
16.47 119,
16.72 109,
16.34 108,
15.89 109,
15.65 109,
15.29 110,
14.76 113,
12.99 117,
13.06 126,
13.27 126,
13.25 122,
13.76 114,
13.69 107,
13.54 105,
13.33 108,
12.65 107,
12.21 107,
11.57 104,
10.51 101,
10.30 101,
10.23 104,
9.80 109,
9.87 117,
9.86 127,
10.33 136,
10.87 141,
10.20 143,
10.07 138,
10.34 134,
10.22 135,
9.30 139,
9.77 140,
9.90 139,
9.92 137,
10.24 133,
10.01 127,
10.27 123,
10.40 115,
10.16 106,
9.99 97,
9.67 90,
10.23 93,
10.78 119,
10.66 147,
11.18 161,
11.20 170,
11.58 177,
11.86 184,
12.16 190,
12.19 196,
12.47 204,
12.44 213,
12.95 228,
13.10 244,
13.01 257,
13.84 258,
13.99 245,
13.52 219,
11.72 230,
13.02 266,
30.35 272,
17.74 176,
19.34 154,
18.91 157,
18.19 158,
17.70 153,
17.54 150,
17.20 146,
16.92 138,
16.78 131,
16.65 123,
16.51 122,
16.35 124,
15.97 125,
15.27 127,
14.96 127,
14.72 125,
14.40 122,
13.92 119,
14.38 114,
14.71 108,
14.91 148,
10.51 182,
11.60 167,
12.27 124,
12.46 118,
12.51 120,
12.37 122,
12.27 123,
12.08 121,
12.37 113,
12.59 104,
12.95 93,
13.03 82,
13.13 76,
13.14 76,
13.14 82,
13.43 93,
14.14 106,
14.87 120,
13.31 128,
12.84 131,
12.79 128,
13.15 125,
13.67 123,
13.53 120,
13.44 115,
13.22 116,
13.23 122,
13.24 127,
13.19 131,
13.07 134,
13.05 137,
12.90 140,
12.43 141,
11.21 140,
11.00 138,
10.79 137,
10.80 139,
11.02 141,
10.97 141,
10.84 138,
10.92 132,
10.79 125,
10.88 119,
10.86 114,
10.69 112,
10.58 112,
10.37 111,
10.10 107,
9.92 101,
9.94 97,
10.16 94,
10.45 92,
10.62 90,
10.75 86,
11.16 82,
11.46 77,
11.34 75,
11.22 74,
11.50 72,
11.17 64,
11.28 59,
11.38 56,
11.41 53,
11.09 51,
10.88 49,
10.70 47,
10.45 44,
10.35 43,
10.31 42,
10.28 40,
10.54 38,
10.82 36,
10.85 33,
10.59 30,
10.45 27,
11.02 28,
11.61 21,
11.84 18,
11.25 22,
11.01 32,
10.68 33,
10.76 33,
11.20 29,
11.43 26,
11.52 22,
11.87 20,
11.80 18,
11.66 19,
11.36 17,
11.48 17,
12.26 17,
11.65 19,
11.66 21,
11.21 25,
10.97 26,
10.96 25,
11.09 23,
11.35 20,
11.57 18,
11.77 16,
12.17 14,
12.26 13,
12.30 13,
12.20 14,
12.12 15,
12.29 15,
12.00 14,
12.13 14,
11.93 12,
12.01 11,
12.52 9,
11.43 6,
11.76 10,
10.98 8,
10.83 9,
10.79 8,
10.99 9,
11.21 13,
11.53 13,
11.69 14,
11.81 13,
11.89 11,
11.79 8,
11.69 5,
11.58 3,
11.44 3,
11.36 4,
11.37 5,
11.33 5,
11.36 5,
11.49 7,
11.48 9,
11.23 9,
11.24 4,
11.39 7,
11.60 5,
11.82 8,
11.74 8,
11.47 7,
11.34 7,
11.31 8,
11.54 10,
11.35 12,
11.17 12,
11.70 14,
11.80 15,
11.57 14,
11.72 13,
11.40 11,
11.42 11,
11.55 11,
11.59 9,
11.52 9,
11.34 10,
11.21 10,
11.16 11,
11.26 10,
11.33 9,
11.28 9,
11.22 10,
11.21 10,
11.25 9,
11.29 8,
11.33 6,
11.33 7,
11.32 6,
11.37 6,
11.32 5,
11.29 5,
11.25 5,
11.27 5,
11.23 5,
11.23 5,
11.15 5,
11.10 5,
11.21 5,
11.25 6,
11.33 6,
11.32 6,
11.33 6,
11.36 5,
11.41 5,
11.40 4,
11.38 3,
11.41 4,
11.68 6,
11.66 7,
11.69 9,
11.76 9,
12.04 9,
11.98 6,
11.78 7,
11.68 12,
11.56 17,
11.30 16,
11.32 14,
11.24 13,
10.92 10,
10.98 8,
11.29 6,
11.86 9,
11.60 7,
11.32 8,
11.37 8,
11.74 6,
11.57 5,
11.32 5,
11.07 5,
11.05 5,
11.18 5,
11.32 4,
11.49 4,
11.48 3,
11.45 3,
11.53 2,
11.50 1,
11.50 2,
11.53 2,
11.48 1,
11.50 1,
11.50 2,
11.62 3,
11.68 4,
11.66 4,
11.62 4,
11.58 4,
11.63 5,
11.65 6,
11.59 5,
11.58 5,
11.51 5,
11.47 5,
11.46 5,
11.48 5,
11.50 6,
ex,