11.15 19,
10.81 19,
10.72 6,
10.78 8,
11.73 10,
11.89 10,
12.12 12,
12.39 11,
12.31 6,
11.85 3,
11.67 3,
11.92 4,
12.18 5,
12.27 6,
12.21 6,
12.44 6,
12.58 8,
12.47 8,
12.39 9,
12.21 12,
12.06 13,
11.98 15,
11.85 17,
11.77 21,
11.79 21,
11.72 20,
11.84 15,
11.91 10,
11.95 8,
11.96 7,
11.78 6,
11.61 7,
11.44 12,
11.59 13,
12.29 11,
12.82 9,
12.68 9,
12.86 9,
13.01 10,
13.20 14,
13.31 17,
13.31 17,
13.13 17,
13.16 18,
12.76 20,
12.50 23,
12.71 25,
12.69 29,
12.77 34,
12.90 36,
13.13 37,
13.19 39,
13.21 38,
12.97 36,
12.92 34,
12.97 32,
12.47 31,
11.99 31,
11.80 30,
11.80 27,
12.03 22,
11.84 18,
11.79 22,
11.76 24,
11.68 22,
11.52 19,
11.52 16,
11.85 18,
12.18 19,
12.72 20,
12.81 23,
13.27 23,
13.48 22,
13.64 22,
13.35 24,
13.18 25,
13.02 25,
12.92 25,
12.84 24,
12.84 22,
12.80 20,
12.71 20,
12.61 20,
12.51 18,
12.50 17,
12.58 15,
12.45 14,
12.57 15,
12.65 16,
12.65 17,
12.67 17,
12.69 17,
12.76 18,
12.79 19,
12.76 20,
12.74 20,
12.77 18,
12.81 16,
12.60 13,
12.46 10,
12.59 2,
12.92 4,
13.19 8,
13.19 9,
13.19 8,
13.09 3,
12.98 2,
12.85 5,
13.00 11,
13.19 13,
13.28 14,
13.16 13,
13.20 11,
13.16 7,
13.09 2,
12.78 4,
12.70 6,
12.68 7,
12.73 9,
12.68 12,
12.72 13,
12.64 15,
12.62 14,
12.83 13,
12.75 11,
12.76 11,
12.75 12,
12.69 11,
12.76 10,
12.74 11,
12.79 12,
12.84 14,
12.88 15,
12.81 14,
12.65 12,
12.48 9,
12.40 6,
12.41 4,
12.45 3,
12.49 4,
12.69 7,
12.82 12,
12.91 15,
12.85 15,
12.77 14,
12.71 12,
12.78 11,
12.81 9,
12.75 6,
12.59 5,
12.59 4,
12.66 5,
12.90 7,
12.80 7,
12.74 5,
12.77 6,
13.22 5,
13.36 5,
13.27 2,
12.99 2,
12.47 13,
12.18 12,
12.18 12,
12.00 3,
12.10 5,
12.58 5,
12.82 7,
12.67 7,
12.63 6,
12.25 9,
12.00 10,
12.34 6,
12.25 4,
12.33 5,
12.40 7,
12.66 7,
12.88 6,
12.85 5,
12.91 5,
12.86 3,
12.83 5,
12.69 6,
12.57 6,
12.43 4,
12.39 3,
12.32 3,
12.47 4,
12.45 4,
12.42 4,
12.38 4,
12.40 5,
12.46 5,
12.50 6,
12.60 5,
12.51 5,
12.51 5,
12.47 5,
12.45 5,
12.45 6,
12.46 6,
12.52 6,
12.56 6,
12.57 6,
12.59 5,
12.73 4,
12.65 4,
12.51 6,
12.52 9,
12.32 11,
12.57 10,
12.67 5,
12.87 4,
12.73 5,
12.59 8,
12.50 7,
12.33 7,
12.11 6,
12.12 5,
12.31 5,
12.65 6,
12.66 7,
12.84 6,
12.88 4,
12.66 3,
12.52 6,
12.55 7,
12.20 7,
12.07 7,
12.17 7,
12.27 7,
12.37 5,
12.47 3,
12.37 3,
12.36 4,
12.26 4,
12.25 3,
12.35 2,
12.43 2,
12.48 3,
12.47 3,
12.60 4,
12.56 4,
12.63 3,
12.71 1,
12.72 2,
12.79 2,
12.80 3,
12.68 3,
12.66 3,
12.66 2,
12.67 0,
12.67 1,
12.69 1,
12.65 2,
12.67 2,
12.58 2,
12.55 2,
12.57 2,
12.55 1,
12.57 3,
12.52 4,
12.49 2,
12.56 3,
12.49 6,
12.53 4,
12.57 3,
12.58 5,
12.48 4,
12.34 4,
12.25 3,
12.23 4,
11.96 4,
12.01 5,
12.16 6,
12.33 6,
12.54 5,
12.62 3,
12.75 4,
12.90 4,
12.95 7,
13.07 8,
13.09 8,
13.18 7,
13.15 7,
13.16 6,
13.04 5,
12.92 4,
12.86 4,
12.70 5,
12.45 6,
12.49 7,
12.59 8,
12.63 9,
12.92 10,
13.02 10,
13.11 9,
13.16 8,
13.23 7,
13.33 6,
13.39 7,
13.42 9,
13.49 13,
13.52 15,
13.53 17,
13.42 18,
13.64 19,
13.25 20,
13.08 21,
12.70 23,
12.62 26,
12.57 27,
12.67 26,
12.93 25,
13.07 26,
13.05 26,
13.20 26,
12.96 26,
13.06 30,
13.42 37,
13.47 42,
13.06 43,
12.56 38,
11.15 50,
8.79 83,
9.74 119,
10.34 153,
10.75 166,
11.16 159,
11.83 135,
11.70 110,
14.40 95,
15.86 82,
18.42 34,
17.62 50,
6.25 16,
5.59 33,
6.07 33,
7.95 27,
10.80 32,
12.32 34,
14.97 37,
17.16 34,
17.54 41,
17.64 51,
16.74 51,
13.53 47,
12.45 44,
11.33 43,
10.94 44,
8.86 55,
8.17 69,
8.20 76,
9.01 79,
11.33 87,
12.18 95,
12.96 103,
12.73 109,
12.82 106,
12.91 97,
13.03 84,
13.03 69,
13.00 58,
12.69 50,
12.31 40,
13.34 28,
13.93 18,
14.04 13,
14.37 10,
14.65 8,
15.02 9,
15.27 12,
15.62 14,
16.33 17,
17.00 22,
16.61 29,
16.31 36,
16.05 38,
14.88 43,
14.58 43,
15.48 44,
15.77 43,
15.90 44,
15.89 47,
16.13 52,
16.27 53,
16.14 55,
15.89 56,
15.71 56,
15.61 56,
15.43 54,
15.05 51,
16.51 53,
16.95 50,
16.82 52,
16.30 57,
16.32 59,
16.14 56,
16.19 52,
15.69 49,
15.49 54,
15.59 60,
16.41 63,
17.28 68,
17.50 68,
17.18 66,
16.81 67,
16.37 68,
16.05 72,
14.72 74,
14.39 77,
14.04 78,
13.31 81,
12.51 88,
12.04 95,
11.62 99,
11.31 103,
9.83 104,
9.22 107,
8.55 109,
7.33 110,
6.79 110,
6.24 107,
6.00 104,
5.57 100,
5.20 95,
4.78 90,
4.27 86,
2.84 81,
2.87 79,
2.73 75,
2.96 73,
3.87 69,
3.95 59,
3.76 49,
3.16 46,
2.70 45,
2.34 45,
3.01 46,
3.39 37,
3.03 32,
4.34 42,
6.66 51,
10.84 55,
13.45 56,
17.07 54,
26.51 50,
27.10 42,
30.10 76,
33.75 100,
34.99 93,
32.46 121,
33.79 131,
32.62 145,
30.34 190,
28.02 177,
28.34 206,
25.95 244,
20.76 247,
18.14 232,
16.78 210,
14.28 182,
11.65 189,
9.71 199,
7.98 196,
7.49 185,
7.50 184,
6.25 179,
5.81 164,
6.47 157,
6.44 157,
6.55 156,
6.82 143,
7.28 154,
7.74 164,
7.82 168,
8.32 169,
8.50 169,
8.21 171,
7.60 170,
7.61 166,
7.73 159,
7.87 154,
7.76 150,
7.77 149,
8.60 155,
9.17 165,
9.81 183,
10.70 210,
10.22 262,
9.43 287,
9.22 288,
11.55 262,
13.48 237,
14.14 242,
13.60 270,
13.38 288,
12.49 297,
14.20 296,
10.83 308,
10.56 306,
9.24 284,
9.68 247,
7.05 224,
11.89 215,
8.23 215,
10.35 231,
7.68 282,
9.36 348,
2.87 333,
2.51 387,
11.30 361,
14.06 265,
22.86 146,
23.65 145,
27.47 221,
32.39 238,
27.73 185,
33.23 125,
21.74 169,
14.45 411,
6.90 629,
28.88 397,
39.57 103,
54.22 210,
60.50 130,
25.84 312,
17.54 116,
25.42 103,
26.06 190,
27.27 192,
23.13 167,
22.55 189,
17.38 212,
17.14 205,
22.30 155,
23.02 100,
20.92 87,
16.36 79,
16.12 67,
14.80 72,
14.56 61,
16.65 44,
16.00 44,
13.68 76,
14.36 88,
10.35 73,
8.88 93,
9.60 103,
12.97 81,
12.59 101,
10.64 57,
8.11 64,
11.27 64,
7.41 53,
9.26 66,
8.67 62,
10.52 60,
7.66 52,
9.89 56,
10.06 33,
10.50 21,
10.62 25,
13.22 37,
14.34 34,
13.90 23,
14.45 16,
14.55 11,
14.69 11,
14.53 15,
14.41 17,
14.31 17,
14.32 14,
13.82 15,
13.52 17,
13.27 18,
12.87 17,
12.88 17,
12.93 18,
12.52 20,
12.18 21,
12.01 18,
11.66 15,
11.48 16,
10.88 14,
10.86 7,
10.13 9,
9.82 6,
10.01 3,
10.23 4,
10.55 11,
11.31 13,
11.64 13,
11.66 13,
11.64 15,
11.46 16,
11.56 17,
11.86 16,
12.14 15,
12.74 15,
13.02 13,
12.70 12,
12.46 12,
12.68 15,
12.80 16,
13.00 17,
12.73 16,
12.46 15,
12.40 13,
12.30 11,
12.02 11,
12.04 9,
12.16 6,
11.94 7,
11.75 10,
11.62 11,
11.52 11,
11.43 10,
11.34 9,
11.39 8,
11.45 6,
11.60 4,
11.59 3,
11.53 1,
11.45 1,
11.65 1,
11.82 0,
11.91 1,
12.02 2,
11.99 2,
12.04 3,
12.17 3,
12.06 3,
12.00 3,
11.90 2,
11.97 2,
11.99 2,
12.02 2,
11.99 1,
11.97 1,
11.93 1,
11.81 1,
11.83 1,
11.81 1,
11.87 1,
11.91 0,
11.94 1,
12.00 1,
11.91 1,
11.81 2,
11.76 2,
11.74 1,
11.76 1,
11.86 0,
11.93 0,
12.05 1,
12.16 3,
12.16 4,
11.92 1,
11.70 0,
11.95 1,
12.20 2,
12.25 2,
11.80 2,
11.78 2,
11.81 2,
11.88 1,
11.75 2,
11.62 3,
11.54 3,
11.64 3,
11.78 2,
11.93 2,
11.97 2,
11.94 3,
11.92 2,
11.91 2,
11.88 2,
11.85 1,
11.85 1,
11.86 0,
11.87 0,
11.84 0,
11.91 1,
11.91 1,
11.95 1,
11.94 1,
11.86 0,
11.85 0,
11.82 0,
11.81 0,
11.81 0,
11.83 0,
11.84 0,
11.80 0,
11.79 0,
11.73 0,
11.77 0,
11.78 0,
11.77 0,
11.75 1,
11.80 0,
11.82 1,
11.86 1,
11.85 1,
11.87 1,
11.87 1,
11.91 1,
11.89 1,
11.78 1,
12.15 2,
12.27 2,
12.42 1,
12.43 1,
12.53 4,
11.85 2,
12.13 1,
12.42 0,
12.44 2,
12.22 3,
12.04 2,
12.11 2,
12.29 2,
12.18 1,
12.10 0,
12.12 0,
12.18 1,
12.17 1,
12.14 1,
12.11 1,
12.15 1,
12.20 1,
12.22 0,
12.27 0,
12.23 0,
12.23 0,
12.19 0,
12.18 0,
12.17 1,
12.18 1,
12.22 1,
12.22 1,
12.19 0,
12.17 0,
12.20 0,
12.21 1,
12.27 1,
12.27 0,
12.20 0,
12.25 0,
12.29 0,
12.22 0,
12.21 0,
12.16 0,
12.14 0,
12.18 0,
12.20 0,
12.22 0,
12.22 0,
12.26 0,
12.19 0,
12.19 0,
12.18 1,
12.22 1,
12.21 1,
12.19 1,
12.16 1,
12.09 1,
12.05 1,
12.12 1,
12.21 1,
12.36 1,
12.11 3,
11.81 2,
12.27 2,
12.55 1,
12.55 1,
12.31 2,
12.16 0,
12.17 0,
12.29 1,
12.20 0,
12.14 1,
12.19 0,
12.27 1,
12.26 1,
12.16 1,
12.14 1,
12.07 1,
12.18 1,
12.21 1,
12.22 0,
12.26 0,
12.22 0,
12.18 0,
12.21 0,
12.16 0,
12.11 0,
12.13 1,
12.14 1,
12.26 0,
12.18 1,
12.20 0,
12.21 0,
12.18 0,
12.16 0,
12.13 0,
12.11 0,
12.13 0,
12.15 0,
12.14 0,
12.14 0,
12.16 0,
12.17 0,
12.20 0,
12.15 0,
12.14 0,
12.16 1,
12.20 0,
12.25 0,
12.28 0,
12.35 0,
12.27 0,
12.24 0,
12.29 0,
12.22 0,
12.11 0,
12.09 0,
12.10 0,
12.20 0,
12.38 0,
12.45 1,
12.07 3,
11.90 0,
12.22 1,
12.51 1,
12.49 2,
12.07 1,
12.04 0,
12.19 1,
12.21 0,
12.08 0,
12.13 0,
12.18 0,
12.24 1,
12.15 1,
12.13 1,
12.09 0,
12.20 0,
12.21 0,
12.24 0,
12.27 0,
12.17 0,
12.14 0,
12.22 0,
12.23 0,
12.25 0,
12.13 0,
12.14 0,
12.25 0,
12.19 0,
12.16 0,
12.10 0,
12.16 0,
12.17 0,
12.21 0,
12.14 0,
12.14 0,
12.12 0,
12.13 0,
12.16 0,
12.17 0,
12.14 0,
12.19 0,
12.16 0,
12.14 0,
12.17 0,
12.15 0,
12.22 0,
12.23 0,
12.18 0,
12.23 0,
12.24 0,
12.26 0,
12.32 0,
12.25 0,
12.30 0,
12.24 1,
12.17 1,
12.08 0,
12.22 0,
12.30 1,
12.30 1,
12.26 2,
12.02 2,
11.87 1,
11.93 1,
12.42 2,
12.40 3,
12.26 1,
12.05 1,
12.12 1,
12.21 1,
12.13 1,
12.03 1,
12.10 0,
12.21 0,
12.22 1,
12.12 0,
12.09 0,
12.14 0,
12.16 0,
12.25 0,
12.25 0,
12.20 0,
12.20 0,
12.14 0,
12.17 0,
12.18 0,
12.17 0,
12.08 0,
12.15 0,
12.26 0,
12.21 0,
12.26 0,
12.18 0,
12.13 0,
12.17 0,
12.21 0,
12.15 0,
12.18 0,
12.08 0,
12.10 0,
12.11 0,
12.16 0,
12.21 0,
12.17 0,
12.17 0,
12.20 0,
12.16 0,
12.12 0,
12.11 0,
12.20 0,
12.25 0,
12.25 0,
12.27 1,
12.19 1,
12.17 1,
12.17 1,
12.12 0,
12.09 0,
12.12 0,
12.17 1,
12.20 1,
12.38 1,
12.13 2,
11.90 2,
12.20 2,
12.48 2,
12.52 2,
12.12 2,
12.05 1,
12.08 1,
12.19 1,
12.07 2,
12.06 1,
12.10 1,
12.18 1,
12.29 0,
12.26 0,
12.20 1,
12.09 1,
12.06 1,
12.12 1,
12.15 1,
12.27 2,
12.28 2,
12.32 3,
12.36 4,
12.46 6,
12.33 7,
12.21 7,
12.21 7,
12.12 6,
12.05 6,
11.97 5,
12.06 5,
12.09 5,
12.19 5,
12.19 5,
12.20 6,
12.21 6,
12.23 5,
12.24 6,
12.12 5,
12.05 4,
11.98 4,
12.21 4,
12.32 3,
12.39 3,
12.50 3,
12.21 4,
12.09 4,
12.00 5,
11.74 5,
12.06 6,
12.48 9,
12.81 11,
12.97 11,
12.65 11,
12.47 10,
12.20 9,
11.53 7,
11.41 6,
11.50 5,
11.60 3,
11.68 3,
11.58 3,
11.57 3,
11.80 3,
12.32 3,
12.26 4,
12.16 4,
12.15 2,
12.17 1,
12.20 2,
12.02 1,
11.97 1,
12.04 2,
12.13 2,
12.14 1,
12.16 1,
12.20 1,
12.26 1,
12.26 1,
12.21 1,
12.19 1,
12.23 1,
12.26 1,
12.16 2,
12.09 2,
12.04 2,
11.94 2,
12.02 2,
12.05 2,
12.07 2,
11.96 2,
12.05 1,
12.05 1,
12.07 1,
12.08 2,
12.05 2,
12.02 2,
12.02 2,
12.04 1,
12.09 1,
12.03 1,
12.03 0,
12.02 0,
12.06 0,
12.08 0,
12.05 1,
12.06 1,
12.06 1,
12.04 1,
12.06 1,
12.11 1,
12.11 1,
12.21 2,
12.25 2,
12.23 2,
12.14 2,
12.11 2,
12.09 2,
12.04 2,
12.22 2,
12.30 2,
12.19 2,
11.89 2,
12.01 2,
12.18 2,
12.30 0,
12.23 0,
12.03 1,
12.04 0,
12.00 1,
11.83 1,
11.88 2,
11.86 3,
11.93 7,
12.13 11,
12.11 12,
12.13 10,
12.19 8,
12.12 5,
12.07 4,
12.09 3,
12.10 3,
11.91 2,
11.94 1,
12.03 2,
12.01 2,
12.01 1,
12.00 2,
12.08 1,
11.96 2,
11.94 1,
11.88 1,
11.84 2,
11.81 2,
11.96 2,
11.98 2,
12.04 2,
12.03 2,
12.02 2,
11.92 2,
11.92 1,
11.98 1,
12.02 1,
12.12 1,
12.11 1,
11.97 1,
11.94 2,
11.98 2,
11.89 2,
11.94 3,
11.94 3,
12.03 3,
12.01 3,
11.96 3,
11.95 2,
11.88 2,
11.76 2,
11.77 2,
11.72 2,
11.79 4,
11.96 6,
12.09 7,
11.94 5,
11.80 5,
11.90 9,
12.10 17,
12.03 16,
12.52 14,
10.49 14,
11.72 8,
11.84 6,
11.80 6,
11.88 5,
11.96 5,
11.98 4,
12.05 3,
11.92 3,
11.87 3,
11.83 3,
11.75 3,
11.80 2,
11.80 2,
11.74 2,
11.75 2,
11.74 2,
11.77 2,
11.65 2,
11.66 2,
11.63 2,
11.69 1,
11.64 1,
11.57 1,
11.57 1,
11.61 1,
11.66 1,
11.63 1,
11.65 1,
11.68 1,
11.70 1,
11.75 2,
11.70 2,
11.66 2,
11.69 2,
11.70 1,
11.76 1,
11.77 1,
11.74 2,
11.78 2,
11.87 2,
11.87 1,
11.89 1,
11.79 1,
11.83 1,
11.78 1,
11.76 2,
11.70 2,
11.67 2,
11.69 2,
11.81 2,
11.98 1,
11.85 0,
11.64 2,
11.63 3,
11.94 3,
11.98 2,
11.92 1,
11.59 2,
11.68 2,
11.77 1,
11.80 1,
11.81 1,
11.85 1,
11.87 1,
11.93 1,
11.81 1,
11.77 1,
11.77 1,
11.82 1,
11.95 1,
11.92 1,
11.95 1,
11.84 1,
11.82 1,
11.80 1,
11.89 1,
11.88 1,
11.83 1,
11.84 1,
11.88 0,
11.79 0,
11.81 1,
11.79 1,
11.79 1,
11.78 1,
11.78 1,
11.81 1,
11.81 2,
11.84 1,
11.84 1,
11.81 1,
11.88 1,
11.85 1,
11.86 1,
11.91 1,
11.94 1,
11.94 1,
11.93 1,
11.96 1,
11.97 1,
11.92 1,
11.96 0,
11.90 1,
11.94 1,
11.94 1,
11.94 1,
11.90 1,
11.87 0,
11.81 1,
11.91 1,
12.02 1,
12.00 2,
11.82 1,
11.72 0,
11.84 0,
12.06 0,
12.08 1,
11.71 1,
11.57 1,
11.69 1,
11.79 1,
11.78 1,
11.84 2,
11.98 2,
12.15 2,
12.16 3,
12.13 3,
11.98 2,
11.93 3,
11.97 3,
11.90 3,
11.89 3,
11.80 2,
11.81 2,
11.86 2,
11.85 2,
11.86 2,
11.71 1,
11.74 1,
11.84 1,
11.75 1,
11.73 1,
11.71 0,
11.76 1,
11.75 1,
11.72 0,
11.74 0,
11.77 0,
11.82 0,
11.81 0,
11.78 1,
11.81 1,
11.85 1,
11.86 1,
11.88 1,
11.91 1,
11.87 1,
11.89 1,
11.94 0,
11.99 0,
11.94 0,
11.86 0,
11.87 0,
11.91 0,
11.90 1,
11.86 1,
11.82 1,
11.78 1,
11.79 1,
11.81 1,
11.84 1,
11.80 0,
11.71 0,
11.69 0,
11.75 0,
11.81 1,
11.95 2,
11.79 1,
11.66 1,
11.86 1,
11.93 1,
11.78 1,
11.54 1,
11.61 1,
11.66 1,
11.73 1,
11.70 0,
11.70 1,
11.95 2,
12.03 3,
12.07 3,
11.99 2,
11.79 2,
11.77 1,
11.76 2,
11.73 2,
11.81 2,
11.70 2,
11.69 2,
11.79 2,
11.92 2,
12.13 7,
11.38 4,
11.80 2,
11.71 2,
11.70 2,
11.77 2,
11.71 2,
11.70 2,
11.61 2,
11.59 1,
11.63 1,
11.65 1,
11.66 1,
11.68 2,
11.68 2,
11.70 3,
11.68 5,
11.65 5,
11.67 4,
11.66 4,
11.68 3,
11.77 2,
11.72 1,
11.71 2,
11.68 1,
11.64 1,
11.68 0,
11.73 0,
11.78 0,
11.70 0,
11.62 0,
11.67 1,
11.61 1,
11.56 1,
11.62 0,
11.68 0,
11.68 0,
11.70 1,
11.69 1,
11.61 2,
11.57 1,
11.46 0,
11.63 1,
11.95 1,
11.80 1,
11.59 1,
11.44 1,
11.54 1,
11.59 1,
11.56 0,
11.66 0,
11.74 1,
11.70 1,
11.73 0,
11.65 1,
11.62 1,
11.65 1,
11.63 1,
11.70 1,
11.68 1,
11.64 2,
11.71 2,
11.78 3,
11.73 4,
11.67 4,
11.62 3,
11.55 4,
11.42 4,
11.51 4,
11.60 4,
11.54 4,
11.56 4,
11.57 3,
11.61 2,
11.55 2,
11.37 2,
11.15 2,
11.52 3,
12.14 2,
12.39 4,
12.76 5,
12.55 6,
12.34 3,
11.90 2,
11.46 3,
11.22 2,
11.12 3,
11.11 4,
11.35 5,
11.46 6,
11.71 6,
11.82 6,
11.84 5,
11.81 4,
11.74 4,
11.55 2,
11.71 2,
11.71 2,
11.70 1,
11.56 0,
11.42 2,
11.60 5,
12.03 4,
12.06 2,
11.95 1,
11.90 3,
11.77 3,
11.68 4,
11.53 3,
11.20 1,
11.44 4,
11.99 6,
12.76 6,
12.91 6,
12.52 10,
12.15 13,
11.88 13,
11.23 12,
11.07 10,
11.06 7,
11.14 4,
11.56 2,
11.69 1,
11.77 2,
11.74 2,
11.78 2,
11.81 2,
11.87 3,
11.83 4,
11.79 4,
11.72 3,
11.62 2,
11.18 1,
11.05 1,
11.36 3,
11.94 4,
13.09 6,
13.11 6,
13.26 6,
12.66 5,
12.55 6,
11.96 5,
12.00 5,
11.79 4,
11.88 3,
11.58 3,
11.30 3,
10.88 4,
10.78 5,
10.86 8,
11.47 10,
11.81 9,
11.87 5,
11.80 3,
11.67 3,
11.62 4,
ex,