11.64 2,
11.64 2,
11.63 2,
11.63 2,
11.63 2,
11.66 3,
11.73 3,
11.83 3,
11.75 5,
11.55 4,
11.37 4,
11.12 5,
11.40 6,
12.38 4,
12.34 5,
12.08 4,
11.37 2,
11.37 4,
11.49 6,
11.62 6,
11.68 5,
11.77 5,
11.92 5,
12.04 4,
11.86 3,
11.75 3,
11.70 3,
11.69 3,
11.65 2,
11.57 3,
11.52 3,
11.48 4,
11.60 4,
11.53 3,
11.46 3,
11.24 4,
11.26 5,
11.32 4,
11.39 3,
11.61 2,
11.72 2,
11.80 3,
12.02 3,
12.05 4,
12.04 3,
12.06 3,
11.89 3,
11.85 3,
11.79 4,
11.73 4,
11.57 4,
11.53 4,
11.53 3,
11.58 3,
11.58 3,
11.60 3,
11.59 3,
11.64 3,
11.64 4,
11.61 4,
11.61 4,
11.66 4,
11.74 3,
11.73 2,
11.60 1,
11.28 3,
11.27 7,
11.37 6,
12.03 5,
11.98 8,
11.55 8,
11.27 6,
11.38 4,
11.61 3,
11.70 2,
11.56 4,
11.67 4,
11.84 4,
11.86 5,
11.61 7,
11.51 8,
11.54 10,
11.56 11,
11.70 11,
11.70 12,
11.65 13,
11.53 12,
11.62 13,
11.57 14,
11.52 14,
11.40 13,
11.34 13,
11.40 12,
11.49 10,
11.68 9,
11.69 8,
11.75 8,
11.85 7,
11.91 6,
11.92 6,
11.86 6,
11.86 5,
11.96 4,
12.07 4,
12.09 4,
12.17 5,
12.13 5,
12.13 6,
12.07 7,
11.97 7,
11.96 7,
11.94 8,
11.91 8,
11.86 9,
11.83 9,
11.82 10,
11.90 9,
12.12 8,
11.92 7,
11.90 6,
11.78 8,
11.57 11,
11.63 10,
12.00 7,
11.95 4,
11.64 5,
11.47 8,
11.64 10,
12.05 11,
12.00 9,
11.87 7,
11.89 6,
12.05 6,
12.00 5,
11.89 4,
11.71 3,
11.64 3,
11.69 2,
11.75 3,
11.91 3,
11.97 2,
11.93 2,
12.04 4,
12.05 3,
12.03 3,
11.97 4,
11.97 6,
11.96 6,
11.98 5,
12.02 5,
11.93 5,
11.95 4,
11.98 4,
11.98 4,
12.05 5,
12.02 6,
11.97 7,
11.96 7,
11.93 8,
12.01 8,
12.05 8,
12.10 8,
12.10 8,
12.08 8,
12.03 8,
12.02 8,
11.99 8,
12.01 8,
12.00 7,
11.99 7,
11.97 8,
12.06 9,
12.10 10,
11.93 11,
11.78 5,
11.55 2,
12.17 3,
12.58 5,
12.48 5,
12.20 3,
11.95 1,
11.97 1,
11.96 4,
11.86 6,
11.90 8,
12.08 10,
12.28 10,
12.38 10,
12.26 9,
12.22 8,
12.06 6,
11.99 6,
12.05 6,
12.02 6,
11.97 6,
11.82 5,
12.01 6,
12.05 5,
11.87 5,
11.78 7,
11.78 6,
11.94 5,
11.89 5,
11.82 5,
11.77 5,
11.78 6,
11.85 5,
11.88 5,
11.93 5,
11.84 5,
11.80 4,
11.81 3,
11.83 3,
11.86 3,
11.89 3,
11.92 2,
11.93 3,
11.93 2,
11.85 2,
11.90 3,
11.87 2,
11.96 2,
11.93 2,
11.93 2,
11.94 2,
11.95 3,
12.12 4,
12.16 7,
11.88 6,
11.27 0,
11.15 3,
11.67 2,
12.39 4,
12.20 4,
11.98 4,
11.70 2,
11.73 2,
11.72 2,
11.68 3,
12.02 4,
12.19 4,
12.18 4,
12.03 3,
11.76 3,
11.77 3,
11.77 2,
11.75 2,
11.76 2,
11.73 2,
11.75 2,
11.80 2,
11.89 2,
11.95 2,
11.80 3,
11.75 3,
11.88 3,
11.86 2,
11.92 2,
11.82 2,
11.83 2,
11.88 2,
11.87 2,
11.86 3,
11.80 2,
11.76 2,
11.79 2,
11.82 2,
11.83 2,
11.83 2,
11.83 2,
11.84 2,
11.88 1,
11.88 1,
11.85 1,
11.83 1,
11.83 1,
11.82 1,
11.79 1,
11.77 1,
11.74 0,
11.79 0,
11.78 0,
11.78 0,
11.76 0,
11.79 0,
11.88 1,
12.00 2,
11.84 3,
11.57 0,
11.03 5,
11.21 6,
12.28 1,
12.35 3,
12.08 3,
11.83 1,
11.66 0,
11.63 2,
11.60 3,
11.63 4,
12.00 3,
12.12 3,
11.95 2,
11.68 2,
11.60 1,
11.61 2,
11.64 2,
11.68 3,
11.71 3,
11.74 3,
11.70 2,
11.85 2,
11.82 2,
11.81 2,
11.67 3,
11.74 4,
11.82 3,
11.85 2,
11.87 2,
11.85 2,
11.84 1,
11.89 1,
11.86 1,
11.82 2,
11.76 2,
11.75 2,
11.76 2,
11.80 2,
11.84 2,
11.85 2,
11.87 2,
11.91 2,
11.88 2,
11.87 2,
11.83 2,
11.89 2,
11.88 2,
11.88 2,
11.92 2,
11.93 2,
11.87 3,
11.82 3,
11.79 3,
11.82 3,
11.82 3,
11.92 2,
11.93 2,
11.91 2,
12.02 2,
12.10 3,
12.05 4,
11.88 3,
11.30 4,
11.51 6,
11.89 4,
12.31 5,
11.95 7,
11.75 5,
11.77 1,
12.07 1,
12.03 2,
11.95 4,
12.02 4,
12.25 3,
12.14 3,
11.92 3,
11.73 4,
11.76 3,
11.84 3,
11.86 3,
11.90 2,
11.91 2,
11.92 2,
12.05 2,
12.04 3,
11.97 2,
12.02 3,
11.97 4,
11.97 3,
12.05 3,
12.06 2,
12.07 1,
12.02 1,
12.07 2,
12.01 3,
11.99 3,
11.95 3,
11.90 3,
11.94 3,
11.97 2,
11.98 2,
11.95 2,
12.00 2,
12.02 2,
11.99 2,
12.03 2,
11.98 2,
12.04 2,
12.05 2,
12.05 2,
11.99 2,
11.96 2,
11.94 2,
11.96 2,
11.93 2,
11.97 2,
11.97 3,
12.02 3,
12.01 3,
12.07 3,
12.18 4,
12.05 6,
11.86 7,
11.77 3,
11.60 2,
12.19 1,
12.46 3,
12.17 5,
11.81 5,
11.85 4,
11.91 4,
11.99 3,
12.02 2,
12.10 2,
12.28 2,
12.34 3,
12.14 3,
11.90 2,
11.81 2,
11.85 1,
11.89 1,
11.95 1,
11.97 1,
11.85 1,
12.01 2,
12.07 3,
12.03 2,
12.02 1,
12.03 1,
12.10 2,
12.04 2,
12.07 2,
12.07 1,
12.06 0,
11.95 0,
11.96 1,
11.91 1,
11.87 2,
11.82 3,
11.81 3,
11.68 4,
11.65 5,
11.63 6,
11.61 6,
11.53 6,
11.47 6,
11.40 4,
11.42 3,
11.44 2,
11.43 3,
11.40 4,
11.39 4,
11.44 4,
11.47 4,
11.49 4,
11.52 4,
11.55 4,
11.62 4,
11.68 5,
11.67 5,
11.67 6,
11.61 6,
11.56 6,
11.58 6,
11.64 5,
11.58 5,
11.45 6,
11.22 12,
11.01 14,
11.56 9,
11.81 8,
11.52 10,
11.10 11,
11.09 9,
11.13 9,
11.01 10,
11.17 10,
11.54 9,
11.79 8,
11.75 11,
11.56 13,
11.43 15,
11.38 16,
11.37 17,
11.43 18,
11.42 20,
11.43 21,
11.42 22,
11.54 24,
11.63 25,
11.54 25,
11.43 26,
11.51 28,
11.57 29,
11.72 31,
11.70 32,
11.77 34,
11.86 37,
11.85 40,
11.78 42,
11.64 45,
11.29 48,
11.22 49,
11.13 49,
11.00 50,
10.95 50,
10.97 51,
11.08 52,
11.16 55,
11.03 57,
11.07 59,
11.18 61,
11.23 63,
11.39 66,
11.39 69,
11.52 70,
11.32 71,
11.87 73,
11.82 74,
11.76 76,
11.83 79,
11.75 81,
11.69 85,
11.76 89,
11.30 92,
11.04 94,
11.05 94,
11.38 94,
11.58 96,
11.37 98,
11.17 102,
11.59 107,
11.54 109,
11.15 115,
10.76 125,
10.78 130,
11.02 126,
11.00 121,
10.47 119,
9.55 119,
9.58 117,
9.55 117,
8.80 118,
8.83 121,
9.06 120,
9.22 120,
8.99 120,
8.75 122,
8.67 124,
8.65 127,
8.52 129,
8.55 131,
8.29 135,
7.92 141,
7.91 145,
7.83 148,
7.78 149,
7.39 150,
7.07 152,
6.61 156,
6.35 161,
5.21 166,
4.31 176,
3.77 185,
3.61 189,
3.18 189,
2.84 189,
2.78 192,
1.13 193,
1.27 197,
2.05 190,
2.80 182,
3.09 175,
3.68 172,
3.56 171,
3.26 173,
5.07 171,
5.94 159,
7.11 147,
8.63 135,
9.88 145,
13.65 176,
10.01 92,
10.12 23,
20.79 80,
42.00 145,
64.40 149,
87.36 189,
84.54 160,
70.56 272,
59.03 368,
47.39 275,
53.04 182,
54.11 117,
46.04 54,
38.62 32,
34.74 148,
28.76 220,
31.71 234,
21.83 175,
13.34 92,
15.37 148,
19.46 154,
19.67 186,
16.39 67,
10.91 40,
8.16 37,
7.30 44,
6.32 38,
6.17 34,
6.65 34,
7.56 31,
8.87 40,
9.91 42,
10.42 42,
10.90 40,
11.31 38,
12.37 34,
13.11 30,
13.27 23,
12.67 24,
12.98 25,
12.86 27,
12.68 29,
12.94 30,
13.23 38,
13.58 42,
14.28 43,
11.69 48,
13.31 45,
12.46 19,
11.55 13,
11.57 11,
11.93 12,
12.53 9,
12.03 6,
11.23 6,
11.44 11,
10.90 22,
11.63 22,
9.89 31,
9.76 26,
10.22 10,
9.09 11,
10.45 10,
11.74 16,
13.64 13,
15.80 5,
16.79 14,
16.48 21,
14.63 32,
13.73 40,
12.98 45,
12.22 45,
10.42 38,
10.01 30,
10.07 19,
9.75 8,
10.40 2,
10.76 10,
11.98 12,
11.51 15,
11.67 22,
11.77 27,
11.99 26,
12.65 23,
12.88 20,
13.06 15,
13.12 13,
13.57 11,
13.55 9,
13.36 5,
12.56 1,
12.27 2,
11.88 3,
11.62 4,
11.55 6,
11.36 7,
10.89 9,
10.61 10,
10.44 10,
10.49 9,
10.50 9,
10.62 8,
10.86 7,
10.96 7,
11.05 8,
11.07 8,
11.09 8,
11.25 7,
11.45 6,
11.56 6,
11.53 6,
11.55 6,
11.65 4,
11.96 3,
12.03 5,
12.14 6,
12.59 8,
12.82 10,
13.00 12,
13.21 13,
13.21 14,
12.85 14,
12.44 13,
12.16 11,
12.19 11,
12.28 10,
12.60 10,
12.81 8,
12.70 7,
12.64 5,
12.52 4,
12.30 2,
12.11 3,
11.93 5,
11.84 5,
11.96 4,
12.04 3,
12.03 3,
11.88 4,
11.93 4,
11.46 3,
10.79 2,
12.33 6,
12.32 7,
11.88 8,
11.69 6,
11.92 5,
12.25 8,
12.71 9,
13.24 8,
13.78 9,
13.56 15,
12.90 21,
12.64 26,
12.77 28,
12.83 30,
12.94 34,
12.71 39,
12.33 46,
11.88 52,
11.09 55,
10.88 57,
10.94 55,
10.77 54,
10.67 55,
11.21 57,
11.92 56,
12.75 51,
13.77 41,
13.33 24,
13.68 5,
13.42 20,
12.57 32,
11.82 43,
10.95 49,
11.55 52,
12.65 51,
13.02 46,
13.09 41,
13.10 35,
13.16 28,
12.97 22,
12.78 15,
12.55 9,
12.20 4,
12.03 6,
12.02 12,
11.73 16,
11.55 17,
11.36 18,
11.15 18,
10.76 17,
10.83 15,
10.72 12,
10.51 10,
10.62 7,
10.62 3,
10.76 2,
11.23 6,
11.35 9,
11.49 10,
11.66 11,
11.70 10,
10.90 10,
9.98 11,
11.66 17,
11.98 13,
11.52 9,
11.62 8,
11.57 7,
11.64 5,
11.57 4,
11.53 3,
11.40 3,
11.65 5,
11.80 5,
11.73 5,
11.24 6,
11.02 7,
10.99 6,
11.46 3,
11.68 1,
11.72 2,
11.75 2,
11.83 2,
11.78 2,
11.68 1,
11.65 3,
10.95 4,
11.07 6,
11.22 6,
11.23 4,
11.18 3,
11.17 3,
11.05 3,
11.08 3,
11.14 2,
11.24 2,
11.35 1,
11.46 0,
11.47 1,
11.43 1,
11.43 1,
11.59 1,
11.60 1,
11.59 0,
11.60 0,
11.54 0,
11.50 0,
11.57 1,
11.63 1,
11.60 1,
11.52 2,
11.42 2,
11.24 3,
11.18 4,
11.09 4,
10.58 5,
10.59 6,
10.80 5,
11.17 3,
11.51 2,
11.63 2,
11.70 1,
11.55 0,
11.05 1,
10.31 0,
11.28 4,
12.92 8,
11.60 1,
11.13 5,
10.95 6,
11.18 3,
11.32 2,
11.41 3,
11.55 2,
11.77 3,
11.84 5,
11.86 6,
11.84 6,
11.92 7,
12.01 8,
11.88 9,
11.52 11,
11.15 13,
11.00 14,
11.07 13,
11.23 12,
11.33 11,
11.26 10,
11.10 9,
10.47 9,
10.06 8,
9.88 9,
9.95 9,
10.14 8,
10.30 6,
10.38 5,
10.25 5,
10.05 6,
9.95 9,
9.99 9,
9.86 7,
10.17 6,
10.43 3,
10.56 4,
10.83 4,
10.92 5,
11.07 5,
11.18 9,
11.06 9,
11.04 12,
11.01 15,
10.83 18,
10.74 23,
10.89 23,
11.15 25,
10.98 26,
11.31 25,
11.11 19,
11.17 19,
11.26 13,
11.77 14,
10.93 15,
11.27 23,
11.32 23,
11.48 20,
11.32 20,
11.12 22,
11.11 22,
11.32 22,
11.64 23,
12.31 27,
12.34 28,
12.37 30,
11.52 30,
11.44 33,
12.43 38,
12.36 37,
12.47 40,
12.69 40,
13.13 40,
13.44 32,
12.94 23,
12.83 15,
12.89 15,
12.74 18,
12.93 17,
13.03 18,
12.89 22,
12.48 22,
11.98 27,
12.28 26,
12.42 26,
12.61 27,
12.48 25,
12.38 22,
12.15 20,
12.27 17,
11.91 16,
12.55 16,
13.31 13,
12.25 12,
12.24 11,
12.23 14,
11.68 17,
12.06 16,
12.60 16,
12.81 18,
12.86 20,
12.30 19,
12.36 18,
11.93 17,
8.51 42,
12.62 122,
14.75 89,
11.67 41,
10.83 30,
12.57 40,
13.38 30,
12.39 15,
12.77 10,
13.92 7,
15.05 34,
10.42 88,
8.78 87,
13.40 20,
11.80 6,
12.24 6,
11.91 9,
11.85 1,
11.97 8,
12.20 12,
12.13 11,
12.05 9,
11.13 16,
12.08 16,
12.78 14,
11.66 5,
12.44 10,
11.80 10,
11.76 7,
11.98 5,
11.47 9,
10.96 9,
11.00 7,
12.51 6,
12.66 2,
11.89 5,
12.08 6,
12.06 5,
11.36 8,
11.13 13,
12.20 9,
11.60 9,
11.76 8,
12.15 8,
12.95 7,
11.64 12,
12.15 11,
14.42 8,
11.83 17,
12.51 9,
12.23 8,
11.74 6,
12.08 9,
11.30 13,
11.64 17,
12.49 15,
11.88 14,
11.57 15,
11.22 16,
11.73 12,
12.38 9,
11.51 16,
10.43 16,
11.95 16,
11.58 17,
10.55 13,
11.64 10,
11.76 7,
12.22 2,
12.58 3,
12.76 3,
11.40 23,
11.66 11,
12.04 9,
12.22 10,
12.60 16,
13.31 24,
19.74 46,
13.48 80,
10.48 56,
10.47 35,
13.19 13,
10.17 4,
11.30 10,
12.08 12,
10.88 11,
10.37 22,
11.36 42,
11.34 34,
12.86 17,
13.09 16,
13.25 24,
12.20 25,
11.82 24,
11.35 16,
10.75 11,
11.25 15,
11.22 17,
11.39 18,
11.20 16,
11.70 13,
12.14 11,
12.10 11,
11.73 8,
11.39 7,
11.53 8,
13.18 14,
12.35 20,
12.96 18,
13.63 9,
11.94 7,
12.49 17,
11.01 21,
11.03 16,
11.61 25,
11.19 35,
12.31 24,
11.85 14,
11.55 8,
11.39 3,
11.86 2,
12.14 5,
11.55 10,
12.34 8,
12.44 17,
12.18 19,
11.58 16,
11.60 13,
11.02 13,
10.93 9,
11.29 8,
10.85 10,
11.56 7,
10.64 8,
12.01 4,
11.97 9,
11.95 10,
12.22 6,
11.73 7,
11.27 16,
11.95 20,
12.38 22,
11.42 29,
11.25 40,
11.97 42,
11.91 41,
13.16 43,
12.78 28,
12.62 22,
13.29 25,
12.31 21,
12.20 17,
12.46 16,
12.71 9,
12.70 15,
11.27 22,
10.47 10,
12.71 13,
15.03 14,
12.53 18,
12.53 17,
11.98 28,
12.82 25,
11.76 13,
11.50 13,
11.66 13,
11.20 13,
12.75 14,
12.95 5,
17.54 20,
12.94 71,
22.65 131,
22.98 135,
16.25 149,
21.47 55,
17.45 35,
14.46 18,
12.60 11,
10.91 12,
10.74 13,
11.31 16,
11.76 17,
13.57 11,
12.56 9,
12.36 5,
12.29 5,
11.83 7,
11.48 10,
11.41 10,
11.82 9,
11.85 8,
11.98 6,
12.05 7,
12.19 7,
12.24 8,
12.39 10,
12.11 13,
12.47 10,
12.03 9,
12.25 8,
12.47 7,
12.49 3,
12.33 2,
12.29 2,
12.10 2,
12.02 1,
11.86 2,
12.04 3,
12.20 3,
12.20 2,
12.17 2,
12.26 2,
12.13 2,
12.14 1,
12.15 1,
12.10 1,
12.13 2,
12.03 3,
12.24 3,
12.15 4,
12.10 4,
12.08 3,
12.02 2,
12.02 1,
12.08 1,
12.21 1,
12.27 1,
12.20 1,
12.24 0,
12.22 0,
12.09 0,
11.58 1,
11.93 5,
12.55 3,
12.58 4,
11.96 2,
11.68 3,
12.01 1,
12.14 3,
12.13 2,
12.22 2,
12.22 1,
12.32 1,
12.40 1,
12.37 0,
12.14 0,
12.03 0,
11.93 0,
12.06 1,
12.03 2,
12.13 1,
12.24 1,
12.28 0,
12.39 0,
12.38 1,
12.19 2,
12.19 2,
12.15 2,
12.12 2,
12.01 2,
12.14 2,
11.97 3,
11.97 3,
12.09 5,
12.14 6,
12.22 6,
12.19 6,
12.23 5,
12.31 4,
12.40 4,
12.40 4,
12.37 4,
12.38 4,
12.36 4,
12.35 3,
12.33 2,
12.29 2,
12.23 1,
12.24 0,
12.24 0,
12.21 0,
12.19 1,
12.31 1,
12.32 1,
12.40 1,
12.39 0,
12.34 1,
12.34 1,
12.24 1,
12.32 1,
12.30 1,
12.28 0,
12.37 0,
12.34 1,
12.33 0,
12.36 0,
12.31 0,
12.30 0,
12.34 0,
12.41 0,
12.36 0,
12.33 0,
12.29 0,
12.30 0,
12.33 0,
12.36 0,
12.40 0,
12.41 0,
12.37 0,
12.36 0,
12.32 0,
12.36 0,
12.32 0,
12.00 1,
11.81 4,
13.10 5,
13.14 2,
12.66 2,
12.09 5,
12.06 6,
12.21 4,
12.24 3,
12.27 2,
12.44 1,
12.50 1,
12.57 1,
12.56 1,
12.51 1,
12.45 1,
12.38 0,
12.26 0,
12.23 1,
12.37 1,
12.36 2,
12.26 1,
12.28 1,
12.33 1,
12.36 1,
12.37 1,
12.39 1,
12.33 1,
12.31 1,
12.38 1,
12.29 1,
12.34 1,
12.30 1,
12.27 0,
12.27 0,
12.24 0,
12.27 0,
12.36 1,
12.38 1,
12.42 1,
12.46 2,
12.45 1,
12.51 1,
12.43 1,
12.38 0,
12.32 1,
12.35 0,
12.36 0,
12.37 1,
12.33 1,
12.34 1,
12.32 0,
12.32 0,
12.33 0,
12.36 0,
12.41 0,
12.38 0,
12.40 0,
12.33 0,
12.34 0,
12.39 0,
12.28 0,
12.31 0,
12.36 0,
12.40 0,
12.38 0,
12.35 0,
12.38 0,
12.34 0,
12.37 0,
12.36 0,
12.32 0,
12.28 0,
12.36 0,
12.37 0,
12.37 0,
12.40 0,
12.31 0,
12.31 0,
12.33 0,
12.41 0,
12.39 0,
12.33 0,
12.40 0,
12.39 0,
12.36 0,
12.36 0,
12.36 0,
12.34 0,
12.36 0,
12.40 0,
12.44 0,
12.42 0,
12.38 0,
12.37 0,
12.35 0,
12.40 0,
12.35 0,
12.34 0,
12.33 0,
12.34 0,
12.35 0,
12.36 0,
12.38 0,
12.38 0,
12.40 0,
12.39 0,
12.39 1,
12.38 1,
12.34 1,
11.88 1,
11.93 4,
12.56 6,
12.89 1,
12.43 2,
12.24 3,
12.17 3,
12.22 1,
12.28 1,
12.35 1,
12.44 0,
12.46 1,
12.52 1,
12.56 1,
12.51 1,
12.34 1,
12.26 0,
12.26 0,
12.24 1,
12.36 2,
12.33 2,
12.33 2,
12.39 1,
12.43 1,
12.42 0,
12.45 0,
12.34 0,
12.24 0,
12.21 0,
12.41 0,
12.39 0,
12.22 0,
12.26 1,
12.27 0,
12.32 0,
12.33 0,
12.33 0,
12.37 0,
12.38 0,
12.41 1,
12.43 1,
12.43 0,
12.38 1,
12.39 1,
12.37 1,
12.42 1,
12.40 0,
12.34 0,
12.25 0,
12.29 0,
12.32 1,
12.31 0,
12.31 0,
12.35 0,
12.30 0,
12.36 0,
12.28 0,
12.31 1,
12.31 1,
12.36 0,
12.35 0,
12.29 0,
12.32 0,
12.31 0,
12.33 0,
12.36 0,
12.34 1,
12.31 1,
12.35 0,
12.35 0,
12.36 0,
12.32 1,
12.27 1,
12.33 0,
12.33 0,
12.33 0,
12.28 0,
12.34 0,
12.32 0,
12.34 0,
12.31 0,
12.34 0,
12.29 0,
12.31 0,
12.32 0,
12.33 0,
12.39 0,
12.43 0,
12.35 0,
12.32 0,
12.28 0,
12.29 1,
12.25 0,
12.33 0,
12.44 0,
12.46 0,
12.36 1,
12.33 1,
12.33 1,
12.33 2,
11.99 2,
11.87 2,
12.24 6,
12.70 3,
12.33 2,
12.08 2,
12.06 3,
12.09 3,
12.32 3,
12.37 1,
12.47 0,
12.49 0,
12.51 1,
ex,