11.58 10,
11.64 11,
11.67 11,
11.70 12,
11.79 13,
11.77 14,
11.72 15,
11.72 15,
11.70 16,
11.71 17,
11.68 16,
11.58 16,
11.51 17,
11.50 17,
11.53 17,
11.52 17,
11.58 17,
11.62 16,
11.68 15,
11.73 14,
11.83 13,
11.89 13,
11.98 12,
12.03 13,
11.92 13,
11.86 9,
11.64 8,
11.75 10,
11.86 10,
12.03 8,
11.98 8,
11.58 9,
11.58 9,
11.43 9,
11.17 7,
11.43 5,
11.70 5,
11.75 6,
11.85 8,
11.89 9,
11.91 8,
11.86 5,
11.64 2,
11.56 3,
11.46 3,
11.36 3,
11.51 1,
11.61 1,
11.73 1,
11.77 1,
11.67 3,
11.60 5,
11.59 5,
11.60 4,
11.59 4,
11.59 4,
11.61 5,
11.72 6,
11.73 6,
11.79 7,
11.80 7,
11.84 9,
11.87 10,
11.92 12,
12.03 13,
12.06 13,
12.02 14,
12.01 16,
11.99 17,
11.96 19,
11.94 21,
11.99 22,
12.08 23,
12.14 25,
12.14 27,
12.24 29,
12.25 31,
12.21 33,
12.11 34,
11.95 34,
12.20 36,
12.35 34,
12.36 31,
12.13 32,
12.06 33,
12.14 34,
12.21 35,
11.94 37,
12.14 40,
12.18 41,
12.00 40,
11.84 37,
11.75 35,
11.72 33,
11.65 32,
11.74 33,
11.85 34,
12.03 35,
12.47 37,
12.69 37,
12.75 37,
12.73 36,
12.70 35,
12.56 35,
12.42 36,
12.57 36,
12.62 40,
12.60 43,
12.52 46,
12.38 48,
12.32 49,
12.27 49,
12.29 49,
12.41 49,
12.52 51,
12.56 53,
12.69 55,
12.64 57,
12.65 59,
12.60 59,
12.46 60,
12.37 61,
12.27 62,
12.20 62,
12.33 60,
12.46 59,
12.61 58,
12.99 59,
13.00 60,
13.02 60,
13.09 62,
13.34 69,
13.47 75,
13.63 77,
13.61 76,
13.12 74,
13.19 75,
13.45 77,
13.99 76,
14.39 76,
14.38 79,
14.41 82,
14.23 84,
14.05 85,
13.89 86,
13.78 86,
13.91 84,
13.90 83,
13.79 83,
13.61 83,
13.45 81,
13.48 80,
13.46 79,
13.49 76,
13.47 75,
13.48 74,
13.59 73,
13.82 70,
13.94 67,
14.05 64,
14.00 63,
13.95 61,
13.81 59,
13.93 59,
13.98 59,
13.99 58,
13.93 57,
13.98 54,
14.15 51,
14.24 47,
14.29 45,
14.30 43,
14.26 42,
14.26 39,
14.31 37,
14.43 36,
14.53 35,
14.47 33,
14.54 30,
14.40 27,
14.10 24,
14.04 23,
14.00 23,
14.62 23,
14.61 22,
14.54 20,
14.20 17,
13.58 17,
13.82 15,
14.22 15,
14.75 14,
14.38 17,
14.05 24,
13.80 30,
13.78 34,
13.78 35,
13.89 37,
14.08 38,
14.50 38,
14.48 40,
14.42 43,
14.29 45,
14.60 45,
14.73 46,
14.48 47,
14.30 49,
14.13 50,
13.94 53,
13.67 57,
13.99 56,
14.07 58,
14.00 62,
13.92 63,
14.04 66,
14.13 69,
14.09 72,
14.09 74,
14.07 75,
14.10 78,
14.11 79,
14.06 81,
13.95 82,
13.76 81,
13.69 81,
13.60 81,
13.72 82,
13.79 83,
13.70 85,
13.53 84,
13.45 84,
13.38 83,
13.17 82,
12.97 81,
13.36 80,
13.72 79,
13.52 78,
13.26 74,
13.36 75,
13.30 79,
12.49 83,
12.41 82,
12.81 80,
13.31 81,
13.82 81,
13.55 79,
13.31 76,
13.03 75,
12.89 75,
12.78 75,
12.72 73,
12.69 72,
12.79 72,
12.86 73,
12.84 71,
12.81 70,
12.50 68,
12.19 68,
12.13 68,
11.91 68,
11.89 67,
11.80 66,
11.58 63,
11.54 60,
11.55 61,
11.53 62,
11.74 62,
11.76 60,
11.76 60,
11.77 59,
11.79 59,
11.72 58,
11.60 56,
11.47 53,
11.49 51,
11.47 49,
11.37 49,
11.40 49,
11.57 49,
11.56 48,
11.48 46,
11.09 43,
10.94 41,
10.77 40,
10.79 42,
10.43 43,
10.41 43,
10.81 41,
11.40 39,
11.59 38,
11.64 39,
11.38 43,
10.80 43,
10.91 38,
11.30 36,
11.54 36,
11.27 34,
11.31 30,
11.50 29,
11.73 28,
11.62 27,
11.57 25,
11.58 22,
11.16 22,
10.92 22,
10.81 22,
10.79 22,
10.75 21,
10.84 22,
10.87 24,
11.05 23,
11.16 21,
11.26 19,
11.51 19,
12.14 17,
12.37 14,
12.48 13,
12.49 16,
12.01 23,
11.67 29,
11.28 33,
10.93 36,
10.28 38,
10.16 41,
9.78 42,
9.21 48,
9.02 48,
9.05 40,
9.31 26,
10.88 20,
11.64 30,
12.16 37,
12.23 39,
11.81 37,
11.53 35,
11.74 32,
11.76 27,
11.91 26,
12.64 28,
13.53 29,
13.73 30,
13.81 29,
14.04 25,
14.20 37,
14.62 40,
15.06 33,
15.27 27,
14.97 29,
14.04 31,
13.77 33,
13.44 34,
12.40 35,
12.00 37,
11.66 39,
11.56 38,
11.71 35,
11.82 30,
11.88 25,
11.86 21,
11.87 20,
11.94 22,
11.99 23,
11.64 23,
11.39 23,
11.46 24,
11.61 22,
11.92 18,
11.95 16,
11.98 15,
11.99 16,
12.02 17,
12.00 16,
11.95 15,
11.88 15,
11.82 15,
11.92 13,
12.11 12,
12.55 18,
12.59 18,
12.52 20,
12.35 20,
11.97 18,
11.88 15,
11.87 15,
11.98 15,
12.43 15,
12.64 13,
12.79 9,
12.94 9,
13.18 11,
13.22 16,
13.46 14,
13.96 13,
13.76 13,
13.51 15,
13.30 18,
13.23 18,
13.15 16,
12.80 16,
12.52 17,
12.62 25,
12.68 25,
12.46 23,
11.98 21,
11.77 19,
11.56 16,
11.44 14,
11.17 14,
11.22 14,
11.25 15,
11.30 15,
11.53 15,
11.56 15,
11.60 14,
11.52 12,
11.46 12,
11.46 13,
11.53 13,
11.70 12,
11.84 11,
12.08 11,
12.32 11,
12.84 14,
13.08 15,
13.24 17,
13.42 18,
13.56 19,
13.60 19,
13.66 18,
13.47 18,
13.37 17,
13.23 16,
13.06 15,
12.73 16,
12.61 17,
12.44 19,
12.34 20,
12.25 20,
12.21 20,
12.15 22,
12.20 23,
12.28 22,
12.55 21,
12.85 21,
12.77 20,
12.50 19,
12.29 19,
12.20 22,
11.82 25,
11.56 28,
11.64 30,
12.08 29,
11.95 25,
11.70 22,
11.46 21,
11.16 23,
11.29 24,
11.57 25,
11.94 23,
12.18 22,
11.87 22,
11.99 27,
11.84 30,
11.79 33,
11.67 36,
11.53 40,
11.61 45,
11.93 48,
12.21 51,
12.07 56,
12.47 65,
12.97 73,
13.10 75,
12.82 77,
12.21 79,
11.97 79,
11.86 76,
13.01 70,
13.60 59,
13.96 42,
13.51 62,
13.35 71,
14.35 84,
16.49 99,
17.58 109,
17.19 128,
16.10 152,
15.77 183,
16.54 224,
15.68 260,
13.48 283,
10.85 299,
9.09 306,
8.92 319,
8.31 334,
8.22 345,
8.57 357,
7.38 367,
7.19 379,
8.22 383,
8.99 385,
8.12 386,
5.66 389,
2.25 380,
2.69 357,
3.65 328,
4.22 309,
3.03 301,
5.18 288,
8.30 266,
10.65 247,
12.82 223,
14.93 203,
15.89 198,
17.13 201,
17.91 241,
18.50 295,
16.36 326,
30.10 278,
23.72 218,
23.24 188,
22.30 154,
16.88 118,
13.26 122,
11.46 141,
14.15 139,
13.74 134,
11.98 129,
9.19 147,
8.74 147,
6.79 179,
2.36 189,
9.90 224,
3.28 305,
14.12 403,
11.30 303,
8.87 300,
15.79 352,
16.78 280,
14.59 265,
23.07 287,
19.32 193,
16.97 310,
15.04 332,
20.44 333,
25.60 279,
16.04 347,
13.96 426,
7.86 581,
18.57 801,
62.67 905,
55.85 804,
71.13 823,
67.29 653,
72.81 564,
46.53 538,
31.51 527,
33.88 496,
37.34 548,
41.14 605,
41.34 588,
40.26 585,
37.84 533,
31.40 472,
30.95 407,
29.77 341,
28.74 289,
19.55 242,
17.92 213,
17.85 205,
18.16 207,
18.29 195,
18.99 154,
18.17 125,
14.66 134,
11.74 136,
9.50 136,
11.06 161,
7.82 144,
6.52 147,
5.45 150,
6.87 142,
9.63 134,
12.31 132,
14.55 141,
12.12 157,
10.82 166,
10.73 166,
11.70 160,
12.41 147,
12.45 122,
12.43 95,
12.07 74,
11.85 67,
11.66 72,
11.57 79,
11.50 81,
11.39 79,
11.38 73,
11.50 63,
12.45 46,
12.95 28,
13.37 16,
13.94 16,
15.70 19,
15.09 22,
16.52 31,
14.63 30,
13.95 31,
13.33 31,
13.04 27,
12.86 23,
12.79 18,
12.78 13,
12.85 14,
13.43 13,
13.71 14,
13.93 16,
14.09 17,
14.43 18,
14.42 15,
14.16 17,
13.41 17,
13.06 16,
12.93 22,
13.12 26,
14.14 28,
14.81 27,
15.10 26,
14.97 27,
13.74 31,
12.96 35,
12.25 39,
11.32 39,
10.92 37,
10.82 28,
10.95 17,
10.77 9,
10.73 15,
10.32 16,
10.54 20,
11.99 29,
11.62 33,
11.66 35,
12.46 33,
13.04 25,
13.43 18,
13.78 12,
14.24 16,
13.96 22,
13.57 28,
12.99 33,
11.77 38,
11.12 41,
10.77 36,
10.48 31,
11.10 21,
11.23 14,
11.58 16,
12.39 26,
12.67 31,
13.06 33,
13.41 33,
13.96 30,
14.21 27,
14.52 21,
14.56 14,
14.66 9,
14.65 7,
14.48 6,
14.33 11,
14.29 13,
14.20 13,
14.02 15,
13.37 17,
12.98 19,
12.44 19,
12.09 22,
11.83 23,
11.93 22,
12.18 19,
12.21 16,
12.07 17,
11.86 17,
11.57 17,
11.28 15,
11.38 14,
11.52 11,
11.65 9,
11.49 8,
11.44 8,
11.51 10,
11.59 11,
11.74 13,
11.89 14,
11.98 15,
11.67 15,
11.22 13,
11.49 21,
11.77 22,
12.87 9,
12.56 13,
12.18 9,
12.02 11,
12.40 10,
12.69 11,
12.85 12,
12.97 10,
13.13 10,
13.28 9,
13.40 9,
13.29 7,
13.35 6,
13.30 7,
13.18 7,
12.94 7,
12.83 6,
12.83 5,
12.73 4,
12.70 4,
12.65 3,
12.68 4,
12.55 5,
12.47 6,
12.44 6,
12.41 8,
12.62 9,
12.51 7,
12.36 5,
12.31 5,
12.42 5,
12.49 6,
12.49 6,
12.34 5,
12.33 4,
12.30 4,
12.28 3,
12.30 3,
12.31 3,
12.25 2,
12.29 1,
12.32 1,
12.30 1,
12.30 2,
12.27 2,
12.14 2,
12.09 1,
12.15 1,
12.29 1,
12.30 1,
12.37 1,
12.34 1,
12.37 1,
12.37 1,
12.44 0,
12.49 0,
12.54 0,
12.54 0,
12.60 0,
12.59 0,
12.58 0,
12.61 1,
12.61 0,
12.59 0,
12.58 0,
12.54 0,
12.50 0,
12.51 0,
12.48 1,
12.53 1,
12.49 1,
12.45 1,
12.50 0,
12.42 0,
12.39 0,
12.37 0,
12.31 0,
12.35 0,
12.30 0,
12.35 0,
12.29 0,
12.30 0,
12.25 0,
12.31 0,
12.35 0,
12.35 0,
12.33 0,
12.36 0,
12.36 0,
12.46 0,
12.43 0,
12.44 0,
12.47 0,
12.44 0,
12.48 0,
12.49 0,
12.51 0,
12.53 0,
12.51 0,
12.49 0,
12.50 0,
12.47 0,
12.40 0,
12.38 0,
12.37 1,
12.37 1,
12.44 0,
12.50 0,
12.52 0,
12.51 1,
12.47 1,
12.09 2,
11.40 3,
12.13 10,
13.24 5,
12.90 4,
12.08 3,
11.61 5,
11.56 3,
12.46 2,
12.76 3,
12.87 3,
12.85 2,
12.68 1,
12.73 1,
12.71 2,
12.58 2,
12.67 1,
12.74 1,
12.68 1,
12.66 1,
12.77 1,
12.81 2,
12.83 3,
12.71 2,
12.62 2,
12.67 1,
12.60 1,
12.57 0,
12.51 0,
12.50 0,
12.57 1,
12.48 1,
12.36 2,
12.31 2,
12.52 0,
12.60 0,
12.63 0,
12.66 0,
12.67 2,
12.71 7,
12.67 12,
11.94 16,
11.60 17,
11.53 19,
11.45 19,
11.85 18,
12.17 15,
12.54 11,
12.59 8,
12.51 5,
12.57 3,
12.66 4,
12.66 4,
12.72 3,
12.79 2,
12.85 2,
12.76 4,
12.75 6,
12.70 9,
12.76 11,
13.04 11,
13.22 10,
13.23 10,
13.18 10,
13.05 11,
13.00 11,
13.02 10,
12.89 8,
12.84 6,
12.75 4,
12.78 2,
12.69 1,
12.61 1,
12.56 1,
12.49 1,
12.36 1,
12.33 2,
12.34 2,
12.39 2,
12.41 2,
12.42 2,
12.43 1,
12.52 1,
12.50 1,
12.48 1,
12.46 0,
12.37 0,
12.38 0,
12.33 0,
12.36 1,
12.40 1,
12.43 1,
12.55 0,
12.64 0,
12.65 1,
12.66 2,
12.50 2,
12.06 3,
12.50 9,
12.94 5,
13.00 4,
12.33 2,
12.15 5,
12.11 4,
12.37 2,
12.64 2,
12.75 2,
12.82 2,
12.81 2,
12.85 0,
12.90 0,
12.90 0,
12.65 1,
12.59 1,
12.47 1,
12.36 1,
12.33 1,
12.35 2,
12.39 2,
12.43 1,
12.42 0,
12.46 0,
12.53 0,
12.49 0,
12.41 0,
12.47 1,
12.54 1,
12.51 1,
12.35 2,
12.24 3,
12.42 2,
12.46 3,
12.47 2,
12.48 1,
12.49 1,
12.43 1,
12.42 0,
12.49 0,
12.48 0,
12.56 1,
12.53 2,
12.64 3,
12.68 3,
12.84 2,
12.85 3,
12.51 4,
12.32 2,
12.05 0,
12.08 3,
12.64 5,
12.65 2,
12.56 0,
12.56 0,
12.39 0,
12.46 1,
12.44 1,
12.54 1,
12.53 1,
12.59 1,
12.59 1,
12.71 1,
12.68 1,
12.58 1,
12.52 1,
12.40 1,
12.41 1,
12.40 1,
12.06 1,
11.91 2,
11.99 6,
12.30 9,
12.66 10,
12.46 9,
12.17 7,
12.13 7,
12.28 7,
12.62 8,
12.88 7,
13.00 4,
13.04 4,
12.98 4,
12.77 3,
12.77 2,
12.79 3,
12.86 4,
12.92 5,
12.94 6,
12.86 7,
12.76 6,
12.72 6,
12.71 5,
12.65 5,
12.62 4,
12.48 3,
12.44 2,
12.41 1,
12.46 1,
12.45 0,
12.44 0,
12.34 0,
12.33 0,
12.37 0,
12.40 0,
12.39 0,
12.41 0,
12.42 0,
12.42 0,
12.48 0,
12.48 0,
12.46 0,
12.44 0,
12.47 0,
12.45 0,
12.48 0,
12.50 0,
12.51 0,
12.50 0,
12.54 0,
12.59 0,
12.56 1,
12.58 0,
12.54 0,
12.57 1,
12.56 1,
12.53 1,
12.55 1,
12.52 1,
12.57 0,
12.60 1,
12.56 1,
12.50 0,
12.53 0,
12.50 0,
12.49 0,
12.47 0,
12.51 0,
12.50 1,
12.49 0,
12.49 0,
12.51 0,
12.47 0,
12.45 1,
12.52 1,
12.48 1,
12.51 0,
12.54 0,
12.50 1,
12.52 1,
12.46 1,
12.43 1,
12.42 1,
12.46 1,
12.50 1,
12.62 0,
12.65 1,
12.53 2,
12.52 2,
12.47 2,
12.08 2,
12.12 6,
12.69 10,
12.88 1,
12.58 4,
12.12 3,
12.06 3,
12.32 1,
12.61 2,
12.81 3,
12.71 2,
12.63 2,
12.71 1,
12.83 1,
12.76 1,
12.57 0,
12.49 0,
12.37 0,
12.31 0,
12.34 1,
12.37 1,
12.35 2,
12.38 2,
12.39 2,
12.48 1,
12.53 1,
12.58 0,
12.53 0,
12.47 1,
12.49 1,
12.56 1,
12.48 0,
12.16 1,
12.19 2,
12.31 1,
12.42 2,
12.43 1,
12.49 1,
12.54 1,
12.67 2,
12.56 2,
12.51 1,
12.50 1,
12.42 1,
12.42 2,
12.56 2,
12.64 2,
12.68 1,
12.58 2,
12.40 2,
12.11 2,
12.24 5,
12.79 4,
12.93 2,
12.82 4,
12.77 5,
12.75 6,
11.76 8,
13.10 11,
13.75 13,
12.53 9,
11.36 5,
11.33 6,
11.86 6,
12.22 6,
12.11 4,
11.88 4,
11.72 4,
11.44 3,
11.19 5,
11.26 6,
11.29 9,
11.34 12,
12.02 14,
12.48 17,
12.73 18,
12.45 15,
12.11 10,
11.85 8,
11.67 9,
11.58 10,
11.79 13,
12.09 17,
12.40 21,
12.73 22,
12.89 21,
12.97 20,
12.82 20,
12.67 20,
12.79 21,
12.99 24,
13.58 26,
14.03 26,
14.00 25,
13.78 21,
13.61 19,
13.81 20,
14.23 22,
14.48 22,
14.25 19,
13.78 14,
13.36 9,
12.60 7,
12.22 7,
12.05 6,
11.99 6,
12.64 8,
12.70 13,
12.69 16,
12.68 18,
12.76 19,
13.02 20,
13.17 22,
13.42 22,
13.53 22,
13.33 20,
13.20 17,
13.23 17,
13.23 18,
13.29 20,
13.45 21,
13.49 22,
13.28 22,
13.28 20,
13.35 19,
13.78 19,
13.76 20,
13.76 19,
13.98 18,
13.96 17,
13.88 16,
13.80 18,
13.93 19,
13.88 17,
13.82 17,
13.80 16,
13.51 15,
13.58 13,
13.54 12,
13.49 12,
13.39 12,
13.35 10,
13.38 11,
13.38 13,
13.70 16,
13.66 16,
13.76 15,
14.06 16,
14.06 15,
14.53 15,
14.58 14,
14.11 13,
13.73 16,
13.83 19,
13.92 19,
14.10 18,
14.22 16,
14.19 13,
13.59 12,
13.57 13,
13.81 13,
13.91 12,
13.48 11,
13.56 14,
13.52 19,
13.66 14,
13.23 2,
13.28 4,
13.28 7,
13.39 7,
13.91 6,
13.93 5,
13.71 5,
13.71 4,
13.73 3,
13.79 3,
13.59 4,
13.42 4,
13.42 6,
13.42 8,
13.70 10,
13.69 9,
13.61 8,
13.61 9,
14.05 11,
14.19 11,
14.27 10,
14.36 11,
14.31 10,
14.01 10,
13.96 11,
13.66 11,
13.61 9,
13.62 8,
13.61 8,
13.80 9,
13.91 11,
13.77 11,
13.77 12,
13.58 13,
13.68 13,
13.42 14,
13.05 17,
13.05 20,
13.15 23,
13.40 25,
14.11 27,
14.36 29,
14.36 29,
14.53 28,
14.26 25,
14.10 20,
14.00 19,
14.00 21,
14.95 20,
15.08 14,
14.99 12,
13.97 13,
13.62 13,
13.44 12,
13.57 12,
13.97 12,
14.23 13,
14.50 13,
14.91 12,
15.20 13,
15.03 12,
14.79 11,
14.79 14,
14.61 17,
14.71 20,
14.72 20,
14.38 20,
14.38 20,
14.14 19,
14.04 18,
13.73 18,
13.80 17,
13.80 18,
13.94 18,
14.29 16,
14.10 16,
13.76 16,
13.76 16,
13.14 16,
13.14 12,
13.24 9,
13.50 11,
14.16 10,
14.21 9,
14.11 8,
14.05 6,
14.22 7,
14.33 7,
14.43 8,
14.54 7,
14.64 7,
14.69 6,
14.59 5,
14.65 4,
14.71 4,
14.69 4,
14.66 5,
14.49 5,
14.28 5,
14.13 4,
14.16 4,
14.21 4,
14.28 5,
14.24 4,
14.34 6,
14.43 7,
14.38 9,
14.47 10,
14.69 11,
14.87 11,
14.76 10,
14.55 10,
14.18 11,
14.04 11,
14.04 12,
14.02 14,
14.04 15,
14.17 16,
14.27 17,
14.52 18,
14.51 18,
14.40 16,
14.21 14,
13.95 13,
13.88 12,
13.82 12,
13.65 11,
13.64 11,
13.74 11,
13.86 10,
14.11 8,
14.17 6,
14.30 7,
14.38 8,
14.48 9,
14.49 9,
14.44 9,
14.36 9,
14.09 9,
13.90 9,
13.94 8,
13.88 9,
13.86 9,
13.91 9,
13.79 9,
13.88 8,
13.91 8,
13.85 8,
13.98 8,
14.27 7,
14.33 7,
14.41 6,
14.35 6,
14.20 5,
14.09 4,
14.05 4,
13.83 4,
13.57 5,
13.77 7,
13.91 3,
14.19 5,
13.98 5,
13.71 5,
13.71 1,
14.21 2,
14.34 3,
14.29 2,
14.15 2,
14.13 2,
14.22 2,
14.30 2,
14.30 2,
14.28 2,
14.39 2,
14.28 1,
14.08 2,
13.96 2,
13.84 2,
13.72 2,
13.82 2,
13.89 2,
13.91 3,
13.92 3,
13.97 2,
13.96 2,
13.96 2,
14.15 2,
14.11 2,
14.03 0,
13.88 1,
13.67 1,
13.73 2,
13.72 3,
13.69 3,
13.81 4,
13.91 4,
14.02 4,
14.21 3,
14.21 3,
14.17 4,
14.38 4,
14.48 4,
14.33 1,
14.23 0,
14.20 1,
14.09 0,
14.02 0,
13.88 3,
14.00 4,
14.13 3,
14.24 3,
13.89 2,
13.89 1,
13.86 1,
13.81 1,
13.96 2,
14.15 2,
14.18 2,
14.23 1,
14.31 2,
14.36 1,
14.26 1,
14.14 2,
14.04 2,
13.90 2,
13.82 1,
13.84 1,
14.00 1,
14.03 1,
14.08 1,
14.12 1,
14.20 2,
14.18 2,
14.16 1,
14.20 2,
14.21 2,
14.11 2,
13.97 3,
13.72 2,
13.75 2,
13.77 2,
13.81 1,
14.03 2,
14.01 2,
14.06 1,
14.04 1,
14.18 1,
14.17 1,
14.16 1,
14.13 1,
14.15 1,
14.08 1,
14.08 1,
13.99 1,
14.09 1,
14.20 2,
14.26 1,
14.38 2,
14.33 2,
14.17 3,
14.03 4,
13.98 5,
13.90 5,
13.87 5,
13.84 4,
13.87 3,
13.80 2,
ex,