12.18 3,
12.19 3,
12.20 1,
12.23 1,
12.24 2,
12.18 2,
12.19 2,
12.21 2,
12.34 2,
12.01 4,
11.86 4,
12.06 6,
12.21 7,
12.37 4,
12.59 2,
12.40 2,
11.96 3,
11.91 5,
12.06 8,
12.31 9,
12.42 9,
12.20 8,
12.14 4,
12.35 3,
12.37 3,
12.18 3,
11.98 3,
11.88 4,
12.14 5,
12.24 5,
12.24 5,
12.23 5,
12.22 4,
12.16 4,
12.29 4,
12.20 4,
12.18 4,
12.16 2,
12.08 3,
12.13 4,
12.24 4,
12.25 5,
12.24 6,
12.23 5,
12.19 4,
12.20 4,
12.14 4,
12.12 4,
12.16 4,
12.17 4,
12.17 4,
12.17 4,
12.15 4,
12.10 3,
12.02 3,
11.96 3,
11.92 4,
11.96 4,
12.03 4,
12.06 4,
12.01 4,
12.10 5,
12.08 5,
12.13 5,
12.10 5,
12.10 5,
12.11 5,
12.13 4,
12.10 5,
12.17 4,
12.15 4,
12.02 3,
11.69 6,
11.79 7,
11.77 7,
12.09 7,
12.49 4,
12.25 1,
11.87 2,
11.72 3,
11.69 3,
11.76 5,
11.77 7,
11.65 7,
11.77 7,
11.91 7,
12.07 7,
12.05 5,
11.98 4,
11.99 4,
12.03 4,
12.11 2,
12.15 1,
12.19 0,
12.14 0,
12.11 0,
12.19 1,
12.21 1,
12.08 1,
11.91 2,
11.79 1,
11.83 0,
11.96 1,
11.94 0,
11.88 1,
11.83 1,
11.78 1,
11.83 1,
11.87 2,
11.85 2,
11.81 2,
11.79 2,
11.79 2,
11.83 2,
11.84 2,
11.86 2,
11.87 2,
11.89 2,
11.88 3,
11.88 3,
11.94 3,
11.89 3,
11.91 1,
11.90 1,
11.97 1,
12.02 1,
12.05 2,
12.08 2,
12.07 2,
12.07 2,
12.06 2,
12.04 2,
12.04 3,
11.84 1,
11.65 1,
11.54 4,
11.85 5,
12.28 2,
12.47 2,
11.95 4,
11.76 5,
11.71 3,
11.74 3,
11.96 3,
11.82 3,
11.77 4,
12.02 4,
12.20 4,
12.19 4,
12.02 3,
11.81 3,
11.82 3,
11.88 4,
11.86 5,
11.87 6,
11.78 7,
11.72 7,
11.73 7,
11.92 8,
11.92 6,
11.79 6,
11.66 7,
11.73 8,
11.87 6,
11.96 4,
11.82 4,
11.71 5,
11.66 5,
11.65 6,
11.82 6,
11.95 5,
12.04 4,
11.96 5,
11.95 6,
11.96 7,
12.03 8,
12.24 8,
12.30 8,
12.38 10,
12.39 11,
12.28 13,
12.19 15,
12.04 16,
12.01 18,
11.99 18,
11.95 19,
11.91 19,
11.90 20,
12.00 21,
12.00 21,
12.01 21,
12.23 20,
12.41 20,
12.58 18,
12.47 16,
12.27 18,
12.06 21,
12.09 23,
12.62 22,
12.59 19,
12.39 19,
12.24 22,
12.10 25,
12.14 27,
12.20 28,
12.16 28,
11.97 28,
12.18 28,
12.34 26,
12.44 23,
12.20 23,
12.29 23,
12.13 23,
12.11 22,
12.08 22,
12.09 21,
12.09 19,
12.03 16,
12.08 16,
12.11 14,
12.10 13,
12.16 12,
12.17 12,
12.17 11,
12.30 10,
12.44 9,
12.49 8,
12.48 8,
12.41 7,
12.39 7,
12.28 6,
12.27 6,
12.23 6,
12.30 6,
12.28 6,
12.30 6,
12.24 6,
12.25 7,
12.25 7,
12.35 7,
12.42 6,
12.49 6,
12.50 6,
12.43 6,
12.43 5,
12.40 6,
12.38 6,
12.47 5,
12.52 5,
12.46 5,
12.37 4,
12.32 3,
12.37 3,
12.44 1,
12.49 1,
12.42 2,
12.25 3,
12.14 4,
12.69 3,
12.77 2,
12.63 1,
12.53 2,
12.31 1,
12.31 2,
12.35 3,
12.32 3,
12.22 3,
12.19 2,
12.33 2,
12.49 3,
12.39 3,
12.19 3,
12.12 3,
12.33 3,
12.39 3,
12.48 2,
12.50 2,
12.48 2,
12.61 1,
12.59 1,
12.47 2,
12.40 1,
12.37 0,
12.41 0,
12.46 0,
12.50 1,
12.47 1,
12.39 1,
12.41 1,
12.47 1,
12.50 1,
12.49 1,
12.47 1,
12.37 1,
12.34 1,
12.34 1,
12.37 1,
12.41 1,
12.43 1,
12.45 1,
12.44 1,
12.39 1,
12.44 0,
12.37 1,
12.44 1,
12.38 0,
12.37 0,
12.36 1,
12.34 1,
12.35 2,
12.28 2,
12.38 2,
12.44 2,
12.51 1,
12.46 2,
12.33 2,
12.10 2,
12.24 3,
12.47 2,
12.73 0,
12.71 2,
12.37 2,
12.18 0,
12.15 1,
12.26 2,
12.30 2,
12.19 2,
12.24 2,
12.36 2,
12.56 3,
12.48 3,
12.27 2,
12.22 2,
12.29 2,
12.42 2,
12.44 1,
12.39 0,
12.31 0,
12.31 0,
12.33 0,
12.29 1,
12.21 1,
12.23 1,
12.31 1,
12.33 0,
12.44 1,
12.45 1,
12.47 1,
12.46 1,
12.46 1,
12.45 0,
12.33 1,
12.23 1,
12.23 1,
12.18 1,
12.22 1,
12.22 1,
12.27 2,
12.28 1,
12.32 2,
12.31 1,
12.29 1,
12.23 1,
12.25 1,
12.29 1,
12.27 1,
12.33 2,
12.32 2,
12.30 1,
12.26 1,
12.29 1,
12.26 1,
12.30 1,
12.30 1,
12.25 2,
12.26 4,
12.14 2,
11.93 2,
12.17 2,
12.50 1,
12.62 3,
12.33 5,
12.14 3,
12.04 2,
12.24 3,
12.31 3,
12.21 3,
12.10 2,
12.43 3,
12.54 3,
12.49 3,
12.30 2,
12.06 1,
12.16 2,
12.24 2,
12.37 2,
12.33 1,
12.31 1,
12.24 1,
12.31 1,
12.32 1,
12.28 2,
12.22 2,
12.20 2,
12.28 2,
12.32 1,
12.35 1,
12.36 1,
12.30 2,
12.26 1,
12.24 1,
12.22 1,
12.18 1,
12.19 1,
12.23 1,
12.23 0,
12.27 1,
12.30 1,
12.29 1,
12.20 1,
12.22 0,
12.24 1,
12.27 1,
12.23 1,
12.23 1,
12.21 1,
12.19 1,
12.18 1,
12.30 1,
12.37 1,
12.38 1,
12.35 2,
12.23 2,
12.26 1,
12.19 2,
12.20 1,
11.97 4,
11.83 4,
11.97 6,
12.12 2,
12.49 2,
12.40 2,
12.20 2,
12.03 3,
12.21 4,
12.28 4,
12.26 5,
12.07 5,
12.21 6,
12.39 7,
12.37 7,
12.08 8,
11.94 8,
12.04 8,
12.09 8,
12.15 8,
12.13 8,
12.19 8,
12.17 7,
12.14 6,
12.17 7,
12.19 7,
12.19 7,
12.18 6,
12.23 4,
12.26 4,
12.21 5,
12.14 4,
12.06 4,
12.03 4,
12.09 5,
12.11 5,
12.11 5,
12.00 5,
11.92 6,
11.85 6,
11.83 6,
11.85 6,
11.88 7,
11.98 7,
12.05 7,
12.09 7,
12.05 9,
12.11 8,
12.05 8,
12.02 7,
11.94 7,
11.98 6,
11.96 5,
11.85 4,
11.76 5,
11.73 6,
11.66 9,
11.76 12,
11.82 15,
11.78 19,
11.51 21,
11.29 24,
11.44 27,
11.72 30,
11.64 32,
11.40 36,
11.18 39,
11.27 43,
11.67 46,
11.94 47,
11.78 47,
11.35 50,
11.47 53,
11.56 54,
11.59 54,
11.20 52,
11.14 50,
11.21 48,
11.24 46,
11.25 44,
11.18 41,
11.05 38,
10.65 35,
10.50 32,
10.53 28,
10.51 25,
11.19 25,
11.39 24,
11.48 24,
11.69 24,
11.72 22,
11.74 20,
11.66 18,
11.63 16,
11.65 13,
11.63 10,
11.74 8,
11.88 9,
11.98 10,
12.07 11,
12.12 11,
12.04 12,
11.95 13,
11.84 14,
11.24 16,
11.09 18,
10.98 22,
10.92 26,
10.85 30,
10.82 34,
10.87 36,
10.97 37,
11.13 37,
11.21 36,
11.32 35,
11.26 33,
11.23 31,
11.15 30,
11.16 30,
11.49 28,
11.43 28,
11.18 29,
11.03 34,
10.80 38,
10.92 40,
11.33 39,
11.29 37,
10.89 37,
10.87 38,
10.88 41,
10.94 45,
10.81 46,
10.81 48,
10.82 50,
10.90 51,
10.96 52,
10.98 52,
11.02 53,
10.97 54,
11.03 56,
10.99 56,
10.85 57,
10.86 57,
10.90 58,
11.01 59,
10.98 59,
10.89 60,
10.77 61,
10.72 62,
10.59 62,
10.67 61,
10.71 63,
10.74 66,
10.69 68,
10.75 70,
10.78 73,
10.75 76,
11.02 80,
11.02 84,
11.11 90,
10.83 96,
10.54 100,
10.37 104,
10.23 107,
9.76 110,
9.66 114,
9.41 118,
8.89 124,
8.55 127,
8.21 130,
8.20 131,
8.16 131,
8.20 131,
8.10 133,
8.04 136,
8.23 139,
8.20 142,
8.15 145,
8.11 151,
7.88 160,
7.48 164,
7.26 165,
6.96 163,
6.55 160,
6.13 155,
5.61 153,
4.55 158,
3.90 162,
3.13 164,
2.61 159,
2.19 152,
1.97 147,
2.36 145,
3.58 146,
4.05 149,
4.05 154,
3.60 157,
2.15 159,
2.49 164,
2.86 162,
3.33 159,
3.53 162,
3.86 162,
5.55 164,
6.28 163,
7.20 172,
7.84 176,
8.82 178,
8.12 179,
7.57 172,
7.77 148,
10.24 124,
8.87 107,
7.39 47,
24.91 118,
42.52 127,
72.16 223,
72.80 272,
72.69 319,
63.51 346,
59.68 315,
57.44 296,
50.18 261,
46.73 196,
42.77 116,
41.37 40,
41.54 115,
37.18 149,
30.30 146,
21.50 91,
14.57 35,
14.55 17,
15.12 42,
15.18 45,
14.70 40,
13.71 52,
12.68 49,
11.74 45,
12.83 61,
13.14 66,
11.57 56,
9.07 37,
6.26 21,
8.29 22,
10.13 30,
10.86 40,
10.29 48,
9.03 52,
10.36 34,
6.20 20,
7.52 48,
7.52 49,
8.00 44,
10.47 44,
9.52 52,
12.30 68,
13.11 43,
12.53 47,
12.63 53,
12.80 58,
13.18 60,
13.46 61,
13.58 63,
14.09 63,
14.74 59,
14.28 48,
13.80 33,
13.71 23,
13.70 18,
13.59 15,
14.04 16,
14.78 18,
13.79 19,
14.47 18,
14.63 23,
13.59 28,
14.94 26,
15.50 31,
14.86 40,
14.34 44,
13.75 50,
13.28 51,
12.13 45,
10.09 37,
9.96 43,
11.40 16,
9.14 31,
9.66 14,
9.77 11,
10.89 19,
12.62 21,
13.05 24,
13.14 24,
13.15 24,
13.02 25,
12.76 25,
12.05 20,
12.64 14,
13.28 15,
13.32 21,
12.80 29,
11.70 31,
11.12 30,
10.69 26,
10.43 19,
10.37 20,
10.70 21,
11.12 21,
11.33 25,
11.67 28,
11.36 30,
11.63 30,
12.41 29,
12.66 26,
12.78 21,
12.63 14,
12.59 6,
12.52 7,
12.30 11,
11.92 14,
11.70 17,
11.84 18,
11.71 18,
11.75 16,
11.75 13,
11.82 10,
11.84 9,
11.63 11,
11.59 12,
11.63 12,
11.69 13,
11.90 13,
11.89 15,
12.00 15,
12.01 16,
11.93 16,
11.96 16,
11.91 15,
11.87 14,
11.91 12,
11.96 10,
11.94 8,
12.04 7,
11.96 5,
11.95 4,
11.92 3,
11.80 3,
11.71 4,
11.62 4,
11.30 5,
11.21 5,
11.22 4,
11.28 4,
11.24 5,
11.15 7,
10.96 6,
10.43 4,
10.53 10,
11.26 5,
10.86 3,
10.39 5,
10.36 4,
10.45 2,
10.61 3,
10.77 5,
10.87 5,
11.04 4,
11.22 4,
11.64 4,
11.64 3,
11.59 1,
11.54 1,
11.55 0,
11.62 1,
11.72 1,
11.69 0,
11.71 0,
11.71 0,
11.60 1,
11.55 1,
11.63 1,
11.66 1,
11.57 3,
11.66 4,
11.58 3,
11.45 4,
11.34 4,
11.18 4,
11.13 4,
11.11 3,
11.19 2,
11.19 2,
11.26 2,
11.27 2,
11.28 2,
11.27 2,
11.32 3,
11.26 2,
11.24 2,
11.20 2,
11.19 2,
11.26 2,
11.27 2,
11.23 2,
11.22 1,
11.16 2,
11.15 2,
11.09 1,
11.04 1,
11.13 1,
11.10 1,
11.11 1,
11.22 1,
11.42 2,
11.39 1,
11.37 1,
11.58 0,
11.65 1,
11.63 1,
11.01 3,
10.99 7,
11.68 5,
11.82 3,
11.39 5,
11.03 4,
10.96 4,
11.13 4,
11.45 5,
11.48 3,
11.46 2,
11.49 1,
11.66 2,
11.58 2,
11.45 2,
11.34 2,
11.21 1,
11.16 0,
11.16 0,
11.23 0,
11.15 0,
11.17 1,
11.20 0,
11.26 0,
11.27 0,
11.26 0,
11.22 0,
11.40 1,
11.40 3,
11.38 3,
11.28 3,
11.10 3,
11.31 4,
11.35 3,
11.52 2,
11.57 1,
11.64 1,
11.65 2,
11.73 3,
11.66 3,
11.66 3,
11.64 2,
11.62 1,
11.62 1,
11.59 1,
11.62 0,
11.53 0,
11.53 1,
11.56 1,
11.48 1,
11.46 1,
11.39 1,
11.41 0,
11.40 0,
11.44 0,
11.47 0,
11.49 0,
11.62 0,
11.57 0,
11.56 0,
11.71 1,
11.68 0,
11.73 0,
11.63 1,
11.12 4,
11.61 7,
11.74 2,
11.47 3,
11.20 3,
11.08 3,
11.14 3,
11.47 4,
11.78 5,
11.69 4,
11.62 3,
11.72 2,
11.72 2,
11.76 1,
11.73 1,
11.73 0,
11.72 2,
11.68 2,
11.64 2,
11.67 2,
11.63 2,
11.64 1,
11.66 1,
11.67 1,
11.70 0,
11.63 0,
11.52 1,
11.32 1,
11.48 2,
11.69 2,
11.51 1,
11.33 3,
11.16 5,
11.21 4,
11.49 1,
11.55 1,
11.47 1,
11.56 1,
11.57 1,
11.63 1,
11.56 1,
11.51 0,
11.52 0,
11.54 0,
11.55 0,
11.58 1,
11.59 1,
11.62 1,
11.54 1,
11.50 1,
11.50 0,
11.52 0,
11.59 0,
11.65 0,
11.69 0,
11.58 1,
11.48 1,
11.40 1,
11.43 1,
11.51 0,
11.60 0,
11.62 0,
11.57 0,
11.59 1,
11.66 1,
11.63 1,
11.59 1,
10.85 1,
11.40 5,
12.37 6,
12.14 1,
11.22 3,
11.03 6,
11.03 5,
11.37 3,
11.56 4,
11.65 4,
11.68 2,
11.72 0,
11.84 0,
11.92 0,
11.92 1,
11.76 1,
11.73 1,
11.63 1,
11.55 2,
11.53 2,
11.48 2,
11.45 2,
11.44 1,
11.49 1,
11.53 1,
11.51 1,
11.49 1,
11.53 1,
11.55 1,
11.45 1,
11.67 1,
11.50 1,
11.48 2,
11.49 2,
11.49 1,
11.54 0,
11.54 0,
11.49 0,
11.50 0,
11.58 0,
11.59 0,
11.62 0,
11.65 0,
11.64 1,
11.64 1,
11.54 0,
11.60 0,
11.57 0,
11.52 0,
11.46 0,
11.44 1,
11.46 0,
11.46 0,
11.48 1,
11.52 1,
11.52 0,
11.50 0,
11.50 0,
11.56 0,
11.52 0,
11.48 0,
11.54 0,
11.60 0,
11.55 0,
11.56 0,
11.53 1,
11.52 0,
11.55 0,
11.55 0,
11.58 0,
11.51 0,
11.49 0,
11.47 0,
11.52 0,
11.50 0,
11.55 0,
11.55 0,
11.49 0,
11.52 1,
11.50 0,
11.55 0,
11.49 0,
11.55 0,
11.53 0,
11.51 0,
11.54 0,
11.51 1,
11.52 0,
11.49 1,
11.50 1,
11.52 0,
11.49 0,
11.50 0,
11.48 0,
11.50 0,
11.53 0,
11.56 0,
11.59 0,
11.54 0,
11.56 0,
11.57 0,
11.57 0,
11.54 0,
11.42 1,
11.37 1,
11.41 1,
11.46 1,
11.45 1,
11.52 0,
11.53 1,
11.49 1,
11.53 1,
11.51 1,
11.48 1,
11.08 1,
11.60 6,
11.90 8,
11.92 1,
11.51 2,
11.11 4,
11.09 4,
11.20 2,
11.42 4,
11.65 4,
11.58 2,
11.56 1,
11.68 1,
11.86 1,
11.86 0,
11.81 1,
11.56 1,
11.52 1,
11.45 1,
11.41 2,
11.34 2,
11.37 2,
11.34 2,
11.41 1,
11.38 1,
11.36 1,
11.42 1,
11.41 1,
11.37 1,
11.32 1,
11.56 1,
11.57 1,
11.36 2,
11.32 4,
11.36 2,
11.45 0,
11.48 0,
11.40 0,
11.45 1,
11.51 1,
11.52 1,
11.53 1,
11.57 1,
11.59 1,
11.61 0,
11.53 0,
11.48 1,
11.46 1,
11.48 1,
11.43 1,
11.43 1,
11.42 1,
11.41 0,
11.45 0,
11.42 0,
11.45 0,
11.45 0,
11.46 0,
11.47 0,
11.45 0,
11.45 0,
11.47 0,
11.52 0,
11.51 0,
11.53 0,
11.48 0,
11.47 0,
11.48 0,
11.46 0,
11.44 0,
11.45 0,
11.45 0,
11.49 0,
11.48 0,
11.50 0,
11.44 0,
11.41 0,
11.46 0,
11.44 0,
11.48 0,
11.47 0,
11.51 0,
11.47 0,
11.39 0,
11.39 0,
11.39 1,
11.37 1,
11.44 1,
11.45 0,
11.47 1,
11.37 1,
11.46 1,
11.48 0,
11.57 0,
11.30 0,
11.00 1,
11.31 5,
11.49 5,
11.49 1,
11.26 3,
11.12 3,
11.11 3,
11.41 5,
11.67 6,
11.65 4,
11.47 0,
11.53 1,
11.62 1,
11.75 1,
11.65 1,
11.56 2,
11.47 2,
11.40 1,
11.43 0,
11.39 0,
11.37 0,
11.39 0,
11.35 0,
11.38 0,
11.36 0,
11.42 0,
11.45 0,
11.47 0,
11.36 0,
11.45 1,
11.56 2,
11.52 2,
11.47 2,
11.07 4,
11.18 4,
11.40 1,
11.50 1,
11.53 1,
11.57 1,
11.56 2,
11.54 2,
11.48 2,
11.40 2,
11.43 1,
11.39 0,
11.38 0,
11.38 0,
11.35 0,
11.36 0,
11.35 0,
11.39 0,
11.32 1,
11.41 2,
11.42 2,
11.47 2,
11.42 2,
11.44 2,
11.42 2,
11.48 2,
11.47 2,
11.48 2,
11.46 2,
11.45 2,
11.43 2,
11.45 1,
11.37 1,
11.46 1,
11.51 0,
11.52 0,
11.49 0,
11.36 1,
11.44 1,
11.49 0,
11.37 1,
11.21 1,
11.25 3,
11.04 6,
11.92 3,
11.61 4,
11.23 3,
11.05 4,
11.21 3,
11.39 2,
11.53 3,
11.58 2,
11.55 0,
11.54 1,
11.55 1,
11.66 1,
11.57 1,
11.54 1,
11.52 1,
11.45 0,
11.43 0,
11.41 0,
11.41 1,
11.44 0,
11.43 0,
11.44 0,
11.43 0,
11.41 0,
11.47 0,
11.47 0,
11.27 0,
11.44 1,
11.57 1,
11.58 0,
11.21 1,
11.16 3,
11.24 4,
11.46 2,
11.46 1,
11.43 1,
11.43 0,
11.48 1,
11.48 1,
11.48 1,
11.46 1,
11.54 1,
11.46 0,
11.43 0,
11.46 0,
11.43 0,
11.39 0,
11.38 0,
11.34 1,
11.36 1,
11.34 1,
11.37 1,
11.38 1,
11.39 1,
11.37 1,
11.37 1,
11.48 0,
11.46 0,
11.47 0,
11.45 0,
11.48 0,
11.47 0,
11.40 0,
11.37 0,
11.37 0,
11.38 0,
11.42 0,
11.40 1,
11.38 1,
11.40 1,
11.38 1,
11.42 2,
11.45 2,
11.47 1,
11.11 1,
11.11 1,
11.47 5,
11.72 5,
11.55 1,
11.21 2,
11.03 4,
11.08 4,
11.15 3,
11.31 3,
11.39 4,
11.52 3,
11.50 2,
11.56 1,
11.67 1,
11.71 0,
11.62 0,
11.57 0,
11.47 0,
11.40 0,
11.35 1,
11.37 1,
11.38 1,
11.40 1,
11.33 0,
11.37 0,
11.40 0,
11.44 0,
11.44 1,
11.40 1,
11.29 1,
11.47 1,
11.57 1,
11.38 1,
11.27 3,
11.32 2,
11.38 0,
11.39 0,
11.40 0,
11.38 0,
11.43 0,
11.53 1,
11.51 1,
11.51 1,
11.49 1,
11.55 1,
11.44 1,
11.42 1,
11.38 0,
11.38 1,
11.34 1,
11.34 1,
11.30 0,
11.35 0,
11.34 0,
11.36 1,
11.37 1,
11.36 0,
11.35 1,
11.35 0,
11.39 0,
11.42 1,
11.49 1,
11.46 0,
11.44 0,
11.46 1,
11.42 0,
11.44 0,
11.39 1,
11.38 0,
11.37 0,
11.46 0,
11.45 0,
11.45 0,
11.38 0,
11.37 1,
11.45 0,
11.52 0,
11.40 0,
11.07 1,
11.26 3,
11.28 5,
11.57 1,
11.30 5,
11.14 4,
11.04 3,
11.23 4,
11.49 6,
11.59 7,
11.54 4,
11.53 1,
11.59 0,
11.69 0,
11.64 0,
11.60 1,
11.51 1,
11.45 1,
11.36 1,
11.37 0,
11.36 0,
11.36 1,
11.38 1,
11.40 1,
11.36 1,
11.39 1,
11.43 1,
11.50 1,
11.46 1,
11.27 0,
11.53 2,
11.54 2,
11.51 1,
11.21 2,
11.12 4,
11.22 2,
11.49 0,
11.54 2,
11.54 2,
11.59 2,
11.62 3,
11.59 3,
11.56 3,
11.52 2,
11.50 2,
11.44 2,
11.45 2,
11.40 1,
11.34 1,
11.32 1,
11.36 1,
11.31 1,
11.33 1,
11.39 0,
11.45 1,
11.44 1,
11.42 1,
11.42 1,
11.48 1,
11.46 1,
11.44 0,
11.38 0,
11.40 0,
11.42 0,
11.46 1,
11.46 0,
11.41 1,
11.41 0,
11.40 1,
11.45 2,
11.60 1,
11.58 0,
11.50 0,
11.30 2,
11.36 4,
ex,