12.20 2,
12.25 2,
12.21 4,
12.19 5,
12.09 5,
12.02 5,
11.99 4,
12.04 5,
12.21 7,
12.07 11,
11.84 12,
11.55 8,
11.36 3,
11.74 5,
12.26 13,
12.54 17,
12.14 16,
11.96 14,
11.90 13,
12.03 14,
11.85 15,
11.55 16,
11.60 18,
12.25 19,
12.23 20,
12.16 21,
12.12 20,
11.99 19,
11.93 17,
11.75 15,
11.68 15,
11.75 16,
11.69 16,
11.51 15,
11.19 14,
11.10 13,
10.95 11,
10.80 9,
10.64 10,
10.49 11,
10.31 11,
10.17 13,
9.97 15,
9.80 17,
9.54 19,
8.89 23,
8.43 28,
8.05 35,
7.76 41,
7.44 45,
7.26 48,
7.05 49,
6.96 49,
7.02 49,
6.99 47,
7.03 43,
7.60 40,
8.08 38,
8.55 37,
9.00 37,
10.48 38,
11.19 41,
11.70 44,
12.21 47,
13.88 50,
14.56 54,
15.20 59,
15.56 62,
15.52 63,
15.33 62,
15.20 63,
15.91 67,
16.59 71,
17.32 72,
17.77 71,
18.03 71,
18.04 76,
17.97 84,
17.74 91,
17.18 96,
16.87 100,
16.61 102,
16.00 103,
15.54 104,
14.87 107,
14.24 111,
13.06 122,
12.49 139,
11.71 157,
10.82 169,
10.78 174,
10.91 174,
10.97 176,
11.41 176,
12.86 166,
12.77 160,
12.62 162,
11.74 164,
11.39 162,
10.99 153,
10.90 161,
10.79 167,
10.93 169,
11.39 164,
11.75 139,
12.25 141,
13.64 142,
13.72 126,
14.29 115,
14.45 109,
14.29 104,
14.13 95,
14.89 90,
15.08 83,
15.70 89,
16.15 85,
16.55 79,
16.75 74,
17.05 73,
17.30 73,
17.46 73,
17.32 71,
17.21 66,
18.46 57,
19.01 45,
19.53 29,
19.85 28,
20.21 28,
20.17 26,
20.14 23,
19.95 20,
18.76 21,
18.05 26,
17.68 30,
17.54 34,
17.45 38,
17.37 42,
17.05 47,
16.60 52,
16.44 57,
16.31 61,
16.12 64,
16.01 68,
15.85 72,
15.70 76,
15.36 81,
14.56 86,
14.39 88,
14.24 90,
13.85 94,
13.52 99,
13.28 103,
13.28 108,
13.45 111,
13.48 115,
13.35 118,
13.31 118,
13.20 117,
13.19 114,
13.31 109,
13.56 102,
13.29 97,
13.13 93,
12.83 91,
12.47 88,
12.46 88,
12.60 89,
12.68 89,
12.06 86,
12.32 87,
12.31 90,
12.02 90,
11.95 90,
11.93 89,
11.85 86,
11.87 86,
11.94 88,
11.95 90,
12.16 92,
12.63 94,
13.12 94,
12.90 95,
12.53 96,
12.53 96,
12.64 91,
12.81 84,
12.69 77,
12.43 72,
11.93 68,
11.72 64,
11.54 60,
11.32 58,
10.98 57,
10.82 55,
10.82 52,
10.87 51,
10.88 48,
10.88 45,
11.24 41,
10.73 37,
11.16 32,
11.45 34,
11.55 33,
11.56 32,
11.64 31,
11.86 29,
11.78 26,
11.58 23,
11.47 22,
11.16 22,
11.28 22,
11.36 23,
11.57 22,
11.64 22,
11.72 21,
11.69 19,
11.77 17,
11.73 14,
11.71 11,
11.68 9,
11.64 9,
11.62 10,
11.58 11,
11.48 11,
11.33 11,
11.24 10,
11.11 9,
10.96 7,
10.91 7,
10.86 6,
10.75 4,
10.42 7,
10.42 12,
10.52 15,
10.73 17,
10.58 20,
10.20 23,
10.12 23,
10.04 25,
10.32 30,
10.54 36,
10.39 40,
10.47 44,
10.61 49,
10.79 51,
10.74 55,
10.55 61,
10.71 67,
10.91 72,
11.23 75,
11.73 78,
11.85 80,
12.09 81,
12.72 81,
12.95 79,
13.57 76,
13.54 74,
13.83 77,
13.90 80,
14.00 82,
14.15 85,
14.51 85,
14.71 81,
14.73 75,
14.80 71,
14.82 68,
14.75 67,
14.58 65,
14.30 63,
14.15 60,
14.10 60,
13.90 61,
13.36 60,
13.08 58,
12.93 56,
12.84 53,
12.80 51,
12.84 48,
12.96 45,
13.15 40,
13.22 35,
13.20 36,
13.20 35,
13.18 34,
13.22 33,
13.18 31,
13.28 26,
13.44 26,
13.61 25,
13.58 29,
12.83 35,
12.84 35,
12.84 35,
12.97 32,
13.25 32,
13.19 34,
13.17 34,
13.27 34,
13.36 32,
13.27 30,
13.21 26,
13.31 20,
13.46 20,
13.43 19,
13.33 21,
13.08 20,
13.01 20,
12.98 20,
13.04 21,
12.98 24,
12.88 25,
12.90 25,
12.88 23,
12.90 21,
13.00 18,
13.17 15,
13.59 12,
13.79 11,
13.82 9,
13.85 6,
14.22 7,
14.40 8,
14.66 9,
14.91 8,
15.42 8,
15.56 10,
15.70 11,
15.64 11,
15.43 10,
15.42 9,
15.39 8,
15.20 8,
15.03 9,
14.77 10,
14.65 12,
14.39 12,
14.37 11,
14.33 9,
14.27 9,
14.20 10,
14.35 12,
14.51 14,
14.39 15,
13.87 16,
13.61 16,
13.70 16,
13.74 15,
13.76 13,
13.79 12,
13.72 14,
13.66 16,
13.80 19,
13.74 22,
13.62 27,
13.45 31,
13.57 35,
13.54 36,
13.48 37,
13.51 36,
13.57 34,
13.56 33,
13.67 33,
13.71 34,
13.77 35,
13.88 36,
14.23 37,
14.31 37,
14.37 36,
14.58 35,
14.65 32,
14.70 29,
14.69 27,
14.45 26,
14.26 25,
14.07 26,
13.83 27,
13.26 28,
13.07 28,
12.85 27,
12.58 26,
12.39 25,
12.28 23,
12.15 22,
12.43 20,
12.63 17,
12.87 15,
13.05 15,
13.16 15,
13.16 15,
13.25 14,
13.28 13,
13.40 13,
13.38 14,
13.22 19,
13.19 24,
13.44 28,
13.72 28,
13.80 24,
13.14 21,
13.20 21,
13.34 25,
13.35 28,
13.64 30,
13.64 30,
13.49 31,
13.41 31,
13.49 30,
13.36 31,
13.21 32,
13.11 32,
13.30 32,
13.47 30,
13.46 29,
13.49 28,
13.37 28,
13.22 28,
12.99 28,
12.69 30,
12.71 30,
12.61 31,
12.64 32,
12.63 34,
12.75 34,
13.00 33,
13.10 30,
13.13 30,
12.90 31,
13.00 33,
12.66 34,
12.71 35,
12.70 36,
12.69 37,
12.68 38,
12.74 39,
12.77 40,
12.92 41,
12.94 41,
12.95 41,
12.95 42,
12.88 43,
12.82 43,
12.79 44,
12.73 45,
12.41 47,
12.35 51,
12.37 53,
12.36 55,
12.26 57,
12.06 60,
11.92 62,
11.99 64,
12.25 65,
12.40 62,
11.74 60,
11.32 65,
11.39 71,
11.43 76,
11.72 77,
11.65 76,
11.44 76,
11.29 75,
11.28 74,
11.28 73,
11.40 74,
11.55 75,
12.08 75,
12.27 75,
12.47 73,
12.51 71,
12.23 72,
12.16 73,
12.13 74,
11.29 75,
10.92 80,
10.55 83,
11.38 86,
9.56 85,
9.92 83,
10.05 81,
9.93 80,
9.82 81,
9.98 88,
9.69 97,
9.06 107,
8.69 119,
8.10 131,
7.56 138,
6.82 136,
7.10 126,
7.10 126,
6.03 118,
5.38 119,
5.69 123,
6.30 123,
6.53 115,
7.52 99,
8.11 81,
8.43 66,
7.72 69,
7.11 87,
6.71 108,
6.17 124,
4.64 130,
3.60 133,
2.77 132,
2.42 130,
2.69 130,
4.24 129,
5.81 137,
7.95 153,
11.39 143,
14.30 127,
15.55 165,
15.73 209,
16.81 253,
17.11 319,
18.59 364,
15.40 403,
25.52 370,
23.54 319,
24.36 227,
35.78 291,
28.62 413,
41.39 396,
53.72 351,
47.74 453,
54.76 755,
29.42 1336,
44.88 624,
69.21 326,
40.64 347,
37.08 404,
51.48 475,
48.07 397,
50.32 277,
25.91 157,
30.19 150,
29.92 169,
28.40 166,
23.91 151,
21.51 129,
16.51 108,
27.43 121,
18.72 150,
22.39 128,
11.46 134,
21.04 156,
12.31 154,
6.65 99,
8.18 83,
10.24 88,
13.13 92,
14.63 85,
15.03 95,
11.93 105,
14.77 118,
14.47 113,
14.44 101,
12.19 90,
10.42 75,
9.91 60,
10.62 47,
11.37 39,
11.69 24,
11.45 32,
8.38 41,
12.98 43,
13.43 49,
14.31 48,
13.62 56,
15.57 58,
15.78 63,
15.86 57,
17.38 44,
18.08 36,
17.79 30,
17.79 28,
17.26 27,
17.82 27,
18.42 22,
17.82 18,
18.03 20,
17.17 22,
16.35 25,
15.56 28,
15.37 30,
15.18 31,
14.66 30,
14.66 32,
14.45 34,
13.94 37,
11.44 38,
15.93 32,
12.50 39,
12.93 40,
13.25 37,
12.91 34,
13.18 32,
13.30 31,
13.57 31,
14.13 32,
14.56 34,
14.24 33,
14.76 30,
16.63 40,
16.35 31,
14.98 25,
16.08 27,
14.62 32,
13.74 44,
14.69 41,
13.88 33,
13.20 28,
13.83 20,
14.31 14,
15.01 21,
15.61 25,
14.53 32,
13.83 36,
13.50 36,
15.70 35,
14.76 33,
14.75 30,
15.30 26,
14.03 22,
13.92 17,
13.90 14,
14.08 11,
13.53 10,
13.54 10,
13.56 8,
13.54 8,
13.53 7,
13.68 6,
13.79 6,
13.82 4,
14.02 3,
14.22 5,
14.57 9,
14.88 11,
15.03 12,
14.93 13,
14.97 13,
15.14 13,
15.03 13,
14.85 12,
14.72 10,
14.46 8,
14.48 7,
14.54 5,
14.52 4,
14.45 2,
14.36 2,
14.26 2,
14.14 2,
14.09 2,
14.20 3,
14.41 4,
14.49 4,
14.39 5,
14.29 7,
14.20 9,
14.21 9,
14.18 10,
14.15 10,
14.20 10,
14.30 9,
14.44 8,
14.53 7,
14.52 7,
14.50 6,
14.49 6,
14.48 5,
14.33 4,
14.39 3,
14.45 3,
14.45 3,
14.42 4,
14.43 6,
14.01 6,
13.94 4,
14.27 4,
14.63 3,
14.63 5,
14.10 5,
14.10 6,
14.34 5,
14.54 4,
14.18 3,
14.22 3,
14.39 3,
14.57 2,
14.49 2,
14.47 2,
14.49 2,
14.55 2,
14.52 2,
14.50 1,
14.47 1,
14.41 1,
14.36 2,
14.36 2,
14.46 2,
14.34 2,
14.25 2,
14.32 2,
14.46 2,
14.41 3,
14.33 3,
14.23 3,
14.17 3,
14.13 3,
14.10 3,
14.09 2,
14.27 3,
14.36 3,
14.37 2,
14.34 2,
14.32 2,
14.26 1,
14.33 2,
14.38 2,
14.40 2,
14.43 2,
14.54 2,
14.57 2,
14.46 3,
14.42 2,
14.32 2,
14.21 2,
14.17 1,
14.23 0,
14.23 0,
14.31 0,
14.36 1,
14.37 0,
14.47 1,
14.67 1,
14.59 0,
14.62 1,
14.66 1,
14.61 1,
14.64 1,
14.54 0,
14.58 0,
14.71 0,
14.68 2,
14.49 2,
14.42 1,
14.47 0,
14.80 1,
15.03 1,
14.71 1,
15.07 0,
14.62 4,
15.09 2,
14.86 1,
14.52 1,
14.52 1,
14.56 0,
14.61 0,
14.64 1,
14.61 1,
14.62 1,
14.68 1,
14.70 1,
14.62 1,
14.57 1,
14.61 1,
14.63 1,
14.60 0,
14.64 1,
14.60 0,
14.57 0,
14.73 0,
14.72 0,
14.66 0,
14.44 0,
14.51 0,
14.59 0,
14.73 0,
14.72 0,
14.68 0,
14.66 0,
14.56 0,
14.56 0,
14.55 0,
14.61 0,
14.63 0,
14.65 0,
14.67 0,
14.66 1,
14.59 1,
14.53 1,
14.55 1,
14.59 0,
14.62 1,
14.68 1,
14.69 1,
14.77 1,
14.76 1,
14.73 1,
14.73 0,
14.70 1,
14.68 1,
14.62 1,
14.67 1,
14.63 1,
14.59 1,
14.66 1,
14.70 1,
14.67 1,
14.62 1,
14.56 0,
14.51 0,
14.53 0,
14.57 0,
14.58 0,
14.68 0,
14.66 0,
14.66 0,
14.63 1,
14.60 1,
14.57 1,
14.59 1,
14.66 0,
14.60 0,
14.56 0,
14.63 0,
14.79 1,
14.55 3,
14.50 1,
14.68 0,
14.99 1,
15.08 1,
14.86 1,
14.37 1,
14.54 1,
14.76 0,
14.79 0,
14.48 0,
14.55 0,
14.64 0,
14.66 0,
14.53 0,
14.56 0,
14.57 0,
14.69 0,
14.67 0,
14.63 0,
14.56 1,
14.50 0,
14.49 0,
14.55 0,
14.61 0,
14.59 0,
14.42 1,
14.43 0,
14.66 1,
14.70 1,
14.65 1,
14.58 1,
14.63 1,
14.68 1,
14.72 1,
14.66 0,
14.59 1,
14.64 0,
14.63 0,
14.59 0,
14.53 0,
14.59 0,
14.63 0,
14.67 0,
14.62 0,
14.63 0,
14.60 0,
14.65 0,
14.63 0,
14.63 0,
14.60 0,
14.61 0,
14.59 0,
14.63 0,
14.71 0,
14.69 0,
14.64 0,
14.67 0,
14.61 0,
14.59 1,
14.58 1,
14.58 0,
14.48 1,
14.49 1,
14.48 1,
14.53 1,
14.67 0,
14.68 0,
14.70 0,
14.61 0,
14.58 0,
14.58 0,
14.60 0,
14.55 0,
14.53 1,
14.61 0,
14.60 0,
14.69 0,
14.71 1,
14.72 2,
14.60 1,
14.65 0,
14.85 1,
14.97 2,
14.57 1,
14.32 0,
14.37 0,
14.70 1,
14.65 1,
14.42 0,
14.42 0,
14.50 0,
14.67 0,
14.59 1,
14.52 1,
14.58 0,
14.58 0,
14.61 0,
14.60 0,
14.62 0,
14.63 0,
14.63 0,
14.60 0,
14.64 0,
14.70 0,
14.53 0,
14.54 0,
14.69 0,
14.74 0,
14.63 0,
14.55 0,
14.54 0,
14.66 0,
14.63 0,
14.54 0,
14.53 0,
14.53 0,
14.55 0,
14.60 0,
14.59 0,
14.58 0,
14.55 0,
14.57 0,
14.57 0,
14.56 0,
14.58 0,
14.57 0,
14.58 0,
14.63 0,
14.59 0,
14.56 0,
14.61 0,
14.59 0,
14.60 0,
14.65 0,
14.63 0,
14.58 0,
14.56 0,
14.54 0,
14.57 0,
14.61 0,
14.58 0,
14.59 0,
14.52 0,
14.52 0,
14.55 0,
14.52 0,
14.54 0,
14.61 0,
14.62 0,
14.60 0,
14.59 0,
14.59 0,
14.57 1,
14.50 1,
14.46 1,
14.50 0,
14.61 0,
14.69 2,
14.69 3,
14.43 1,
14.48 0,
14.56 1,
14.95 1,
14.87 3,
14.63 3,
14.40 2,
14.60 1,
14.79 2,
14.75 2,
14.33 1,
14.50 1,
14.63 1,
14.67 2,
14.54 2,
14.51 1,
14.54 1,
14.57 1,
14.62 1,
14.59 1,
14.56 1,
14.51 1,
14.55 1,
14.53 1,
14.52 1,
14.46 0,
14.41 0,
14.42 0,
14.59 1,
14.61 1,
14.55 0,
14.51 0,
14.49 0,
14.57 0,
14.58 0,
14.56 0,
14.51 0,
14.46 0,
14.49 0,
14.49 0,
14.54 1,
14.57 0,
14.56 0,
14.56 0,
14.58 0,
14.50 0,
14.51 1,
14.54 1,
14.64 2,
14.62 2,
14.65 3,
14.60 3,
14.60 4,
14.54 5,
14.53 5,
14.84 6,
15.01 6,
15.00 9,
14.89 8,
14.44 6,
14.31 5,
14.14 3,
14.08 3,
14.15 2,
14.18 2,
14.22 2,
14.30 2,
14.30 1,
14.41 1,
14.38 1,
14.49 1,
14.55 1,
14.65 1,
15.18 10,
14.38 3,
14.72 1,
14.37 0,
14.18 1,
14.29 2,
14.61 4,
14.65 5,
14.60 5,
14.58 2,
14.73 2,
14.83 3,
14.40 4,
14.22 4,
14.20 3,
14.47 3,
14.41 3,
14.22 3,
14.26 3,
14.43 2,
14.41 2,
14.34 2,
14.34 2,
14.40 2,
14.37 1,
14.41 1,
14.47 1,
14.36 1,
14.32 0,
14.34 0,
15.68 2,
13.01 7,
14.24 1,
14.50 1,
14.42 1,
14.51 0,
14.49 1,
14.43 0,
14.25 0,
14.30 1,
14.32 0,
14.32 1,
14.31 1,
14.30 2,
14.30 2,
14.35 3,
14.35 5,
14.39 6,
14.50 6,
14.17 8,
14.51 6,
14.32 7,
14.25 8,
14.18 8,
14.15 9,
14.22 9,
14.29 8,
14.32 7,
14.41 7,
14.81 7,
14.08 7,
14.31 6,
14.39 6,
14.44 6,
14.31 6,
14.20 7,
14.17 6,
14.13 6,
14.29 6,
14.46 7,
14.28 10,
14.09 7,
14.20 6,
14.22 6,
14.20 5,
14.08 5,
14.04 5,
14.06 5,
14.24 5,
14.43 5,
14.18 7,
13.90 5,
13.96 4,
14.16 4,
14.31 4,
14.32 6,
13.96 6,
13.91 5,
13.93 4,
14.05 3,
14.02 2,
13.96 2,
14.04 2,
14.19 2,
14.23 3,
14.12 3,
14.03 3,
14.03 3,
14.06 3,
14.03 2,
14.05 2,
13.92 2,
13.90 2,
13.96 2,
13.96 2,
13.88 2,
14.20 2,
13.81 3,
14.10 5,
14.10 2,
14.10 3,
14.04 3,
14.01 3,
13.99 3,
14.00 2,
13.98 2,
14.07 2,
14.10 2,
14.07 2,
14.07 3,
14.04 3,
14.01 2,
13.96 2,
13.98 1,
14.00 1,
13.95 1,
13.97 1,
13.93 1,
13.97 1,
13.92 1,
13.87 1,
13.88 1,
13.91 2,
13.96 2,
13.93 2,
13.86 2,
13.89 2,
13.92 2,
13.94 2,
13.98 2,
14.27 3,
13.59 5,
14.00 3,
13.97 2,
13.95 2,
13.82 2,
13.80 1,
13.86 1,
14.06 1,
14.16 2,
14.05 3,
13.81 3,
13.81 2,
14.01 1,
14.09 1,
13.86 2,
13.64 2,
13.71 2,
13.80 1,
13.80 1,
13.67 1,
13.67 1,
13.77 1,
13.96 2,
14.22 2,
13.77 6,
13.95 6,
13.85 3,
13.86 3,
13.80 2,
13.82 2,
13.88 2,
13.80 2,
13.89 2,
13.94 2,
13.78 3,
13.82 3,
13.93 2,
13.94 2,
13.89 2,
13.75 3,
13.72 3,
13.70 2,
13.73 1,
13.70 1,
13.75 1,
13.83 1,
13.88 1,
13.86 1,
13.88 1,
13.76 0,
13.77 0,
13.79 0,
13.81 0,
13.81 0,
13.79 1,
13.83 1,
13.88 1,
13.90 1,
13.90 1,
13.90 1,
13.90 1,
13.89 1,
13.89 1,
13.88 1,
13.73 1,
13.74 1,
13.74 2,
13.89 2,
13.85 1,
13.78 1,
13.76 1,
13.77 1,
13.85 1,
14.01 0,
14.07 1,
13.64 1,
13.84 0,
13.97 0,
13.97 1,
13.68 1,
13.52 1,
13.47 1,
13.84 1,
13.92 1,
13.86 0,
13.82 1,
13.96 1,
13.98 1,
14.05 1,
13.96 1,
13.82 2,
13.72 2,
13.68 2,
13.73 2,
13.75 2,
13.78 1,
13.85 1,
13.87 1,
13.90 2,
13.86 2,
13.83 1,
13.75 1,
13.82 1,
13.87 1,
13.80 1,
13.81 0,
13.72 1,
13.67 1,
13.76 1,
13.74 1,
13.78 1,
13.78 1,
13.89 2,
13.91 2,
13.95 2,
13.95 2,
13.99 2,
14.00 1,
13.96 1,
13.92 1,
13.89 1,
13.92 1,
13.85 1,
13.86 1,
13.79 1,
13.78 1,
13.81 1,
13.91 1,
13.92 1,
13.83 1,
13.80 1,
13.80 1,
13.81 1,
13.85 0,
13.78 0,
13.77 0,
13.76 1,
13.83 1,
14.00 0,
13.96 1,
13.77 0,
13.72 0,
14.04 0,
14.20 1,
14.21 1,
13.72 1,
13.68 0,
13.76 0,
13.90 1,
13.77 1,
13.75 1,
13.76 1,
13.81 2,
13.93 1,
13.88 1,
13.84 1,
13.91 1,
13.93 1,
13.91 1,
13.90 1,
13.86 0,
13.82 0,
13.85 0,
13.87 0,
13.91 0,
13.97 1,
13.88 1,
13.72 2,
13.88 2,
14.02 1,
14.00 1,
13.98 0,
13.95 0,
13.90 1,
13.90 0,
13.87 0,
13.90 0,
13.90 0,
13.91 0,
13.90 0,
13.86 0,
13.82 0,
13.84 0,
13.88 0,
13.91 0,
13.95 0,
13.93 0,
13.89 0,
13.88 0,
13.83 0,
13.84 0,
13.80 0,
13.85 0,
13.89 0,
13.90 0,
13.87 0,
13.89 0,
13.90 1,
13.90 1,
13.91 0,
13.88 0,
13.88 0,
13.89 0,
13.87 0,
13.85 0,
13.98 1,
13.93 1,
13.92 1,
13.83 1,
13.80 1,
13.78 1,
13.84 1,
13.95 0,
14.03 1,
13.95 1,
13.73 0,
13.93 0,
14.14 1,
14.13 1,
13.70 1,
13.66 0,
13.79 0,
13.90 1,
13.69 0,
13.72 1,
13.73 1,
13.91 1,
13.98 1,
13.90 2,
13.87 2,
13.81 1,
13.83 1,
13.88 1,
13.86 1,
13.86 1,
13.83 1,
13.91 1,
13.91 1,
13.90 1,
13.86 1,
13.82 1,
13.75 1,
13.86 1,
13.95 1,
13.94 1,
13.88 1,
13.78 1,
13.77 1,
13.75 1,
13.62 0,
13.67 1,
13.72 1,
13.81 1,
13.85 1,
13.84 1,
13.83 2,
13.86 2,
13.92 2,
13.92 2,
13.85 1,
13.83 2,
13.89 1,
13.90 2,
13.88 2,
13.85 2,
13.80 2,
13.79 1,
13.80 1,
13.86 2,
13.78 2,
13.79 1,
13.81 2,
13.79 2,
13.72 1,
13.72 1,
13.76 1,
13.75 1,
14.27 2,
13.69 6,
13.69 2,
13.82 1,
13.83 0,
13.75 1,
13.73 1,
13.72 1,
13.76 1,
13.82 1,
13.83 1,
13.81 1,
13.72 1,
13.68 0,
13.75 0,
13.85 1,
14.06 3,
13.72 3,
13.65 2,
13.86 3,
ex,