12.08 22,
12.13 25,
12.22 28,
12.31 30,
12.06 30,
11.76 29,
11.59 24,
11.65 17,
11.85 10,
11.99 6,
12.16 5,
12.49 6,
12.67 6,
12.67 7,
12.54 9,
12.27 10,
12.09 12,
11.96 11,
11.91 8,
11.84 6,
11.90 6,
11.91 6,
12.05 5,
12.10 4,
12.12 3,
12.03 4,
11.90 3,
12.22 3,
12.33 5,
12.61 7,
12.72 9,
12.92 9,
13.10 8,
13.24 6,
13.16 5,
13.01 3,
12.78 3,
12.30 5,
12.21 6,
12.10 8,
12.12 10,
12.25 10,
12.29 11,
12.40 11,
12.55 12,
12.61 13,
12.71 13,
12.75 15,
12.76 17,
12.72 19,
12.73 21,
12.76 22,
12.58 23,
12.44 24,
12.43 24,
12.84 28,
12.99 36,
13.19 43,
13.42 46,
13.87 48,
13.81 47,
13.69 45,
13.53 45,
13.17 47,
13.03 53,
13.01 58,
12.75 60,
12.44 61,
12.33 62,
12.21 63,
11.72 64,
11.75 65,
11.74 68,
11.92 70,
12.07 70,
12.10 72,
12.44 71,
12.79 69,
13.67 66,
14.03 62,
14.27 59,
14.34 56,
14.34 53,
14.14 47,
13.53 39,
13.06 33,
13.25 31,
13.03 30,
12.90 24,
12.71 21,
12.47 19,
12.46 16,
12.55 13,
12.26 10,
12.44 13,
12.58 15,
13.37 22,
13.62 28,
13.70 30,
13.49 29,
13.23 27,
13.20 24,
13.37 22,
13.45 20,
13.54 16,
13.42 13,
13.30 12,
13.24 13,
13.28 16,
13.34 20,
13.58 23,
13.80 28,
13.81 34,
13.82 38,
13.80 41,
13.42 41,
13.21 41,
13.50 41,
13.33 36,
12.38 25,
11.60 20,
10.95 27,
9.45 34,
9.75 37,
9.97 36,
10.12 31,
10.66 29,
10.97 28,
11.32 28,
11.52 28,
11.42 26,
11.29 29,
11.17 33,
11.03 36,
10.85 37,
10.36 36,
10.17 34,
9.83 30,
10.26 27,
10.97 24,
11.51 26,
12.44 29,
12.92 31,
13.22 33,
13.34 35,
12.89 35,
12.57 34,
12.64 35,
12.25 36,
11.63 37,
10.94 39,
10.31 42,
9.52 49,
9.34 56,
9.39 61,
9.51 65,
9.81 67,
9.89 66,
10.06 63,
10.34 59,
10.62 56,
10.97 55,
11.37 55,
12.19 54,
12.40 53,
12.27 50,
11.98 53,
11.26 57,
11.39 57,
11.46 51,
11.59 43,
11.42 37,
11.01 37,
10.77 40,
10.81 40,
10.80 35,
10.64 26,
10.49 25,
10.17 23,
10.15 21,
10.53 18,
11.03 16,
11.83 15,
12.04 15,
12.10 16,
12.02 18,
12.04 22,
11.99 25,
11.92 29,
11.66 32,
11.34 35,
11.00 37,
10.78 40,
10.74 43,
10.88 47,
11.01 51,
11.11 55,
11.11 58,
10.99 60,
10.80 58,
10.48 56,
10.52 62,
11.15 66,
11.78 68,
13.34 69,
14.04 71,
14.57 73,
14.74 77,
14.18 82,
13.24 87,
12.13 92,
10.89 93,
10.73 89,
10.56 82,
10.36 77,
10.10 76,
10.12 76,
10.18 81,
10.51 86,
11.37 91,
11.50 91,
11.62 86,
11.82 80,
12.13 76,
12.50 69,
12.50 61,
12.58 52,
12.71 47,
12.63 43,
12.33 39,
12.17 31,
12.29 26,
12.25 19,
12.66 11,
12.62 8,
12.55 7,
12.57 11,
12.59 16,
12.84 17,
13.21 17,
13.65 15,
14.82 14,
15.36 14,
15.82 16,
16.02 19,
15.90 20,
15.84 21,
15.52 22,
15.28 22,
14.80 24,
14.51 28,
14.21 34,
13.76 38,
13.55 39,
13.21 37,
12.86 35,
12.12 34,
11.97 32,
12.06 27,
12.40 18,
13.58 6,
13.89 9,
14.07 28,
13.86 45,
13.60 54,
13.39 55,
13.21 48,
13.25 35,
13.07 21,
13.09 11,
13.30 9,
13.27 12,
13.11 16,
13.07 23,
13.19 28,
13.29 30,
13.28 32,
13.21 35,
13.13 36,
13.06 37,
13.17 39,
13.30 40,
13.49 38,
13.53 36,
12.95 34,
13.04 35,
12.98 33,
12.91 34,
13.08 34,
12.89 34,
12.87 34,
12.87 34,
12.95 34,
13.15 35,
13.24 35,
13.40 35,
13.51 35,
13.73 35,
13.79 34,
13.80 36,
13.96 34,
13.92 29,
14.25 29,
13.44 25,
12.35 22,
12.34 10,
12.67 14,
13.19 14,
14.14 13,
14.14 13,
13.68 11,
13.21 7,
12.91 7,
13.09 15,
13.17 16,
12.97 19,
12.60 22,
12.37 22,
12.28 25,
12.11 24,
12.15 23,
12.21 21,
12.14 19,
11.96 18,
11.82 19,
11.66 19,
11.50 20,
11.56 20,
11.80 19,
12.07 18,
12.38 19,
12.61 20,
12.75 20,
12.95 21,
13.34 22,
13.50 20,
13.52 15,
13.33 13,
13.07 16,
12.73 18,
12.63 14,
12.74 16,
12.81 18,
13.03 19,
13.10 20,
13.17 18,
12.95 16,
12.70 12,
12.54 7,
12.48 4,
12.20 7,
12.28 13,
12.13 16,
12.07 24,
12.07 30,
12.05 34,
12.29 38,
12.45 39,
12.59 39,
12.56 37,
12.38 33,
12.47 30,
12.56 26,
12.51 21,
12.40 16,
12.47 14,
12.51 13,
12.69 12,
12.86 13,
13.03 13,
13.24 10,
13.62 7,
13.65 5,
13.75 4,
13.77 4,
13.48 8,
13.31 13,
13.11 16,
13.00 17,
12.87 17,
12.72 15,
12.59 14,
12.62 12,
12.78 10,
13.05 9,
13.25 10,
13.44 12,
13.40 16,
13.27 19,
12.97 20,
12.73 17,
12.75 15,
12.80 15,
12.42 14,
12.98 13,
12.90 12,
12.91 12,
12.60 13,
12.50 14,
12.47 17,
12.61 21,
13.43 24,
13.94 22,
13.82 22,
13.41 26,
13.06 25,
12.79 20,
12.58 14,
12.24 15,
11.85 15,
11.58 15,
11.46 14,
11.56 13,
11.74 10,
12.02 7,
12.24 8,
12.47 12,
12.50 17,
12.52 22,
12.59 26,
12.59 29,
12.81 34,
12.86 35,
13.25 36,
13.32 37,
13.41 37,
13.39 38,
13.35 38,
13.24 37,
13.11 39,
12.78 42,
12.74 46,
12.68 49,
12.73 51,
12.69 53,
12.65 55,
12.72 57,
12.85 59,
13.12 62,
13.27 65,
13.44 68,
13.52 71,
13.27 76,
13.09 84,
12.91 90,
12.83 91,
12.62 93,
12.47 99,
12.40 103,
12.09 106,
11.69 109,
11.54 112,
11.52 111,
11.73 108,
11.79 108,
11.78 109,
11.45 110,
11.29 113,
11.13 114,
11.03 113,
10.49 116,
10.16 115,
9.70 111,
9.25 112,
8.47 111,
7.80 108,
7.41 108,
7.38 108,
6.50 105,
7.53 122,
7.52 127,
7.90 133,
7.89 140,
8.23 137,
8.98 126,
9.58 115,
8.63 108,
7.42 109,
6.76 118,
6.64 133,
6.79 151,
7.28 160,
6.51 161,
6.09 156,
6.35 150,
6.73 146,
5.62 149,
4.65 154,
3.78 160,
3.06 164,
2.90 162,
2.31 159,
1.61 155,
1.55 143,
1.27 133,
2.09 131,
2.93 135,
2.37 144,
5.03 138,
5.93 103,
14.95 91,
20.17 79,
20.80 73,
20.87 73,
21.12 63,
11.17 43,
36.23 176,
54.07 77,
82.94 60,
79.76 125,
72.54 284,
60.11 281,
57.14 443,
58.79 417,
49.95 298,
53.28 216,
43.51 194,
42.27 160,
36.60 179,
29.77 167,
31.80 139,
18.29 165,
17.45 183,
32.42 139,
23.23 94,
35.51 68,
30.47 82,
20.88 131,
18.49 113,
15.02 69,
11.74 54,
5.43 49,
11.15 88,
19.68 83,
14.35 94,
13.49 64,
11.80 47,
11.43 48,
12.50 63,
10.65 56,
10.55 52,
10.69 46,
10.76 39,
10.99 31,
11.27 24,
11.46 30,
11.20 36,
11.06 43,
10.82 47,
10.45 48,
10.53 46,
10.53 44,
11.04 43,
11.71 41,
11.78 37,
12.49 39,
13.14 39,
13.13 38,
13.14 33,
13.36 27,
13.20 21,
12.69 21,
12.62 25,
12.51 27,
11.70 21,
11.22 19,
11.16 21,
10.41 24,
9.86 22,
11.36 24,
12.55 23,
10.61 20,
13.27 16,
13.51 14,
15.03 6,
15.18 15,
16.25 25,
15.86 39,
15.87 57,
12.87 74,
14.35 82,
11.99 91,
11.54 90,
9.41 89,
8.66 78,
7.94 59,
8.77 39,
8.95 21,
9.65 10,
9.80 6,
10.73 10,
11.11 12,
11.57 12,
11.96 11,
12.52 10,
12.83 11,
13.07 13,
13.07 14,
12.71 17,
12.39 22,
11.74 24,
10.34 25,
10.11 23,
10.29 20,
10.90 15,
11.98 11,
12.34 8,
12.54 9,
12.58 9,
12.42 13,
12.43 17,
12.79 20,
12.93 20,
12.39 14,
11.71 8,
10.91 6,
10.20 7,
9.78 6,
9.37 9,
9.72 11,
11.20 3,
10.30 7,
10.09 10,
10.19 6,
10.23 8,
10.42 7,
10.74 6,
11.07 6,
11.03 9,
11.03 11,
11.22 11,
11.28 12,
11.12 13,
11.11 13,
11.01 10,
11.14 7,
11.25 6,
11.41 7,
11.91 7,
12.05 6,
11.94 8,
11.68 9,
10.93 8,
10.55 7,
10.38 6,
10.36 3,
10.83 2,
10.93 3,
11.01 2,
11.13 3,
11.18 3,
11.07 4,
10.88 5,
10.48 5,
10.43 6,
10.41 5,
10.47 5,
10.57 4,
10.51 4,
10.42 4,
10.44 4,
10.41 3,
10.37 3,
10.31 2,
10.22 0,
10.33 1,
10.44 2,
10.52 2,
10.83 3,
10.89 3,
10.84 1,
10.76 1,
10.81 1,
10.84 1,
10.88 1,
10.92 0,
10.63 0,
10.27 3,
9.94 3,
9.82 2,
9.97 2,
10.34 7,
10.66 11,
11.28 10,
11.61 10,
11.97 11,
12.19 11,
11.69 8,
11.24 4,
10.80 7,
10.37 6,
10.55 5,
10.73 3,
10.87 4,
11.14 4,
11.18 3,
11.19 2,
11.18 2,
11.03 2,
10.95 4,
10.85 6,
10.79 8,
10.55 8,
10.54 8,
10.52 6,
10.64 5,
10.65 3,
10.62 2,
10.63 2,
10.58 2,
10.54 2,
10.61 2,
10.62 3,
10.79 3,
10.84 2,
10.81 4,
10.64 5,
10.65 5,
10.78 4,
10.84 3,
10.91 3,
11.00 1,
11.02 1,
11.02 1,
11.00 2,
10.86 2,
10.77 2,
10.74 3,
10.65 4,
10.58 5,
10.65 4,
10.76 3,
10.87 2,
10.95 2,
11.02 1,
10.95 2,
10.85 3,
10.72 5,
10.61 6,
10.53 5,
10.48 5,
10.51 3,
10.55 2,
10.70 1,
10.73 2,
10.81 2,
10.67 1,
10.60 2,
10.50 2,
10.50 2,
10.44 5,
10.28 3,
10.46 2,
10.75 2,
10.68 2,
10.62 4,
10.69 3,
11.10 2,
11.18 1,
11.07 2,
10.98 3,
10.87 2,
10.77 1,
10.61 2,
10.43 2,
10.26 1,
10.22 2,
10.19 3,
10.17 3,
10.08 4,
10.12 4,
10.23 4,
10.63 6,
10.89 6,
11.05 4,
11.07 2,
10.87 1,
10.73 2,
10.60 3,
10.51 3,
10.55 3,
10.60 4,
10.55 4,
10.72 4,
10.83 4,
11.04 4,
11.09 3,
10.86 2,
10.73 3,
10.52 3,
10.33 3,
10.41 3,
10.53 4,
10.62 4,
10.62 4,
10.57 4,
10.57 5,
10.67 5,
10.58 5,
10.60 7,
10.70 10,
10.88 11,
10.62 10,
10.51 9,
10.55 8,
10.95 10,
10.99 17,
11.08 12,
10.89 5,
10.90 5,
10.85 7,
10.64 11,
10.64 7,
11.23 2,
11.23 4,
11.07 5,
10.82 8,
10.62 8,
10.80 8,
10.95 9,
10.97 10,
11.01 11,
11.18 12,
11.20 12,
11.51 12,
11.55 11,
11.66 9,
11.81 6,
11.67 6,
11.45 8,
11.16 10,
10.97 12,
10.51 13,
10.28 13,
10.06 12,
10.72 10,
10.83 7,
10.71 6,
10.56 6,
10.42 3,
10.40 3,
10.42 2,
10.42 3,
10.80 5,
10.97 7,
10.94 7,
10.79 5,
10.74 3,
10.78 3,
10.81 6,
10.75 8,
10.51 8,
10.35 10,
10.30 8,
10.41 4,
10.53 5,
10.56 8,
10.54 9,
10.66 7,
10.55 9,
10.31 12,
10.29 14,
10.39 14,
10.48 12,
10.69 10,
11.33 11,
11.46 9,
11.35 5,
11.20 6,
10.99 12,
10.75 12,
10.88 6,
11.13 4,
11.11 5,
11.05 7,
11.16 8,
11.26 8,
11.00 9,
10.80 9,
10.81 8,
10.89 6,
10.91 5,
11.01 5,
11.06 5,
11.02 4,
11.05 5,
10.81 5,
10.23 5,
10.34 4,
10.39 3,
10.68 2,
10.73 3,
10.54 4,
10.51 5,
10.55 6,
10.36 5,
10.29 4,
10.44 3,
10.82 3,
10.87 3,
10.93 2,
10.99 1,
10.87 1,
10.68 4,
10.53 6,
10.42 5,
10.61 4,
10.67 3,
10.81 4,
11.11 4,
11.30 5,
11.05 5,
10.85 5,
10.57 5,
10.28 7,
10.03 7,
10.06 4,
10.48 1,
10.55 2,
10.69 4,
10.89 4,
10.80 3,
10.82 3,
10.94 3,
10.70 3,
10.47 1,
10.19 1,
10.35 3,
10.81 7,
10.76 7,
10.67 5,
10.63 3,
11.10 2,
11.13 4,
10.89 2,
10.50 1,
10.12 1,
10.45 3,
10.69 6,
10.70 6,
10.64 7,
10.56 7,
10.51 8,
10.67 9,
10.69 10,
10.59 9,
10.58 9,
10.96 8,
10.98 9,
11.14 8,
10.97 7,
11.02 5,
10.95 4,
11.08 3,
10.78 4,
11.04 2,
11.12 0,
11.07 3,
11.09 3,
11.07 1,
10.93 2,
11.10 2,
10.60 1,
10.68 0,
10.68 2,
10.79 2,
10.60 3,
10.19 2,
9.99 3,
10.58 9,
10.76 12,
10.57 8,
10.48 3,
9.91 3,
10.17 5,
10.41 11,
10.89 13,
10.92 16,
10.99 20,
10.64 21,
10.29 19,
10.24 14,
10.03 15,
10.18 16,
11.13 16,
11.14 12,
12.20 9,
12.74 8,
12.52 6,
12.12 6,
11.98 6,
11.40 7,
11.55 6,
10.68 6,
10.08 11,
9.05 19,
10.08 24,
10.23 20,
11.12 19,
11.89 18,
12.14 9,
12.72 5,
12.41 6,
11.79 3,
11.06 2,
10.48 6,
10.75 13,
10.23 19,
9.45 27,
9.35 30,
11.07 29,
11.55 33,
11.73 29,
11.81 25,
12.69 24,
12.62 20,
12.64 18,
11.99 18,
11.60 20,
11.33 20,
11.23 19,
10.94 16,
11.23 19,
12.09 21,
12.85 21,
13.59 20,
13.13 13,
12.66 12,
11.58 10,
10.89 10,
10.23 11,
9.80 11,
9.96 7,
10.67 4,
11.68 11,
12.42 13,
13.15 10,
13.01 5,
12.78 1,
12.28 1,
10.83 6,
10.35 10,
10.34 11,
11.91 6,
12.64 7,
13.14 8,
13.02 7,
12.06 5,
11.60 4,
10.90 7,
10.18 8,
10.43 6,
11.01 2,
11.75 3,
12.99 5,
12.87 5,
12.56 4,
12.02 6,
10.67 9,
10.35 11,
10.35 9,
10.75 6,
11.63 2,
11.97 1,
12.44 1,
12.78 3,
12.02 4,
11.08 9,
10.61 11,
10.87 7,
10.90 4,
10.87 7,
11.17 8,
12.37 5,
12.64 6,
12.47 6,
11.83 4,
10.62 7,
10.36 6,
10.44 5,
11.25 4,
11.73 6,
12.09 7,
12.39 6,
12.42 3,
11.95 2,
11.44 6,
10.90 7,
10.53 8,
10.56 8,
10.71 6,
10.95 4,
11.69 3,
12.14 2,
12.40 2,
12.03 3,
11.51 1,
10.79 5,
10.17 10,
10.12 11,
10.92 10,
11.54 8,
11.84 4,
11.95 1,
11.78 2,
11.55 3,
11.20 3,
10.97 4,
10.80 5,
10.78 5,
11.06 5,
11.30 5,
11.41 5,
11.52 5,
11.76 4,
11.85 3,
11.79 2,
11.60 2,
11.15 4,
10.83 5,
10.82 7,
11.18 7,
11.30 6,
11.39 5,
11.52 4,
11.85 2,
11.79 1,
11.53 1,
11.19 2,
10.59 3,
10.63 2,
10.75 1,
10.95 1,
11.53 3,
11.69 3,
11.76 2,
11.80 2,
11.68 0,
11.55 1,
11.33 3,
10.88 3,
10.90 4,
11.10 4,
11.20 3,
11.41 1,
11.55 0,
11.63 0,
11.51 1,
11.29 2,
11.17 2,
11.13 2,
10.96 2,
10.86 3,
11.06 5,
11.28 3,
11.70 2,
11.65 2,
11.30 4,
11.20 5,
11.32 4,
11.44 1,
11.45 0,
11.42 1,
11.50 1,
11.53 2,
11.49 2,
11.21 3,
11.03 3,
10.92 2,
10.74 1,
10.85 0,
10.99 0,
11.08 1,
11.32 1,
11.54 1,
11.74 3,
11.84 4,
11.82 4,
11.61 4,
11.28 4,
11.13 4,
10.80 3,
10.60 2,
10.52 2,
11.06 1,
11.40 1,
11.69 4,
11.84 4,
11.65 3,
11.47 2,
11.40 4,
11.25 4,
10.90 4,
10.83 3,
10.87 2,
11.04 3,
11.29 4,
11.49 5,
11.54 4,
11.30 3,
11.29 2,
11.33 5,
11.48 5,
11.84 5,
11.88 4,
11.82 2,
11.55 1,
11.35 2,
11.31 1,
11.26 0,
11.31 0,
11.39 0,
11.39 0,
11.37 0,
11.53 1,
11.70 2,
11.86 4,
11.91 4,
11.77 0,
11.52 2,
11.16 5,
10.92 6,
11.15 4,
11.53 1,
11.70 3,
11.70 2,
11.48 0,
11.37 1,
11.29 2,
11.13 2,
10.96 2,
10.90 2,
10.94 0,
11.39 2,
11.48 4,
11.53 4,
11.57 2,
11.56 2,
11.49 0,
11.32 1,
11.16 1,
11.04 1,
10.98 1,
11.06 1,
11.32 1,
11.53 3,
11.58 4,
11.31 3,
11.16 1,
11.02 1,
10.92 1,
10.83 2,
10.98 3,
11.18 5,
11.45 6,
11.69 8,
11.69 8,
11.29 8,
10.94 7,
10.42 6,
10.38 8,
10.42 10,
10.73 13,
11.51 16,
11.78 16,
11.96 15,
12.06 12,
11.92 9,
11.70 4,
11.56 2,
11.41 4,
11.51 5,
11.69 4,
11.91 4,
12.26 3,
12.38 3,
12.32 2,
12.30 5,
12.27 6,
12.31 3,
12.14 3,
11.14 8,
10.87 11,
11.08 8,
11.40 2,
11.73 2,
11.73 4,
12.01 5,
12.07 4,
12.02 4,
11.88 2,
11.78 2,
11.54 2,
11.50 1,
11.58 0,
11.68 1,
12.08 2,
12.07 2,
11.99 1,
11.91 2,
11.61 3,
11.45 4,
11.32 5,
11.09 6,
11.16 6,
11.32 5,
11.33 5,
11.32 6,
11.44 6,
11.37 5,
11.36 4,
11.36 4,
11.57 5,
11.60 5,
11.47 4,
11.47 3,
11.47 2,
11.52 2,
11.59 2,
11.54 3,
11.52 3,
11.52 3,
11.61 3,
11.50 2,
11.39 2,
11.27 2,
11.27 2,
11.52 1,
11.76 1,
11.81 1,
11.74 3,
11.68 4,
11.46 5,
11.17 5,
10.96 5,
10.96 3,
11.20 2,
11.83 1,
11.93 1,
11.91 1,
11.95 4,
11.76 4,
11.51 2,
11.27 3,
10.63 5,
10.76 6,
11.20 1,
11.58 1,
12.02 3,
12.05 3,
11.95 1,
11.95 5,
11.19 5,
11.07 6,
11.02 4,
11.30 3,
11.30 3,
11.81 3,
12.02 4,
12.16 2,
12.21 2,
12.21 6,
11.66 6,
11.11 9,
11.11 10,
11.00 9,
11.13 7,
11.19 7,
11.38 3,
11.52 2,
11.80 2,
11.77 2,
11.67 2,
11.62 2,
11.36 2,
11.24 2,
11.24 1,
11.18 1,
11.26 1,
11.34 2,
11.36 3,
11.36 3,
11.33 3,
11.26 3,
11.30 3,
11.30 2,
11.30 2,
11.38 2,
11.54 1,
11.52 1,
11.51 0,
11.42 0,
11.32 1,
11.34 0,
11.38 0,
11.31 1,
11.33 1,
11.39 1,
11.50 1,
11.50 3,
11.57 6,
11.52 5,
11.51 1,
11.54 0,
11.54 2,
11.37 3,
11.29 4,
11.63 3,
11.75 2,
11.67 1,
11.52 0,
11.53 0,
11.55 0,
11.52 1,
11.52 2,
11.53 1,
11.60 1,
11.58 1,
11.46 1,
11.37 1,
11.41 1,
11.47 1,
11.51 1,
11.61 1,
11.61 0,
11.57 1,
11.49 1,
11.13 1,
11.17 1,
11.19 0,
11.21 0,
11.23 0,
11.33 0,
11.37 1,
11.45 0,
11.51 0,
11.50 1,
11.50 1,
11.47 1,
11.43 1,
11.46 1,
11.39 0,
11.35 0,
11.37 1,
11.43 1,
11.55 1,
11.70 1,
11.63 0,
11.52 0,
11.44 1,
11.32 0,
11.24 1,
11.22 1,
11.42 2,
11.53 2,
11.63 2,
11.63 1,
11.63 0,
11.67 1,
11.58 2,
11.24 2,
11.22 3,
11.29 1,
11.37 3,
11.71 4,
11.63 4,
11.40 4,
11.13 2,
11.08 1,
11.27 1,
11.45 3,
11.58 3,
11.74 3,
11.92 2,
11.88 1,
11.61 0,
11.52 1,
11.40 1,
11.21 0,
11.36 1,
11.41 1,
11.49 2,
11.57 1,
11.59 1,
11.56 1,
11.49 1,
11.31 1,
11.28 1,
11.16 2,
11.18 2,
11.39 2,
11.48 3,
11.51 2,
11.54 1,
11.71 0,
11.63 1,
11.49 1,
11.38 1,
11.44 1,
11.35 1,
ex,