ow 1.69 -6.06 172.38,
lb -2.97 -0.02 -14.76,
lk -2.00 1.26 -5.09,
ow 1.56 -5.63 172.31,
lb -3.16 0.07 -14.89,
lk -2.00 1.26 -5.09,
ow 1.56 -5.38 172.31,
lb -3.38 -0.41 -15.47,
lk -2.49 0.88 -5.79,
ow 1.50 -5.19 172.31,
lb -3.38 -0.47 -15.63,
lk -2.51 0.81 -5.95,
ow 1.37 -5.06 172.38,
lb -3.28 -0.60 -15.65,
lk -2.40 0.66 -5.97,
ow 1.25 -5.13 172.50,
lb -3.31 -0.80 -15.39,
lk -2.40 0.66 -5.97,
ow 1.19 -5.31 172.63,
lb -3.29 -1.17 -15.07,
lk -2.40 0.44 -5.71,
ow 1.06 -5.56 172.75,
lb -3.19 -1.33 -14.97,
lk -2.16 -0.13 -5.29,
ow 0.88 -6.00 172.88,
lb -3.14 -1.50 -14.98,
lk -2.03 -0.32 -5.31,
ow 0.75 -6.50 173.00,
lb -3.12 -1.58 -15.01,
lk -1.90 -0.42 -5.35,
ow 0.63 -7.13 173.13,
lb -3.10 -1.40 -14.69,
lk -1.90 -0.42 -5.35,
ow 0.63 -7.81 173.19,
lb -3.20 -1.40 -14.59,
lk -1.77 -0.25 -5.04,
ow 0.56 -8.50 173.31,
lb -3.47 -1.42 -14.69,
lk -1.88 -0.31 -5.07,
ow 0.44 -9.31 173.38,
lb -3.88 -1.43 -14.44,
lk -2.15 -0.33 -4.85,
ow 0.37 -10.13 173.50,
lb -4.17 -1.38 -14.24,
lk -2.29 -0.30 -4.67,
ow 0.31 -11.06 173.50,
lb -4.40 -1.58 -14.16,
lk -2.29 -0.30 -4.67,
ow 0.25 -12.06 173.50,
lb -4.68 -1.68 -14.15,
lk -2.34 -0.50 -4.64,
ow 0.12 -13.19 173.44,
lb -5.17 -2.07 -14.04,
lk -2.73 -0.98 -4.61,
ow 0.00 -14.38 173.38,
lb -5.38 -2.25 -13.65,
lk -2.72 -1.13 -4.27,
ow 359.94 -15.75 173.19,
lb -5.47 -2.20 -13.02,
lk -2.56 -1.06 -3.72,
ow 359.81 -17.19 172.94,
lb -5.53 -2.15 -12.54,
lk -2.56 -1.06 -3.72,
ow 359.81 -18.81 172.69,
lb -5.89 -1.86 -11.58,
lk -2.36 -0.97 -3.33,
ow 359.81 -20.44 172.38,
lb -5.79 -1.64 -11.39,
lk -2.10 -0.40 -2.39,
ow 359.75 -22.12 172.13,
lb -5.97 -1.78 -11.19,
lk -2.01 -0.51 -2.30,
ow 359.75 -23.75 171.88,
lb -6.31 -1.78 -10.48,
lk -2.09 -0.49 -1.72,
ow 359.75 -25.44 171.63,
lb -6.29 -1.63 -9.91,
lk -2.09 -0.49 -1.72,
ow 0.06 -27.06 171.38,
lb -6.54 -1.56 -9.99,
lk -1.82 -0.33 -1.28,
ow 0.12 -28.75 171.13,
lb -6.45 -1.59 -9.76,
lk -1.49 -0.27 -1.41,
ow 0.12 -30.37 171.00,
lb -6.32 -1.57 -8.99,
lk -1.11 -0.24 -0.79,
ow 0.19 -32.13 170.81,
lb -6.34 -1.60 -8.69,
lk -0.87 -0.28 -0.66,
ow 0.19 -33.88 170.56,
lb -6.28 -1.50 -8.51,
lk -0.87 -0.28 -0.66,
ow 0.25 -35.75 170.38,
lb -6.15 -1.36 -8.32,
lk -0.55 -0.17 -0.67,
ow 0.31 -37.69 170.13,
lb -5.98 -1.16 -7.86,
lk 0.28 0.15 -0.44,
ow 0.31 -39.69 169.88,
lb -5.98 -1.12 -7.54,
lk 0.55 0.19 -0.35,
ow 0.37 -41.75 169.63,
lb -6.06 -1.06 -7.24,
lk 0.73 0.24 -0.30,
ow 0.37 -43.88 169.31,
lb -6.06 -1.09 -7.11,
lk 0.73 0.24 -0.30,
ow 21.31 -46.00 169.00,
lb -6.07 -1.07 -6.38,
lk 0.98 0.20 -0.42,
ow 20.44 -48.13 168.63,
lb -6.12 -1.07 -6.22,
lk 1.41 0.19 -0.08,
ow 19.62 -50.25 168.31,
lb -6.16 -1.04 -6.04,
lk 1.60 0.19 -0.18,
ow 18.81 -52.31 168.00,
lb -6.30 -1.20 -5.67,
lk 1.67 0.01 -0.10,
ow 18.00 -54.44 167.63,
lb -6.35 -1.27 -5.40,
lk 1.67 0.01 -0.10,
ow 17.31 -56.50 167.31,
lb -6.34 -1.24 -5.11,
lk 1.82 -0.08 -0.12,
ow 16.56 -58.56 166.94,
lb -6.28 -1.32 -4.86,
lk 2.25 -0.20 -0.18,
ow 15.88 -60.63 166.56,
lb -6.15 -1.35 -3.86,
lk 2.55 -0.28 0.50,
ow 15.25 -62.63 166.25,
lb -6.00 -1.49 -3.50,
lk 2.86 -0.47 0.56,
ow 14.56 -64.62 165.88,
lb -5.88 -1.45 -3.16,
lk 2.86 -0.47 0.56,
ow 13.94 -66.56 165.56,
lb -5.99 -1.73 -3.05,
lk 3.11 -0.47 0.60,
ow 13.38 -68.44 165.19,
lb -5.85 -1.86 -3.11,
lk 3.37 -0.99 0.08,
ow 12.81 -70.25 164.81,
lb -5.47 -1.71 -3.11,
lk 3.85 -0.90 -0.20,
ow 12.31 -72.00 164.44,
lb -5.05 -1.40 -2.96,
lk 4.36 -0.65 -0.33,
ow 11.81 -73.75 164.06,
lb -4.07 -0.94 -2.20,
lk 4.36 -0.65 -0.33,
ow 11.31 -75.44 163.63,
lb -3.62 -0.88 -2.06,
lk 5.42 -0.25 0.15,
ow 10.94 -77.06 163.06,
lb -3.31 -0.82 -1.50,
lk 6.30 -0.23 0.33,
ow 10.56 -78.62 162.25,
lb -3.08 -0.56 -1.18,
lk 6.58 -0.02 0.39,
ow 10.25 -80.12 161.19,
lb -2.99 -0.06 -0.62,
lk 6.71 0.42 0.71,
ow 10.00 -81.56 159.69,
lb -3.29 0.17 -0.42,
lk 6.71 0.42 0.71,
ow 9.81 -82.94 157.31,
lb -3.78 0.20 -0.10,
lk 6.44 0.63 0.67,
ow 9.69 -84.25 177.38,
lb -4.35 0.22 0.08,
lk 5.42 0.65 0.72,
ow 9.69 -85.44 177.44,
lb -5.86 0.24 0.46,
lk 3.92 0.67 0.87,
ow 9.69 -86.50 177.44,
lb -6.73 0.07 0.51,
lk 3.06 0.51 0.68,
ow 9.81 -87.19 177.38,
lb -7.61 0.10 0.42,
lk 3.06 0.51 0.68,
ow 9.94 -87.31 2.63,
lb -8.46 0.08 0.54,
lk 2.17 0.55 0.36,
ow 10.06 -86.81 2.69,
lb -10.25 -0.33 0.47,
lk -0.47 0.15 -0.01,
ow 10.13 -85.94 2.75,
lb -10.72 -0.44 0.30,
lk -0.95 0.04 -0.37,
ow 10.13 -85.06 2.81,
lb -10.87 -0.54 -0.04,
lk -1.12 -0.05 -0.89,
ow 10.13 -84.19 2.88,
lb -10.34 -0.68 -0.69,
lk -1.12 -0.05 -0.89,
ow 10.06 -83.37 2.81,
lb -9.73 -0.52 -0.73,
lk -0.60 -0.18 -1.71,
ow 9.94 -82.56 22.12,
lb -9.05 -0.22 -0.27,
lk 0.65 0.23 -1.59,
ow 9.69 -81.81 19.06,
lb -8.48 -0.04 0.30,
lk 1.19 0.39 -1.16,
ow 9.50 -81.00 16.44,
lb -7.45 0.10 1.51,
lk 2.20 0.52 -0.09,
ow 9.25 -80.19 14.38,
lb -7.00 0.10 1.95,
lk 2.20 0.52 -0.09,
ow 9.44 -79.37 12.75,
lb -6.75 0.07 2.43,
lk 2.63 0.50 0.19,
ow 9.31 -78.69 11.50,
lb -6.57 0.08 2.70,
lk 3.02 0.45 0.71,
ow 9.25 -78.06 10.50,
lb -6.48 -0.24 2.99,
lk 3.09 0.11 0.91,
ow 9.19 -77.56 9.69,
lb -6.60 -0.29 3.21,
lk 2.96 0.05 1.06,
ow 9.13 -77.12 9.06,
lb -6.76 -0.42 3.29,
lk 2.96 0.05 1.06,
ow 9.31 -76.87 8.63,
lb -7.27 -0.65 2.83,
lk 2.78 -0.08 1.09,
ow 9.38 -76.62 8.25,
lb -7.50 -0.73 2.72,
lk 2.03 -0.41 0.45,
ow 9.44 -76.44 7.94,
lb -7.68 -0.76 2.65,
lk 1.84 -0.44 0.36,
ow 9.50 -76.31 7.75,
lb -7.82 -0.74 2.76,
lk 1.70 -0.43 0.45,
ow 9.63 -76.25 7.56,
lb -8.43 -0.66 2.97,
lk 1.70 -0.43 0.45,
ow 9.94 -76.12 7.50,
lb -8.73 -0.67 3.10,
lk 1.09 -0.35 0.65,
ow 10.06 -76.12 7.50,
lb -9.12 -0.59 3.08,
lk 0.39 -0.28 0.76,
ow 10.19 -76.19 7.50,
lb -9.56 -0.57 2.95,
lk -0.03 -0.26 0.64,
ow 10.38 -76.25 7.63,
lb -10.43 -0.53 2.78,
lk -0.90 -0.21 0.49,
ow 10.50 -76.37 7.75,
lb -10.79 -0.47 2.64,
lk -0.90 -0.21 0.49,
ow 10.75 -76.50 7.81,
lb -11.08 -0.28 2.54,
lk -1.25 -0.16 0.38,
ow 10.88 -76.62 7.94,
lb -11.42 -0.21 2.27,
lk -1.87 0.10 0.06,
ow 11.00 -76.81 8.06,
lb -11.42 0.00 1.88,
lk -1.87 0.32 -0.29,
ow 11.06 -77.00 8.19,
lb -11.22 0.14 1.90,
lk -1.66 0.46 -0.25,
ow 11.13 -77.12 8.25,
lb -10.95 0.19 1.89,
lk -1.66 0.46 -0.25,
ow 11.31 -77.25 8.25,
lb -10.31 0.08 1.82,
lk -1.39 0.50 -0.23,
ow 11.31 -77.37 8.25,
lb -9.83 0.10 1.93,
lk -0.26 0.41 -0.17,
ow 11.31 -77.44 8.19,
lb -9.38 0.19 2.06,
lk 0.18 0.49 -0.03,
ow 11.31 -77.44 8.13,
lb -9.02 0.25 2.09,
lk 0.54 0.55 -0.01,
ow 11.31 -77.44 8.00,
lb -8.54 0.04 1.93,
lk 0.54 0.55 -0.01,
ow 11.44 -77.44 7.88,
lb -8.34 0.06 1.95,
lk 1.03 0.34 -0.17,
ow 11.44 -77.44 7.81,
lb -8.26 0.02 2.03,
lk 1.31 0.31 -0.07,
ow 11.50 -77.50 7.75,
lb -8.24 -0.03 2.05,
lk 1.33 0.25 -0.04,
ow 11.50 -77.50 7.75,
lb -8.35 -0.10 2.03,
lk 1.22 0.18 -0.05,
ow 11.56 -77.56 7.88,
lb -8.50 -0.16 1.96,
lk 1.22 0.18 -0.05,
ow 11.81 -77.62 8.00,
lb -8.63 -0.19 1.93,
lk 1.07 0.12 -0.10,
ow 11.81 -77.75 8.25,
lb -8.79 -0.25 1.90,
lk 0.78 0.04 -0.13,
ow 11.88 -77.81 8.44,
lb -9.11 -0.11 1.82,
lk 0.47 0.18 -0.20,
ow 12.00 -77.94 8.63,
lb -9.29 -0.08 1.77,
lk 0.30 0.22 -0.23,
ow 12.06 -78.06 8.81,
lb -9.52 -0.09 1.83,
lk 0.30 0.22 -0.23,
ow 12.19 -78.19 8.94,
lb -9.94 -0.07 1.83,
lk 0.07 0.21 -0.14,
ow 12.25 -78.31 9.13,
lb -10.07 -0.06 1.84,
lk -0.46 0.24 -0.07,
ow 12.31 -78.50 9.31,
lb -10.23 -0.07 1.86,
lk -0.61 0.23 -0.02,
ow 12.38 -78.75 9.44,
lb -10.32 -0.05 1.85,
lk -0.70 0.25 0.00,
ow 12.38 -78.94 9.50,
lb -10.37 -0.15 1.77,
lk -0.70 0.25 0.00,
ow 12.38 -79.19 9.56,
lb -10.39 -0.19 1.75,
lk -0.74 0.15 -0.03,
ow 12.38 -79.44 9.56,
lb -10.44 -0.27 1.68,
lk -0.79 0.01 -0.04,
ow 12.38 -79.69 9.56,
lb -10.46 -0.36 1.64,
lk -0.80 -0.08 -0.04,
ow 12.38 -79.87 9.50,
lb -10.28 -0.42 1.90,
lk -0.62 -0.15 0.25,
ow 12.31 -80.12 9.44,
lb -10.20 -0.45 1.84,
lk -0.62 -0.15 0.25,
ow 12.31 -80.31 9.25,
lb -10.07 -0.54 1.79,
lk -0.53 -0.19 0.21,
ow 12.31 -80.44 9.13,
lb -9.86 -0.58 1.74,
lk -0.18 -0.33 0.15,
ow 12.31 -80.56 9.06,
lb -9.73 -0.54 1.79,
lk -0.05 -0.29 0.22,
ow 12.31 -80.62 8.94,
lb -9.60 -0.48 1.72,
lk 0.07 -0.24 0.16,
ow 12.31 -80.69 8.75,
lb -9.45 -0.47 1.60,
lk 0.07 -0.24 0.16,
ow 12.31 -80.75 8.63,
lb -9.24 -0.42 1.64,
lk 0.21 -0.24 0.05,
ow 12.31 -80.75 8.44,
lb -9.28 -0.34 1.55,
lk 0.39 -0.11 0.00,
ow 12.31 -80.81 8.31,
lb -9.35 -0.34 1.46,
lk 0.32 -0.12 -0.08,
ow 12.38 -80.81 8.25,
lb -9.34 -0.31 1.43,
lk 0.33 -0.09 -0.10,
ow 12.38 -80.81 8.25,
lb -9.36 -0.27 1.75,
lk 0.33 -0.09 -0.10,
ow 12.44 -80.87 8.31,
lb -9.38 -0.23 1.86,
lk 0.31 -0.04 0.21,
ow 12.44 -80.87 8.44,
lb -9.47 -0.17 1.85,
lk 0.20 0.05 0.31,
ow 12.44 -80.87 8.63,
lb -9.84 -0.33 1.46,
lk -0.16 -0.09 -0.06,
ow 12.50 -80.87 8.88,
lb -9.91 -0.18 1.61,
lk -0.23 0.05 0.09,
ow 12.50 -80.87 9.13,
lb -9.92 -0.17 1.69,
lk -0.23 0.05 0.09,
ow 12.56 -80.87 9.38,
lb -9.97 -0.16 1.70,
lk -0.24 0.07 0.16,
ow 12.63 -80.87 9.63,
lb -9.87 -0.12 1.70,
lk -0.19 0.14 0.18,
ow 12.63 -80.87 9.88,
lb -9.77 -0.06 1.72,
lk -0.09 0.21 0.19,
ow 12.63 -80.87 10.19,
lb -9.74 -0.10 1.59,
lk -0.05 0.17 0.07,
ow 12.63 -80.87 10.44,
lb -9.73 -0.23 1.37,
lk -0.05 0.17 0.07,
ow 12.81 -80.87 10.69,
lb -9.59 -0.15 1.55,
lk -0.04 0.05 -0.14,
ow 12.81 -80.87 10.88,
lb -9.56 -0.15 1.73,
lk 0.11 0.13 0.20,
ow 12.81 -80.81 10.94,
lb -9.51 -0.21 1.74,
lk 0.16 0.08 0.21,
ow 12.81 -80.81 11.06,
lb -9.46 -0.30 1.77,
lk 0.21 0.00 0.24,
ow 12.81 -80.81 11.19,
lb -9.53 -0.30 1.76,
lk 0.21 0.00 0.24,
ow 12.75 -80.81 11.31,
lb -9.54 -0.36 1.76,
lk 0.14 0.00 0.23,
ow 12.75 -80.81 11.38,
lb -9.55 -0.33 1.75,
lk 0.12 -0.01 0.22,
ow 12.69 -80.81 11.50,
lb -9.62 -0.35 1.50,
lk 0.05 -0.04 -0.02,
ow 12.69 -80.81 11.50,
lb -9.63 -0.35 1.49,
lk 0.04 -0.04 -0.03,
ow 12.69 -80.81 11.50,
lb -9.64 -0.34 1.54,
lk 0.04 -0.04 -0.03,
ow 12.69 -80.81 11.50,
lb -9.65 -0.38 1.51,
lk 0.03 -0.03 0.01,
ow 12.69 -80.81 11.56,
lb -9.64 -0.47 1.46,
lk 0.03 -0.16 -0.06,
ow 12.63 -80.81 11.63,
lb -9.62 -0.47 1.51,
lk 0.05 -0.16 0.00,
ow 12.63 -80.81 11.56,
lb -9.56 -0.45 1.61,
lk 0.12 -0.14 0.08,
ow 12.63 -80.81 11.56,
lb -9.51 -0.47 1.67,
lk 0.12 -0.14 0.08,
ow 12.69 -80.81 11.56,
lb -9.51 -0.44 1.70,
lk 0.16 -0.16 0.15,
ow 12.63 -80.81 11.56,
lb -9.53 -0.46 1.66,
lk 0.14 -0.15 0.14,
ow 12.63 -80.87 11.56,
lb -9.57 -0.48 1.63,
lk 0.10 -0.17 0.11,
ow 12.63 -80.87 11.69,
lb -9.62 -0.54 1.48,
lk 0.06 -0.22 -0.03,
ow 12.63 -80.94 11.75,
lb -9.59 -0.46 1.62,
lk 0.06 -0.22 -0.03,
ow 12.63 -80.94 11.81,
lb -9.61 -0.44 1.61,
lk 0.09 -0.15 0.12,
ow 12.63 -80.94 11.88,
lb -9.61 -0.40 1.54,
lk 0.07 -0.08 0.04,
ow 12.63 -81.00 12.00,
lb -9.68 -0.47 1.44,
lk 0.00 -0.15 -0.04,
ow 12.63 -81.00 12.06,
lb -9.71 -0.43 1.49,
lk -0.02 -0.10 0.00,
ow 12.63 -81.06 12.13,
lb -9.73 -0.45 1.49,
lk -0.02 -0.10 0.00,
ow 12.63 -81.06 12.25,
lb -9.75 -0.47 1.46,
lk -0.04 -0.12 0.01,
ow 12.69 -81.06 12.38,
lb -9.69 -0.44 1.50,
lk 0.00 -0.11 0.01,
ow 12.63 -81.06 12.38,
lb -9.64 -0.39 1.59,
lk 0.04 -0.07 0.10,
ow 12.63 -81.06 12.38,
lb -9.59 -0.37 1.58,
lk 0.08 -0.04 0.10,
ow 12.63 -81.06 12.44,
lb -9.59 -0.37 1.51,
lk 0.08 -0.04 0.10,
ow 12.63 -81.06 12.50,
lb -9.56 -0.36 1.43,
lk 0.09 -0.05 0.03,
ow 12.63 -81.06 12.56,
lb -9.57 -0.33 1.48,
lk 0.10 0.00 0.01,
ow 12.63 -81.12 12.69,
lb -9.62 -0.32 1.47,
lk 0.06 0.00 0.00,
ow 12.63 -81.12 12.81,
lb -9.62 -0.42 1.43,
lk 0.06 -0.08 -0.03,
ow 12.63 -81.12 12.94,
lb -9.56 -0.33 1.61,
lk 0.12 0.00 0.14,
ow 12.88 -81.12 13.00,
lb -9.57 -0.31 1.64,
lk 0.11 0.03 0.17,
ow 12.88 -81.12 13.06,
lb -9.55 -0.36 1.60,
lk 0.13 -0.02 0.13,
ow 12.94 -81.12 13.19,
lb -9.57 -0.31 1.54,
lk 0.11 0.02 0.08,
ow 12.94 -81.19 13.31,
lb -9.70 -0.42 1.35,
lk -0.01 -0.07 -0.10,
ow 12.94 -81.19 13.44,
lb -9.80 -0.42 1.28,
lk -0.01 -0.07 -0.10,
ow 13.00 -81.25 13.56,
lb -9.80 -0.42 1.39,
lk -0.11 -0.07 -0.15,
ow 13.00 -81.25 13.63,
lb -9.78 -0.37 1.48,
lk -0.09 -0.02 0.03,
ow 13.06 -81.25 13.69,
lb -9.77 -0.40 1.50,
lk -0.07 -0.04 0.05,
ow 13.06 -81.25 13.81,
lb -9.74 -0.43 1.48,
lk -0.05 -0.07 0.03,
ow 13.13 -81.19 13.88,
lb -9.65 -0.40 1.51,
lk -0.05 -0.07 0.03,
ow 12.94 -81.19 13.88,
lb -9.55 -0.39 1.45,
lk 0.03 -0.04 0.06,
ow 12.94 -81.19 14.00,
lb -9.50 -0.34 1.48,
lk 0.18 0.01 0.03,
ow 13.00 -81.19 14.00,
lb -9.52 -0.33 1.53,
lk 0.16 0.03 0.07,
ow 13.00 -81.12 14.13,
lb -9.60 -0.37 1.52,
lk 0.08 0.00 0.06,
ow 13.00 -81.12 14.25,
lb -9.60 -0.27 1.60,
lk 0.08 0.00 0.06,
ow 13.19 -81.12 14.31,
lb -9.56 -0.21 1.54,
lk 0.08 0.10 0.14,
ow 13.19 -81.12 14.38,
lb -9.54 -0.24 1.39,
lk 0.14 0.13 -0.07,
ow 13.25 -81.12 14.44,
lb -9.60 -0.32 1.44,
lk 0.08 0.05 -0.01,
ow 13.25 -81.12 14.56,
lb -9.67 -0.34 1.41,
lk 0.01 0.04 -0.03,
ow 13.25 -81.12 14.69,
lb -9.67 -0.41 1.41,
lk 0.01 0.04 -0.03,
ow 13.25 -81.19 14.88,
lb -9.67 -0.41 1.40,
lk 0.01 -0.02 -0.03,
ow 13.31 -81.19 15.06,
lb -9.71 -0.47 1.37,
lk -0.02 -0.08 -0.05,
ow 13.31 -81.25 15.25,
lb -9.71 -0.50 1.34,
lk -0.02 -0.11 -0.07,
ow 13.31 -81.31 15.44,
lb -9.69 -0.50 1.48,
lk 0.00 -0.11 0.07,
ow 13.38 -81.37 15.56,
lb -9.79 -0.53 1.37,
lk 0.00 -0.11 0.07,
ow 13.38 -81.44 15.69,
lb -9.81 -0.53 1.40,
lk -0.10 -0.13 -0.02,
ow 13.44 -81.44 15.81,
lb -9.80 -0.51 1.44,
lk -0.10 -0.12 0.05,
ow 13.44 -81.50 15.88,
lb -9.78 -0.48 1.47,
lk -0.07 -0.08 0.09,
ow 13.50 -81.56 15.94,
lb -9.74 -0.48 1.46,
lk -0.04 -0.08 0.08,
ow 13.50 -81.56 16.00,
lb -9.71 -0.45 1.42,
lk -0.04 -0.08 0.08,
ow 13.56 -81.62 16.06,
lb -9.70 -0.44 1.40,
lk -0.01 -0.05 0.05,
ow 13.56 -81.62 16.12,
lb -9.67 -0.41 1.40,
lk 0.02 -0.02 0.04,
ow 13.56 -81.62 16.12,
lb -9.65 -0.35 1.39,
lk 0.05 0.03 0.03,
ow 13.56 -81.69 16.19,
lb -9.65 -0.35 1.29,
lk 0.04 0.03 -0.06,
ow 13.63 -81.69 16.19,
lb -9.69 -0.34 1.26,
lk 0.04 0.03 -0.06,
ow 13.44 -81.69 16.19,
lb -9.58 -0.34 1.32,
lk 0.11 0.04 -0.02,
ow 13.44 -81.69 16.19,
lb -9.62 -0.39 1.27,
lk 0.07 0.00 -0.07,
ow 13.50 -81.69 16.25,
lb -9.63 -0.42 1.25,
lk 0.07 -0.02 -0.09,
ow 13.50 -81.69 16.31,
lb -9.55 -0.37 1.36,
lk 0.14 0.01 0.01,
ow 13.50 -81.69 16.31,
lb -9.51 -0.33 1.58,
lk 0.14 0.01 0.01,
ow 13.56 -81.69 16.31,
lb -9.59 -0.34 1.47,
lk 0.18 0.06 0.23,
ow 13.56 -81.69 16.37,
lb -9.65 -0.40 1.33,
lk 0.05 0.00 -0.01,
ow 13.63 -81.69 16.44,
lb -9.58 -0.36 1.40,
lk 0.12 0.03 0.05,
ow 13.63 -81.69 16.50,
lb -9.57 -0.17 1.53,
lk 0.12 0.22 0.19,
ow 13.63 -81.75 16.50,
lb -9.69 -0.23 1.36,
lk 0.12 0.22 0.19,
ow 13.56 -81.75 16.56,
lb -9.74 -0.34 1.20,
lk 0.01 0.15 0.02,
ow 13.56 -81.81 16.62,
lb -9.73 -0.38 1.17,
lk -0.02 0.01 -0.14,
ow 13.56 -81.87 16.69,
lb -9.78 -0.34 1.39,
lk -0.07 0.05 0.07,
ow 13.56 -81.87 16.69,
lb -9.83 -0.42 1.34,
lk -0.12 -0.02 0.03,
ow 13.56 -81.94 16.75,
lb -9.81 -0.46 1.35,
lk -0.12 -0.02 0.03,
ow 13.50 -81.94 16.75,
lb -9.76 -0.45 1.45,
lk -0.10 -0.07 0.04,
ow 13.50 -82.00 16.75,
lb -9.88 -0.42 1.37,
lk -0.17 -0.03 0.07,
ow 13.50 -82.00 16.69,
lb -9.92 -0.49 1.21,
lk -0.21 -0.10 -0.09,
ow 13.50 -82.00 16.62,
lb -9.89 -0.51 1.20,
lk -0.18 -0.12 -0.10,
ow 13.50 -82.00 16.56,
lb -9.68 -0.46 1.48,
lk -0.18 -0.12 -0.10,
ow 13.56 -82.00 16.44,
lb -9.68 -0.44 1.51,
lk 0.02 -0.08 0.17,
ow 13.56 -81.94 16.37,
lb -9.69 -0.44 1.36,
lk 0.01 -0.05 0.04,
ow 13.56 -81.94 16.37,
lb -9.66 -0.48 1.34,
lk 0.04 -0.09 0.02,
ow 13.56 -81.94 16.37,
lb -9.55 -0.48 1.46,
lk 0.15 -0.10 0.14,
ow 13.56 -81.94 16.37,
lb -9.58 -0.44 1.51,
lk 0.15 -0.10 0.14,
ow 13.56 -81.94 16.37,
lb -9.64 -0.40 1.37,
lk 0.12 -0.05 0.19,
ow 13.56 -81.87 16.37,
lb -9.68 -0.39 1.26,
lk 0.01 0.00 -0.05,
ow 13.56 -81.87 16.37,
lb -9.71 -0.46 1.28,
lk 0.00 -0.07 -0.03,
ow 13.56 -81.87 16.37,
lb -9.73 -0.44 1.24,
lk -0.02 -0.05 -0.08,
ow 13.50 -81.87 16.44,
lb -9.69 -0.50 1.29,
lk -0.02 -0.05 -0.08,
ow 13.50 -81.87 16.44,
lb -9.53 -0.45 1.46,
lk 0.17 -0.06 0.13,
ow 13.50 -81.87 16.44,
lb -9.52 -0.40 1.47,
lk 0.18 -0.01 0.14,
ow 13.56 -81.87 16.50,
lb -9.58 -0.43 1.34,
lk 0.11 -0.03 0.01,
ow 13.56 -81.81 16.62,
lb -9.58 -0.45 1.25,
lk 0.12 -0.05 -0.07,
ow 13.56 -81.81 16.69,
lb -9.55 -0.35 1.37,
lk 0.12 -0.05 -0.07,
ow 13.56 -81.81 16.75,
lb -9.59 -0.32 1.37,
lk 0.15 0.04 0.04,
ow 13.56 -81.81 16.81,
lb -9.61 -0.34 1.34,
lk 0.09 0.05 0.01,
ow 13.50 -81.81 16.81,
lb -9.60 -0.34 1.37,
lk 0.09 0.06 0.05,
ow 13.50 -81.81 16.87,
lb -9.66 -0.36 1.35,
lk 0.04 0.03 0.03,
ow 13.50 -81.87 16.94,
lb -9.76 -0.40 1.27,
lk 0.04 0.03 0.03,
ow 13.69 -81.87 17.00,
lb -9.78 -0.44 1.24,
lk -0.05 0.00 -0.03,
ow 13.69 -81.87 17.06,
lb -9.76 -0.42 1.42,
lk -0.05 -0.01 0.11,
ow 13.69 -81.87 17.06,
lb -9.78 -0.45 1.42,
lk -0.07 -0.05 0.10,
ow 13.69 -81.87 17.12,
lb -9.77 -0.52 1.37,
lk -0.06 -0.11 0.06,
ow 13.69 -81.87 17.19,
lb -9.74 -0.53 1.28,
lk -0.06 -0.11 0.06,
ow 13.75 -81.87 17.19,
lb -9.66 -0.42 1.38,
lk -0.03 -0.12 -0.03,
ow 13.75 -81.87 17.19,
lb -9.64 -0.41 1.35,
lk 0.06 0.00 0.03,
ow 13.69 -81.87 17.19,
lb -9.62 -0.41 1.37,
lk 0.08 0.00 0.05,
ow 13.69 -81.87 17.19,
lb -9.61 -0.38 1.37,
lk 0.09 0.02 0.05,
ow 13.69 -81.87 17.19,
lb -9.60 -0.40 1.33,
lk 0.09 0.02 0.05,
ow 13.69 -81.87 17.25,
lb -9.63 -0.40 1.36,
lk 0.10 0.00 0.01,
ow 13.69 -81.87 17.25,
lb -9.65 -0.47 1.31,
lk 0.05 -0.06 0.00,
ow 13.69 -81.87 17.31,
lb -9.65 -0.49 1.25,
lk 0.05 -0.08 -0.06,
ow 13.69 -81.87 17.31,
lb -9.64 -0.49 1.34,
lk 0.06 -0.08 0.02,
ow 13.63 -81.87 17.31,
lb -9.56 -0.47 1.42,
lk 0.06 -0.08 0.02,
ow 13.69 -81.87 17.31,
lb -9.61 -0.45 1.48,
lk 0.13 -0.06 0.10,
ow 13.69 -81.87 17.37,
lb -9.68 -0.51 1.33,
lk 0.02 -0.09 0.02,
ow 13.69 -81.87 17.50,
lb -9.69 -0.50 1.36,
lk 0.01 -0.09 0.04,
ow 13.69 -81.87 17.62,
lb -9.67 -0.47 1.35,
lk 0.03 -0.05 0.03,
ow 13.69 -81.87 17.69,
lb -9.66 -0.45 1.32,
lk 0.03 -0.05 0.03,
ow 13.69 -81.87 17.75,
lb -9.64 -0.45 1.23,
lk 0.04 -0.03 0.00,
ow 13.69 -81.87 17.87,
lb -9.61 -0.41 1.35,
lk 0.09 0.00 0.04,
ow 13.63 -81.87 17.94,
lb -9.62 -0.41 1.35,
lk 0.08 0.01 0.04,
ow 13.63 -81.94 18.06,
lb -9.64 -0.47 1.31,
lk 0.06 -0.05 0.00,
ow 13.63 -81.94 18.19,
lb -9.69 -0.49 1.37,
lk 0.06 -0.05 0.00,
ow 13.63 -81.94 18.25,
lb -9.66 -0.47 1.43,
lk 0.01 -0.06 0.07,
ow 13.63 -81.94 18.37,
lb -9.67 -0.46 1.45,
lk 0.03 -0.03 0.15,
ow 13.63 -81.94 18.44,
lb -9.69 -0.47 1.39,
lk 0.01 -0.04 0.09,
ow 13.63 -81.94 18.44,
lb -9.71 -0.49 1.33,
lk 0.00 -0.06 0.04,
ow 13.63 -82.00 18.56,
lb -9.73 -0.51 1.18,
lk 0.00 -0.06 0.04,
ow 13.63 -82.00 18.62,
lb -9.72 -0.47 1.17,
lk -0.02 -0.08 -0.10,
ow 13.63 -82.00 18.62,
lb -9.67 -0.45 1.26,
lk 0.03 -0.01 -0.02,
ow 13.56 -82.00 18.62,
lb -9.67 -0.44 1.27,
lk 0.04 0.00 -0.01,
ow 13.56 -82.00 18.62,
lb -9.66 -0.46 1.32,
lk 0.05 -0.02 0.03,
ow 13.56 -81.94 18.62,
lb -9.67 -0.44 1.36,
lk 0.05 -0.02 0.03,
ow 13.56 -81.94 18.62,
lb -9.69 -0.48 1.30,
lk 0.03 0.00 0.06,
ow 13.56 -81.94 18.62,
lb -9.64 -0.51 1.30,
lk 0.06 -0.06 0.00,
ow 13.56 -81.87 18.69,
lb -9.64 -0.51 1.30,
lk 0.06 -0.06 0.00,
ow 13.56 -81.87 18.75,
lb -9.66 -0.49 1.29,
lk 0.04 -0.05 -0.01,
ow 13.56 -81.81 18.75,
lb -9.63 -0.51 1.38,
lk 0.04 -0.05 -0.01,
ow 13.56 -81.81 18.81,
lb -9.65 -0.51 1.46,
lk 0.07 -0.06 0.06,
ow 13.56 -81.81 18.94,
lb -9.67 -0.52 1.37,
lk 0.03 -0.06 0.05,
ow 13.56 -81.81 19.06,
lb -9.69 -0.49 1.32,
lk 0.00 -0.03 0.01,
ow 13.56 -81.81 19.12,
lb -9.63 -0.45 1.43,
lk 0.07 0.00 0.12,
ow 13.56 -81.81 19.12,
lb -9.65 -0.45 1.46,
lk 0.07 0.00 0.12,
ow 13.56 -81.87 19.19,
lb -9.70 -0.47 1.37,
lk 0.05 0.00 0.15,
ow 13.56 -81.87 19.25,
lb -9.75 -0.47 1.29,
lk -0.04 -0.02 0.00,
ow 13.56 -81.94 19.25,
lb -9.74 -0.45 1.30,
lk -0.03 0.00 0.01,
ow 13.56 -81.94 19.25,
lb -9.70 -0.46 1.28,
lk 0.00 -0.01 0.00,
ow 13.56 -81.94 19.25,
lb -9.65 -0.39 1.36,
lk 0.00 -0.01 0.00,
ow 13.56 -82.00 19.12,
lb -9.54 -0.37 1.34,
lk 0.06 0.04 0.08,
ow 13.56 -82.00 19.12,
lb -9.51 -0.38 1.28,
lk 0.20 0.05 0.01,
ow 13.50 -82.06 19.06,
lb -9.53 -0.35 1.28,
lk 0.18 0.08 0.01,
ow 13.50 -82.12 19.00,
lb -9.56 -0.34 1.30,
lk 0.14 0.08 0.04,
ow 13.50 -82.12 19.00,
lb -9.66 -0.42 1.34,
lk 0.14 0.08 0.04,
ow 13.44 -82.19 19.00,
lb -9.71 -0.41 1.37,
lk 0.05 0.00 0.09,
ow 13.44 -82.25 19.00,
lb -9.72 -0.43 1.37,
lk 0.00 -0.01 0.13,
ow 13.44 -82.31 18.94,
lb -9.77 -0.49 1.38,
lk -0.05 -0.07 0.15,
ow 13.44 -82.31 18.87,
lb -9.79 -0.52 1.30,
lk -0.07 -0.10 0.07,
ow 13.44 -82.31 18.81,
lb -9.85 -0.53 1.33,
lk -0.07 -0.10 0.07,
ow 13.38 -82.37 18.69,
lb -9.84 -0.53 1.38,
lk -0.12 -0.11 0.15,
ow 13.38 -82.31 18.56,
lb -9.91 -0.53 1.33,
lk -0.19 -0.11 0.09,
ow 13.44 -82.31 18.44,
lb -9.89 -0.52 1.22,
lk -0.17 -0.11 -0.02,
ow 13.38 -82.31 18.25,
lb -9.82 -0.49 1.23,
lk -0.10 -0.08 -0.01,
ow 13.38 -82.25 18.00,
lb -9.81 -0.45 1.32,
lk -0.10 -0.08 -0.01,
ow 13.50 -82.25 17.81,
lb -9.76 -0.45 1.28,
lk -0.09 -0.04 0.07,
ow 13.50 -82.19 17.62,
lb -9.76 -0.46 1.27,
lk -0.04 -0.07 0.01,
ow 13.50 -82.19 17.50,
lb -9.74 -0.49 1.26,
lk -0.03 -0.10 0.00,
ow 13.44 -82.19 17.31,
lb -9.68 -0.45 1.27,
lk 0.02 -0.06 0.00,
ow 13.44 -82.12 17.25,
lb -9.76 -0.52 1.27,
lk 0.02 -0.06 0.00,
ow 13.38 -82.06 17.12,
lb -9.69 -0.52 1.34,
lk -0.05 -0.13 -0.01,
ow 13.38 -82.06 17.00,
lb -9.68 -0.52 1.34,
lk 0.02 -0.12 0.04,
ow 13.38 -82.00 16.87,
lb -9.65 -0.45 1.39,
lk 0.05 -0.06 0.08,
ow 13.38 -81.94 16.87,
lb -9.64 -0.45 1.39,
lk 0.06 -0.04 0.08,
ow 13.44 -81.87 16.87,
lb -9.67 -0.45 1.33,
lk 0.06 -0.04 0.08,
ow 13.44 -81.87 16.94,
lb -9.74 -0.47 1.17,
lk 0.03 -0.05 0.00,
ow 13.44 -81.87 17.06,
lb -9.79 -0.43 1.13,
lk -0.08 -0.02 -0.19,
ow 13.44 -81.81 17.06,
lb -9.81 -0.40 1.06,
lk -0.11 0.00 -0.26,
ow 13.44 -81.81 17.12,
lb -9.81 -0.39 1.04,
lk -0.10 0.01 -0.28,
ow 13.44 -81.81 17.12,
lb -9.77 -0.44 1.05,
lk -0.10 0.01 -0.28,
ow 13.38 -81.81 17.12,
lb -9.79 -0.45 1.00,
lk -0.06 -0.03 -0.27,
ow 13.38 -81.81 17.19,
lb -9.81 -0.48 0.99,
lk -0.11 -0.07 -0.33,
ow 13.38 -81.81 17.25,
lb -9.79 -0.49 0.95,
lk -0.09 -0.08 -0.36,
ow 13.38 -81.81 17.31,
lb -9.76 -0.52 0.88,
lk -0.05 -0.11 -0.43,
ow 13.38 -81.87 17.37,
lb -9.75 -0.56 0.89,
lk -0.04 -0.14 -0.42,
ow 13.31 -81.87 17.50,
lb -9.74 -0.57 0.90,
lk -0.03 -0.16 -0.41,
ow 13.31 -81.87 17.62,
lb -9.69 -0.58 0.89,
lk 0.01 -0.16 -0.41,
ow 13.31 -81.94 17.75,
lb -9.68 -0.58 0.90,
lk 0.02 -0.16 -0.40,
ow 13.31 -81.94 17.94,
lb -9.71 -0.59 0.86,
lk 0.00 -0.17 -0.43,
ow 13.31 -81.94 18.00,
lb -9.73 -0.56 0.83,
lk 0.00 -0.17 -0.43,
ow 13.31 -81.94 18.06,
lb -9.75 -0.56 0.82,
lk -0.02 -0.13 -0.45,
ow 13.25 -82.00 18.12,
lb -9.85 -0.58 0.73,
lk -0.14 -0.15 -0.55,
ow 13.25 -82.00 18.19,
lb -9.88 -0.59 0.72,
lk -0.17 -0.16 -0.56,
ow 13.25 -82.00 18.31,
lb -9.91 -0.59 0.73,
lk -0.20 -0.16 -0.55,
ow 13.19 -82.00 18.31,
lb -9.88 -0.55 0.77,
lk -0.20 -0.16 -0.55,
ow 13.19 -81.94 18.31,
lb -9.90 -0.54 0.76,
lk -0.17 -0.12 -0.52,
ow 13.13 -81.94 18.25,
lb -9.94 -0.55 0.71,
lk -0.23 -0.12 -0.58,
ow 13.06 -81.87 18.12,
lb -9.92 -0.53 0.77,
lk -0.22 -0.10 -0.53,
ow 13.00 -81.87 18.06,
lb -9.92 -0.54 0.77,
lk -0.21 -0.11 -0.55,
ow 12.94 -81.81 17.94,
lb -9.94 -0.57 0.76,
lk -0.21 -0.11 -0.55,
ow 12.88 -81.75 17.75,
lb -9.86 -0.51 0.77,
lk -0.23 -0.14 -0.56,
ow 12.81 -81.69 17.56,
lb -9.86 -0.51 0.82,
lk -0.16 -0.09 -0.52,
ow 12.75 -81.62 17.37,
lb -9.87 -0.52 0.89,
lk -0.17 -0.10 -0.47,
ow 12.69 -81.56 17.12,
lb -9.83 -0.52 0.87,
lk -0.13 -0.10 -0.50,
ow 12.63 -81.50 16.81,
lb -9.79 -0.52 0.90,
lk -0.13 -0.10 -0.50,
ow 12.56 -81.37 16.56,
lb -9.79 -0.56 0.91,
lk -0.09 -0.10 -0.50,
ow 12.50 -81.31 16.31,
lb -9.75 -0.56 0.91,
lk -0.06 -0.14 -0.51,
ow 12.44 -81.19 16.06,
lb -9.70 -0.59 0.92,
lk -0.02 -0.18 -0.52,
ow 12.38 -81.06 15.88,
lb -9.73 -0.57 1.02,
lk -0.04 -0.15 -0.44,
ow 12.31 -80.94 15.69,
lb -9.58 -0.52 1.09,
lk -0.04 -0.15 -0.44,
ow 12.19 -80.81 15.50,
lb -9.61 -0.49 1.14,
lk 0.09 -0.10 -0.40,
ow 12.13 -80.69 15.25,
lb -9.61 -0.50 1.14,
lk 0.06 -0.09 -0.40,
ow 12.00 -80.56 15.00,
lb -9.64 -0.49 1.23,
lk 0.02 -0.08 -0.33,
ow 11.94 -80.44 14.81,
lb -9.75 -0.47 1.27,
lk -0.08 -0.06 -0.30,
ow 11.81 -80.31 14.56,
lb -9.79 -0.46 1.21,
lk -0.08 -0.06 -0.30,
ow 11.75 -80.19 14.31,
lb -9.85 -0.48 1.18,
lk -0.13 -0.05 -0.39,
ow 11.69 -80.12 14.06,
lb -9.86 -0.48 1.15,
lk -0.20 -0.07 -0.49,
ow 11.56 -80.00 13.81,
lb -9.94 -0.51 1.16,
lk -0.29 -0.10 -0.51,
ow 11.50 -79.87 13.56,
lb -9.93 -0.49 1.14,
lk -0.28 -0.09 -0.55,
ow 11.44 -79.75 13.31,
lb -9.85 -0.46 1.10,
lk -0.28 -0.09 -0.55,
ow 11.38 -79.62 13.13,
lb -9.75 -0.45 1.03,
lk -0.20 -0.06 -0.61,
ow 11.25 -79.50 12.88,
lb -9.72 -0.44 1.07,
lk -0.08 -0.04 -0.67,
ow 11.19 -79.37 12.69,
lb -9.65 -0.45 1.12,
lk -0.02 -0.05 -0.65,
ow 11.06 -79.25 12.44,
lb -9.64 -0.42 1.18,
lk -0.01 -0.03 -0.61,
ow 11.00 -79.12 12.19,
lb -9.61 -0.46 1.30,
lk -0.01 -0.03 -0.61,
ow 10.88 -79.00 11.88,
lb -9.52 -0.45 1.32,
lk 0.01 -0.07 -0.52,
ow 10.81 -78.81 11.63,
lb -9.64 -0.50 1.24,
lk -0.02 -0.12 -0.64,
ow 10.69 -78.62 11.38,
lb -9.62 -0.46 1.23,
lk -0.01 -0.09 -0.67,
ow 10.63 -78.50 11.13,
lb -9.56 -0.44 1.26,
lk 0.04 -0.06 -0.67,
ow 10.56 -78.31 10.88,
lb -9.60 -0.46 1.34,
lk 0.04 -0.06 -0.67,
ow 10.44 -78.19 10.63,
lb -9.57 -0.46 1.25,
lk 0.00 -0.09 -0.62,
ow 10.38 -78.00 10.44,
lb -9.66 -0.48 1.15,
lk -0.07 -0.11 -0.87,
ow 10.31 -77.87 10.19,
lb -9.71 -0.51 1.08,
lk -0.13 -0.14 -0.96,
ow 10.25 -77.75 10.06,
lb -9.72 -0.51 1.07,
lk -0.14 -0.15 -0.98,
ow 10.19 -77.62 9.94,
lb -9.68 -0.51 1.13,
lk -0.14 -0.15 -0.98,
ow 10.13 -77.50 9.81,
lb -9.51 -0.51 1.30,
lk -0.10 -0.15 -0.95,
ow 10.06 -77.31 9.63,
lb -9.44 -0.49 1.38,
lk 0.12 -0.13 -0.75,
ow 10.00 -77.19 9.44,
lb -9.44 -0.49 1.41,
lk 0.11 -0.14 -0.75,
ow 9.94 -77.00 9.25,
lb -9.41 -0.48 1.37,
lk 0.13 -0.13 -0.82,
ow 9.88 -76.81 9.06,
lb -9.46 -0.47 1.37,
lk 0.13 -0.13 -0.82,
ow 10.25 -76.62 8.88,
lb -9.49 -0.48 1.36,
lk 0.07 -0.12 -0.85,
ow 10.19 -76.44 8.75,
lb -9.47 -0.52 1.39,
lk 0.04 -0.17 -0.90,
ow 10.13 -76.25 8.63,
lb -9.45 -0.46 1.48,
lk 0.06 -0.12 -0.85,
ow 10.06 -76.00 8.44,
lb -9.43 -0.44 1.44,
lk 0.07 -0.09 -0.93,
ow 10.00 -75.81 8.31,
lb -9.44 -0.46 1.38,
lk 0.07 -0.09 -0.93,
ow 10.38 -75.56 8.19,
lb -9.45 -0.45 1.37,
lk 0.05 -0.12 -1.02,
ow 10.31 -75.37 8.06,
lb -9.36 -0.42 1.41,
lk 0.11 -0.07 -1.06,
ow 10.19 -75.19 7.94,
lb -9.31 -0.41 1.41,
lk 0.15 -0.07 -1.09,
ow 10.13 -75.00 7.81,
lb -9.24 -0.42 1.44,
lk 0.21 -0.07 -1.10,
ow 10.06 -74.75 7.69,
lb -9.19 -0.40 1.49,
lk 0.21 -0.07 -1.10,
ow 10.50 -74.56 7.56,
lb -9.14 -0.38 1.50,
lk 0.26 -0.06 -1.09,
ow 10.38 -74.31 7.38,
lb -9.14 -0.44 1.48,
lk 0.28 -0.10 -1.17,
ow 10.31 -74.12 7.25,
lb -9.10 -0.44 1.53,
lk 0.31 -0.10 -1.15,
ow 10.25 -73.87 7.13,
lb -9.01 -0.47 1.61,
lk 0.39 -0.13 -1.12,
ow 10.13 -73.62 7.00,
lb -8.96 -0.48 1.72,
lk 0.39 -0.13 -1.12,
ow 10.50 -73.37 6.94,
lb -8.91 -0.46 1.87,
lk 0.43 -0.14 -1.05,
ow 10.38 -72.94 6.69,
lb -8.95 -0.50 1.94,
lk 0.40 -0.17 -0.98,
ow 10.25 -72.50 6.44,
lb -9.01 -0.51 1.99,
lk 0.31 -0.18 -1.00,
ow 10.19 -72.06 6.19,
lb -9.10 -0.49 1.97,
lk 0.20 -0.17 -1.10,
ow 10.06 -71.56 5.94,
lb -9.07 -0.46 1.99,
lk 0.20 -0.17 -1.10,
ow 10.44 -71.12 5.63,
lb -9.02 -0.44 2.01,
lk 0.20 -0.15 -1.16,
ow 10.38 -70.62 5.31,
lb -8.92 -0.44 1.99,
lk 0.30 -0.14 -1.29,
ow 10.31 -70.31 5.13,
lb -8.84 -0.42 1.92,
lk 0.37 -0.13 -1.41,
ow 10.25 -69.94 4.94,
lb -8.67 -0.49 1.84,
lk 0.51 -0.21 -1.54,
ow 10.13 -69.62 4.81,
lb -8.53 -0.45 1.79,
lk 0.51 -0.21 -1.54,
ow 10.81 -69.06 4.56,
lb -8.13 -0.34 1.87,
lk 0.63 -0.17 -1.69,
ow 10.69 -68.50 4.31,
lb -7.98 -0.28 2.06,
lk 1.09 -0.02 -1.61,
ow 10.56 -67.87 4.06,
lb -7.87 -0.31 2.29,
lk 1.16 -0.05 -1.48,
ow 10.38 -67.25 3.88,
lb -7.68 -0.25 2.55,
lk 1.31 0.00 -1.32,
ow 10.25 -66.62 3.75,
lb -7.61 -0.25 2.63,
lk 1.31 0.00 -1.32,
ow 10.81 -66.00 3.63,
lb -7.53 -0.24 2.75,
lk 1.34 0.00 -1.34,
ow 10.69 -65.37 3.56,
lb -7.57 -0.22 2.76,
lk 1.30 0.03 -1.38,
ow 10.50 -64.81 3.56,
lb -7.62 -0.36 2.49,
lk 1.21 -0.08 -1.74,
ow 10.38 -64.31 3.69,
lb -7.64 -0.36 2.43,
lk 1.15 -0.07 -1.88,
ow 10.19 -63.75 3.81,
lb -7.53 -0.41 2.16,
lk 1.15 -0.07 -1.88,
ow 10.63 -63.25 4.00,
lb -7.43 -0.38 2.13,
lk 1.22 -0.10 -2.23,
ow 10.50 -62.63 4.13,
lb -7.13 -0.42 2.04,
lk 1.53 -0.07 -2.52,
ow 10.31 -62.06 4.31,
lb -7.01 -0.36 1.98,
lk 1.60 0.00 -2.67,
ow 10.13 -61.50 4.50,
lb -6.81 -0.32 2.04,
lk 1.75 0.06 -2.69,
ow 9.94 -60.94 4.69,
lb -6.62 -0.31 2.02,
lk 1.75 0.06 -2.69,
ow 10.31 -60.44 4.81,
lb -5.96 -0.07 2.24,
lk 1.90 0.09 -2.79,
ow 10.13 -59.88 4.94,
lb -5.73 -0.06 2.28,
lk 2.70 0.37 -2.68,
ow 9.88 -59.38 5.06,
lb -5.41 -0.04 2.08,
lk 2.98 0.41 -2.95,
ow 9.63 -58.88 5.19,
lb -4.81 -0.29 1.25,
lk 3.53 0.18 -3.85,
ow 9.44 -58.44 5.38,
lb -4.55 -0.37 0.77,
lk 3.53 0.18 -3.85,
ow 9.81 -58.00 5.50,
lb -4.34 -0.37 0.90,
lk 3.76 0.12 -4.39,
ow 9.56 -57.50 5.69,
lb -4.07 -0.48 1.01,
lk 4.15 0.06 -4.29,
ow 9.38 -57.00 5.88,
lb -3.72 -0.49 1.67,
lk 4.45 0.08 -3.70,
ow 9.19 -56.50 6.13,
lb -3.65 -0.58 2.04,
lk 4.48 0.02 -3.39,
ow 9.00 -56.00 6.31,
lb -3.75 -0.59 2.16,
lk 4.48 0.02 -3.39,
ow 9.56 -55.56 6.50,
lb -3.74 -0.63 2.06,
lk 4.33 0.03 -3.34,
ow 9.38 -55.13 6.69,
lb -3.55 -0.87 1.14,
lk 4.46 -0.19 -4.46,
ow 9.25 -54.75 6.88,
lb -3.55 -0.91 0.43,
lk 4.42 -0.21 -5.23,
ow 9.13 -54.38 7.06,
lb -3.39 -1.01 -0.09,
lk 4.53 -0.29 -5.81,
ow 9.00 -53.94 7.19,
lb -3.09 -1.11 -0.45,
lk 4.53 -0.29 -5.81,
ow 9.38 -53.44 7.31,
lb -2.85 -1.05 0.00,
lk 4.78 -0.37 -6.24,
ow 9.31 -52.88 7.44,
lb -2.68 -0.90 0.13,
lk 5.05 -0.11 -5.82,
ow 9.25 -52.19 7.50,
lb -2.66 -0.81 0.28,
lk 4.99 0.00 -5.77,
ow 9.19 -51.44 7.56,
lb -2.48 -0.55 0.51,
lk 5.09 0.27 -5.64,
ow 9.13 -50.63 7.63,
lb -2.44 -0.43 0.49,
lk 5.09 0.27 -5.64,
ow 9.56 -49.81 7.63,
lb -2.52 -0.36 0.30,
lk 5.04 0.40 -5.77,
ow 9.56 -49.06 7.56,
lb -2.42 -0.34 0.36,
lk 4.89 0.50 -6.11,
ow 9.50 -48.19 7.44,
lb -2.40 -0.30 0.68,
lk 4.80 0.54 -5.89,
ow 9.50 -47.38 7.31,
lb -2.37 -0.52 0.78,
lk 4.74 0.31 -5.91,
ow 9.44 -46.50 7.13,
lb -2.35 -0.83 0.88,
lk 4.74 0.31 -5.91,
ow 10.00 -45.63 6.88,
lb -2.23 -1.03 1.18,
lk 4.65 0.00 -5.92,
ow 10.00 -44.75 6.69,
lb -1.97 -1.66 1.30,
lk 4.83 -0.86 -5.70,
ow 10.00 -43.94 6.50,
lb -1.79 -1.24 0.86,
lk 4.90 -0.45 -6.24,
ow 9.94 -43.06 6.31,
lb -1.30 -0.70 0.63,
lk 5.28 0.06 -6.58,
ow 9.94 -42.19 6.06,
lb -0.36 0.60 0.88,
lk 5.28 0.06 -6.58,
ow 10.50 -41.25 5.81,
lb 0.46 1.17 0.23,
lk 6.10 1.35 -6.44,
ow 10.38 -40.25 5.56,
lb 1.16 1.44 -0.04,
lk 7.37 2.16 -7.59,
ow 10.25 -39.25 5.44,
lb 1.82 1.63 0.05,
lk 7.88 2.36 -7.62,
ow 10.19 -38.19 5.38,
lb 2.53 3.17 1.03,
lk 8.43 3.91 -6.76,
ow 10.06 -36.88 5.44,
lb 1.78 3.88 1.95,
lk 8.43 3.91 -6.76,
ow 10.63 -35.44 5.63,
lb 0.18 4.35 4.20,
lk 7.47 4.67 -5.98,
ow 10.63 -33.75 5.94,
lb -2.00 4.02 6.75,
lk 3.18 4.95 -1.51,
ow 10.75 -31.94 6.38,
lb -7.66 0.20 11.46,
lk -2.77 1.22 3.02,
ow 11.06 -29.87 6.88,
lb -9.88 -4.07 15.40,
lk -5.33 -2.96 6.78,
ow 11.56 -27.56 7.31,
lb -11.09 -7.07 19.74,
lk -5.33 -2.96 6.78,
ow 12.31 -24.94 7.44,
lb -14.93 -1.82 30.52,
lk -6.95 -5.91 10.93,
ow 13.06 -22.12 7.25,
lb -17.16 -1.92 35.54,
lk -13.96 -0.80 26.34,
ow 13.81 -19.00 6.88,
lb -18.13 -1.59 38.78,
lk -15.50 -0.53 29.39,
ow 14.50 -15.56 6.38,
lb -18.07 -3.15 39.24,
lk -16.08 -2.15 29.68,
ow 14.94 -11.69 5.88,
lb -5.07 -6.32 39.24,
lk -16.08 -2.15 29.68,
ow 15.19 -7.38 5.06,
lb -1.42 -7.03 39.24,
lk -3.81 -5.46 29.55,
ow 15.50 -3.19 3.00,
lb 20.93 -5.14 39.09,
lk 20.72 -5.00 29.28,
ow 15.19 1.19 0.81,
lb 32.53 0.21 32.87,
lk 31.55 0.12 23.12,
ow 13.44 5.75 -0.44,
lb 38.74 6.19 24.90,
lk 37.10 6.01 15.24,
ow 11.81 9.63 -1.00,
lb 39.10 7.50 18.54,
lk 37.10 6.01 15.24,
ow 11.13 12.19 -1.25,
lb 39.08 5.12 14.20,
lk 37.02 7.28 8.96,
ow 11.06 13.56 -1.50,
lb 38.11 2.48 13.09,
lk 35.70 2.20 3.59,
ow 11.31 14.25 -1.69,
lb 29.59 0.32 14.31,
lk 27.17 0.02 4.81,
ow 11.75 14.25 -1.81,
lb 25.42 -1.37 13.68,
lk 23.10 -1.67 4.16,
ow 12.31 13.69 -1.75,
lb 20.81 -1.59 11.88,
lk 23.10 -1.67 4.16,
ow 12.94 12.50 -1.56,
lb 11.12 -0.06 8.37,
lk 18.68 -1.87 2.31,
ow 13.44 10.94 -1.31,
lb 6.12 1.26 7.51,
lk 4.55 1.10 -2.16,
ow 13.81 9.19 -0.94,
lb 1.85 1.69 5.36,
lk 0.58 1.58 -4.35,
ow 14.13 7.38 -0.63,
lb 0.23 1.59 4.74,
lk -0.74 1.53 -5.01,
ow 14.25 5.69 -0.31,
lb -2.98 0.22 4.63,
lk -0.74 1.53 -5.01,
ow 14.31 4.06 -0.25,
lb -3.07 -1.51 4.26,
lk -3.68 0.17 -5.15,
ow 14.19 2.56 -0.31,
lb -3.12 -1.96 4.36,
lk -3.34 -2.05 -5.43,
ow 13.88 1.25 -0.50,
lb -2.33 -2.29 4.42,
lk -2.35 -2.44 -5.38,
ow 13.50 0.06 -0.81,
lb -0.90 -1.41 4.20,
lk -0.76 -1.61 -5.59,
ow 13.00 -0.75 -1.12,
lb -0.67 -0.36 4.11,
lk -0.76 -1.61 -5.59,
ow 12.63 -1.44 -1.37,
lb 0.04 0.74 4.15,
lk -0.43 -0.60 -5.68,
ow 12.25 -1.81 -1.63,
lb 0.19 2.47 4.05,
lk 0.56 2.15 -5.74,
ow 11.94 -2.13 -1.81,
lb 0.16 2.69 3.89,
lk 0.57 2.35 -5.89,
ow 11.69 -2.31 -1.94,
lb -0.16 2.70 3.84,
lk 0.25 2.35 -5.94,
ow 11.50 -2.44 -2.00,
lb -0.08 2.61 3.76,
lk 0.25 2.35 -5.94,
ow 11.38 -2.50 -2.00,
lb 0.06 1.87 3.98,
lk 0.34 2.27 -6.02,
ow 11.25 -2.44 -1.94,
lb 0.24 2.01 4.65,
lk 0.64 1.68 -5.13,
ow 11.13 -2.38 -1.88,
lb 0.51 1.70 5.32,
lk 0.90 1.38 -4.46,
ow 11.06 -2.19 -1.81,
lb 0.90 0.96 6.12,
lk 1.26 0.64 -3.67,
ow 10.94 -2.06 -1.81,
lb 1.56 0.17 7.25,
lk 1.26 0.64 -3.67,
ow 10.81 -1.94 -1.88,
lb 1.70 -0.31 7.51,
lk 1.90 -0.15 -2.53,
ow 10.69 -1.81 -1.94,
lb 1.67 -0.46 7.53,
lk 1.98 -0.82 -2.26,
ow 10.50 -1.75 -2.06,
lb 1.74 -0.66 7.81,
lk 2.04 -1.04 -1.98,
ow 10.38 -1.69 -2.19,
lb 1.83 -0.11 8.54,
lk 2.10 -0.51 -1.24,
ow 10.25 -1.56 -2.31,
lb 1.78 0.47 8.36,
lk 2.10 -0.51 -1.24,
ow 10.13 -1.44 -2.38,
lb 1.66 0.91 8.43,
lk 2.03 0.05 -1.43,
ow 10.13 -1.31 -2.44,
lb 1.89 1.94 8.40,
lk 2.09 1.50 -1.38,
ow 10.06 -1.12 -2.56,
lb 2.29 2.11 8.41,
lk 2.44 1.65 -1.38,
ow 10.13 -0.88 -2.63,
lb 2.75 2.28 8.44,
lk 2.85 1.80 -1.34,
ow 10.19 -0.56 -2.75,
lb 3.18 2.46 8.53,
lk 2.85 1.80 -1.34,
ow 10.25 -0.31 -2.88,
lb 3.85 2.59 9.31,
lk 3.24 1.96 -1.26,
ow 10.38 -0.12 -2.94,
lb 4.06 2.55 9.71,
lk 4.06 2.03 -0.07,
ow 10.50 0.00 -3.00,
lb 4.02 2.53 9.94,
lk 4.01 2.01 0.15,
ow 10.69 0.00 -3.06,
lb 3.96 2.37 10.27,
lk 3.95 1.84 0.48,
ow 10.88 0.00 -3.06,
lb 3.68 1.85 11.59,
lk 3.95 1.84 0.48,
ow 11.06 0.00 -3.19,
lb 3.24 1.50 12.09,
lk 3.68 1.30 1.80,
ow 11.25 0.00 -3.25,
lb 2.72 1.16 12.44,
lk 2.74 0.58 2.65,
ow 11.50 -0.12 -3.38,
lb 0.84 0.62 12.46,
lk 0.90 0.01 2.67,
ow 11.81 -0.25 -3.50,
lb -0.30 0.28 12.29,
lk -0.22 -0.34 2.51,
ow 12.13 -0.50 -3.69,
lb -1.50 -0.10 11.83,
lk -0.22 -0.34 2.51,
ow 12.44 -0.69 -3.81,
lb -2.52 -0.20 11.31,
lk -1.37 -0.76 2.05,
ow 12.75 -0.94 -4.00,
lb -4.06 -0.46 9.97,
lk -3.85 -1.18 0.20,
ow 13.06 -1.19 -4.19,
lb -4.41 -0.48 9.02,
lk -4.16 -1.23 -0.75,
ow 13.25 -1.44 -4.38,
lb -4.47 -0.30 8.65,
lk -4.18 -1.08 -1.11,
ow 13.38 -1.69 -4.50,
lb -4.55 -0.28 8.48,
lk -4.18 -1.08 -1.11,
ow 13.44 -1.81 -4.63,
lb -4.10 -0.17 8.22,
lk -4.23 -1.07 -1.28,
ow 13.44 -1.88 -4.63,
lb -3.66 0.06 7.96,
lk -3.33 -0.73 -1.80,
ow 13.31 -1.88 -4.63,
lb -3.24 0.19 7.75,
lk -2.93 -0.60 -2.01,
ow 13.25 -1.81 -4.63,
lb -2.67 0.30 7.69,
lk -2.39 -0.48 -2.07,
ow 13.13 -1.63 -4.63,
lb -1.39 0.49 7.91,
lk -2.39 -0.48 -2.07,
ow 13.63 -1.31 -4.56,
lb -0.83 0.50 8.03,
lk -1.16 -0.29 -1.85,
ow 13.50 -1.00 -4.56,
lb -0.14 0.59 8.19,
lk -0.02 -0.18 -1.58,
ow 13.38 -0.69 -4.56,
lb 1.12 0.82 8.47,
lk 1.18 0.04 -1.29,
ow 13.25 -0.31 -4.56,
lb 1.67 0.99 8.79,
lk 1.68 0.20 -0.98,
ow 13.13 0.00 -4.56,
lb 2.10 1.02 8.95,
lk 1.68 0.20 -0.98,
ow 13.56 0.19 -4.50,
lb 2.50 0.99 9.07,
lk 2.06 0.24 -0.81,
ow 13.50 0.44 -4.50,
lb 2.64 1.09 9.34,
lk 2.53 0.31 -0.43,
ow 13.50 0.63 -4.50,
lb 2.76 0.99 9.48,
lk 2.62 0.23 -0.29,
ow 13.56 0.75 -4.44,
lb 2.75 1.02 9.71,
lk 2.59 0.26 -0.06,
ow 13.63 0.88 -4.44,
lb 2.79 1.14 9.92,
lk 2.59 0.26 -0.06,
ow 14.25 1.00 -4.44,
lb 2.84 1.46 10.12,
lk 2.61 0.38 0.15,
ow 14.31 1.12 -4.44,
lb 2.71 1.56 10.13,
lk 2.51 0.80 0.36,
ow 14.44 1.19 -4.38,
lb 2.59 1.46 10.10,
lk 2.38 0.71 0.32,
ow 14.56 1.19 -4.38,
lb 2.30 1.28 10.05,
lk 2.09 0.54 0.27,
ow 14.69 1.19 -4.31,
lb 2.21 1.31 10.16,
lk 2.09 0.54 0.27,
ow 15.31 1.19 -4.25,
lb 2.08 1.11 9.94,
lk 2.00 0.58 0.38,
ow 15.38 1.19 -4.19,
lb 1.91 1.09 9.96,
lk 1.69 0.37 0.18,
ow 15.44 1.19 -4.19,
lb 1.68 1.16 9.92,
lk 1.47 0.44 0.14,
ow 15.44 1.19 -4.19,
lb 1.59 1.06 9.68,
lk 1.38 0.34 -0.09,
ow 15.44 1.19 -4.19,
lb 1.56 0.96 9.56,
lk 1.38 0.34 -0.09,
ow 16.00 1.12 -4.19,
lb 1.57 0.94 9.47,
lk 1.37 0.24 -0.21,
ow 15.94 1.06 -4.19,
lb 1.55 0.91 9.15,
lk 1.38 0.18 -0.62,
ow 15.88 1.00 -4.25,
lb 1.63 0.92 9.26,
lk 1.46 0.18 -0.51,
ow 15.81 0.94 -4.31,
lb 1.60 0.91 9.24,
lk 1.44 0.17 -0.52,
ow 15.69 0.88 -4.38,
lb 1.60 0.88 9.19,
lk 1.44 0.17 -0.52,
ow 16.06 0.81 -4.38,
lb 1.57 0.91 9.12,
lk 1.45 0.12 -0.58,
ow 16.00 0.75 -4.44,
lb 1.54 1.02 9.09,
lk 1.41 0.25 -0.68,
ow 15.94 0.69 -4.44,
lb 1.42 1.09 9.00,
lk 1.26 0.31 -0.76,
ow 15.88 0.94 -4.56,
lb 1.32 1.18 8.91,
lk 1.12 0.39 -0.85,
ow 15.81 1.12 -4.63,
lb 1.29 1.18 8.94,
lk 1.12 0.39 -0.85,
ow 16.25 1.31 -4.69,
lb 1.23 1.23 9.09,
lk 1.06 0.38 -0.82,
ow 16.25 1.31 -4.69,
lb 1.16 1.16 9.12,
lk 0.93 0.35 -0.64,
ow 16.31 1.31 -4.69,
lb 0.95 1.00 9.19,
lk 0.72 0.19 -0.57,
ow 16.37 1.31 -4.69,
lb 0.82 0.93 9.14,
lk 0.59 0.13 -0.62,
ow 16.44 1.31 -4.69,
lb 0.71 0.94 9.09,
lk 0.59 0.13 -0.62,
ow 16.75 1.25 -4.63,
lb 0.66 0.94 9.38,
lk 0.48 0.14 -0.67,
ow 16.81 1.25 -4.63,
lb 0.49 0.89 9.53,
lk 0.28 0.10 -0.23,
ow 16.87 1.19 -4.56,
lb 0.44 0.85 9.61,
lk 0.24 0.06 -0.16,
ow 16.94 1.12 -4.56,
lb 0.34 0.78 9.69,
lk 0.16 0.00 -0.07,
ow 17.00 1.06 -4.56,
lb 0.32 0.67 9.60,
lk 0.16 0.00 -0.07,
ow 17.37 1.00 -4.56,
lb 0.23 0.60 9.54,
lk 0.14 -0.11 -0.17,
ow 17.37 0.94 -4.56,
lb 0.28 0.68 9.56,
lk 0.12 -0.09 -0.20,
ow 17.44 0.94 -4.56,
lb 0.24 0.71 9.61,
lk 0.08 -0.06 -0.16,
ow 17.44 0.94 -4.56,
lb 0.30 0.81 9.65,
lk 0.14 0.02 -0.11,
ow 17.50 0.94 -4.56,
lb 0.34 0.81 9.64,
lk 0.14 0.02 -0.11,
ow 17.75 0.94 -4.56,
lb 0.40 0.89 9.57,
lk 0.17 0.03 -0.12,
ow 17.75 1.00 -4.56,
lb 0.48 0.90 9.45,
lk 0.30 0.12 -0.31,
ow 17.75 1.00 -4.56,
lb 0.66 0.96 9.51,
lk 0.47 0.17 -0.26,
ow 17.75 1.06 -4.56,
lb 0.75 0.95 9.49,
lk 0.55 0.17 -0.27,
ow 17.75 1.12 -4.50,
lb 0.81 0.93 9.44,
lk 0.55 0.17 -0.27,
ow 18.12 1.19 -4.50,
lb 0.90 0.89 9.42,
lk 0.60 0.15 -0.32,
ow 18.12 1.25 -4.50,
lb 1.00 0.78 9.40,
lk 0.77 0.01 -0.36,
ow 18.19 1.31 -4.44,
lb 1.04 0.82 9.41,
lk 0.80 0.05 -0.35,
ow 18.12 1.37 -4.44,
lb 1.14 0.90 9.43,
lk 0.89 0.14 -0.33,
ow 18.12 1.44 -4.44,
lb 1.25 0.99 9.29,
lk 0.89 0.14 -0.33,
ow 18.37 1.50 -4.44,
lb 1.28 0.96 9.20,
lk 0.99 0.22 -0.47,
ow 18.37 1.50 -4.44,
lb 1.29 0.99 9.19,
lk 1.03 0.22 -0.57,
ow 18.37 1.50 -4.44,
lb 1.40 1.04 9.17,
lk 1.14 0.28 -0.60,
ow 18.37 1.50 -4.44,
lb 1.53 1.12 9.27,
lk 1.27 0.36 -0.49,
ow 18.31 1.50 -4.44,
lb 1.54 1.08 9.24,
lk 1.28 0.32 -0.52,
ow 18.75 1.50 -4.44,
lb 1.54 1.02 9.23,
lk 1.28 0.27 -0.53,
ow 18.75 1.50 -4.38,
lb 1.57 1.02 9.30,
lk 1.30 0.26 -0.46,
ow 18.75 1.50 -4.38,
lb 1.57 0.97 9.29,
lk 1.31 0.21 -0.47,
ow 18.75 1.50 -4.38,
lb 1.56 0.96 9.35,
lk 1.25 0.20 -0.41,
ow 18.75 1.75 -4.44,
lb 1.57 1.03 9.43,
lk 1.25 0.20 -0.41,
ow 18.87 1.94 -4.44,
lb 1.49 1.00 9.27,
lk 1.11 0.23 -0.49,
ow 18.87 2.19 -4.50,
lb 1.52 0.98 9.45,
lk 1.12 0.20 -0.30,
ow 18.87 2.31 -4.50,
lb 1.44 0.92 9.41,
lk 1.01 0.14 -0.34,
ow 18.87 2.50 -4.50,
lb 1.30 0.87 9.38,
lk 0.85 0.09 -0.38,
ow 18.87 2.63 -4.50,
lb 1.28 0.91 9.59,
lk 0.85 0.09 -0.38,
ow 19.06 2.75 -4.56,
lb 1.11 0.93 9.50,
lk 0.81 0.13 -0.16,
ow 19.06 2.69 -4.50,
lb 0.96 0.82 9.39,
lk 0.50 0.04 -0.37,
ow 19.12 2.63 -4.50,
lb 0.95 0.81 9.40,
lk 0.50 0.04 -0.35,
ow 19.12 2.56 -4.50,
lb 0.85 0.80 9.46,
lk 0.41 0.03 -0.30,
ow 19.12 2.56 -4.50,
lb 0.89 0.80 9.47,
lk 0.41 0.03 -0.30,
ow 19.19 2.50 -4.50,
lb 0.89 0.83 9.49,
lk 0.45 0.03 -0.28,
ow 19.19 2.50 -4.50,
lb 0.93 0.80 9.40,
lk 0.51 0.03 -0.36,
ow 19.19 2.44 -4.50,
lb 0.89 0.89 9.41,
lk 0.47 0.12 -0.34,
ow 19.19 2.44 -4.50,
lb 0.89 0.97 9.41,
lk 0.47 0.20 -0.34,
ow 19.19 2.44 -4.50,
lb 0.86 0.95 9.38,
lk 0.47 0.20 -0.34,
ow 19.25 2.38 -4.50,
lb 0.84 0.95 9.27,
lk 0.44 0.18 -0.38,
ow 19.19 2.38 -4.50,
lb 0.87 0.99 9.32,
lk 0.45 0.21 -0.44,
ow 19.19 2.44 -4.50,
lb 0.89 1.02 9.34,
lk 0.47 0.25 -0.42,
ow 19.19 2.44 -4.50,
lb 0.92 1.06 9.35,
lk 0.49 0.28 -0.40,
ow 19.19 2.50 -4.50,
lb 0.95 1.00 9.39,
lk 0.49 0.28 -0.40,
ow 19.19 2.56 -4.56,
lb 0.90 0.96 9.29,
lk 0.51 0.21 -0.37,
ow 19.19 2.63 -4.56,
lb 0.88 0.89 9.21,
lk 0.42 0.10 -0.54,
ow 19.19 2.69 -4.56,
lb 0.87 0.85 9.15,
lk 0.41 0.06 -0.60,
ow 19.19 2.69 -4.56,
lb 0.89 0.82 9.25,
lk 0.42 0.03 -0.50,
ow 19.19 2.75 -4.56,
lb 0.92 0.78 9.40,
lk 0.42 0.03 -0.50,
ow 19.19 2.81 -4.56,
lb 0.95 0.75 9.48,
lk 0.44 0.00 -0.35,
ow 19.19 2.81 -4.56,
lb 1.06 0.81 9.60,
lk 0.57 0.04 -0.15,
ow 19.19 2.81 -4.50,
lb 1.12 0.82 9.62,
lk 0.63 0.05 -0.14,
ow 19.19 2.81 -4.50,
lb 1.04 0.71 9.48,
lk 0.56 -0.05 -0.28,
ow 19.19 2.75 -4.50,
lb 1.00 0.70 9.39,
lk 0.56 -0.05 -0.28,
ow 19.25 2.75 -4.44,
lb 1.01 0.85 9.56,
lk 0.53 -0.05 -0.37,
ow 19.25 2.75 -4.44,
lb 0.93 0.90 9.51,
lk 0.44 0.14 -0.24,
ow 19.25 2.81 -4.44,
lb 0.82 0.83 9.39,
lk 0.34 0.07 -0.36,
ow 19.25 2.81 -4.44,
lb 0.74 0.80 9.32,
lk 0.26 0.04 -0.44,
ow 19.25 2.81 -4.44,
lb 0.71 0.82 9.51,
lk 0.26 0.04 -0.44,
ow 19.25 2.81 -4.44,
lb 0.70 0.79 9.50,
lk 0.22 0.06 -0.24,
ow 19.25 2.81 -4.44,
lb 0.72 0.76 9.41,
lk 0.23 0.00 -0.34,
ow 19.25 2.81 -4.44,
lb 0.77 0.70 9.48,
lk 0.28 -0.06 -0.28,
ow 19.25 2.81 -4.50,
lb 0.93 0.61 9.38,
lk 0.43 -0.16 -0.37,
ow 19.25 2.88 -4.50,
lb 1.03 0.67 9.46,
lk 0.43 -0.16 -0.37,
ow 19.37 2.94 -4.50,
lb 1.15 0.78 9.47,
lk 0.53 -0.10 -0.29,
ow 19.31 2.94 -4.50,
lb 1.22 0.90 9.33,
lk 0.72 0.12 -0.42,
ow 19.31 2.88 -4.56,
lb 1.23 0.91 9.30,
lk 0.73 0.13 -0.45,
ow 19.31 2.88 -4.56,
lb 1.18 0.89 9.22,
lk 0.69 0.11 -0.54,
ow 19.25 2.88 -4.56,
lb 1.14 0.93 9.19,
lk 0.69 0.11 -0.54,
ow 19.31 2.81 -4.56,
lb 1.11 0.89 9.23,
lk 0.65 0.15 -0.56,
ow 19.31 2.81 -4.50,
lb 1.08 0.99 9.25,
lk 0.59 0.21 -0.51,
ow 19.31 2.88 -4.56,
lb 1.06 1.02 9.25,
lk 0.56 0.24 -0.50,
ow 19.25 2.94 -4.56,
lb 1.06 1.08 9.33,
lk 0.55 0.29 -0.42,
ow 19.25 3.00 -4.56,
lb 1.10 1.13 9.45,
lk 0.55 0.29 -0.42,
ow 19.25 3.06 -4.56,
lb 1.06 1.08 9.41,
lk 0.57 0.34 -0.30,
ow 19.25 3.06 -4.63,
lb 1.06 1.10 9.40,
lk 0.51 0.31 -0.35,
ow 19.25 3.13 -4.63,
lb 0.95 1.07 9.35,
lk 0.40 0.27 -0.40,
ow 19.19 3.19 -4.63,
lb 0.93 0.96 9.33,
lk 0.38 0.16 -0.42,
ow 19.19 3.19 -4.63,
lb 0.92 0.96 9.42,
lk 0.38 0.16 -0.42,
ow 19.19 3.19 -4.63,
lb 0.87 0.90 9.49,
lk 0.37 0.16 -0.33,
ow 19.19 3.19 -4.63,
lb 0.80 0.83 9.48,
lk 0.25 0.03 -0.27,
ow 19.19 3.19 -4.63,
lb 0.74 0.77 9.45,
lk 0.20 -0.01 -0.30,
ow 19.19 3.19 -4.63,
lb 0.74 0.78 9.44,
lk 0.20 0.00 -0.31,
ow 19.19 3.13 -4.56,
lb 0.75 0.74 9.44,
lk 0.20 -0.03 -0.31,
ow 19.06 3.13 -4.56,
lb 0.77 0.77 9.51,
lk 0.22 0.00 -0.24,
ow 19.06 3.19 -4.56,
lb 0.80 0.80 9.49,
lk 0.25 0.02 -0.26,
ow 19.06 3.19 -4.56,
lb 0.80 0.74 9.45,
lk 0.25 -0.03 -0.30,
ow 19.12 3.19 -4.56,
lb 0.79 0.75 9.44,
lk 0.24 -0.03 -0.31,
ow 19.12 3.19 -4.56,
lb 0.84 0.74 9.37,
lk 0.28 -0.03 -0.38,
ow 19.12 3.19 -4.56,
lb 0.82 0.72 9.41,
lk 0.26 -0.05 -0.34,
ow 19.12 3.25 -4.56,
lb 0.84 0.73 9.38,
lk 0.27 -0.05 -0.37,
ow 19.12 3.25 -4.56,
lb 0.74 0.61 9.38,
lk 0.18 -0.17 -0.37,
ow 19.12 3.25 -4.56,
lb 0.78 0.58 9.41,
lk 0.21 -0.19 -0.33,
ow 19.12 3.31 -4.56,
lb 0.81 0.67 9.45,
lk 0.21 -0.19 -0.33,
ow 18.94 3.31 -4.56,
lb 0.84 0.78 9.49,
lk 0.23 -0.10 -0.30,
ow 18.94 3.38 -4.56,
lb 0.89 0.78 9.38,
lk 0.30 0.00 -0.37,
ow 18.94 3.38 -4.56,
lb 0.95 0.81 9.38,
lk 0.36 0.03 -0.37,
ow 18.94 3.38 -4.56,
lb 0.94 0.80 9.41,
lk 0.34 0.02 -0.34,
ow 18.94 3.44 -4.56,
lb 0.93 0.79 9.35,
lk 0.33 0.01 -0.39,
ow 19.00 3.44 -4.56,
lb 0.98 0.79 9.33,
lk 0.38 0.01 -0.42,
ow 19.00 3.50 -4.56,
lb 1.01 0.81 9.23,
lk 0.40 0.02 -0.51,
ow 19.00 3.56 -4.56,
lb 0.98 0.89 9.37,
lk 0.35 0.10 -0.38,
ow 19.00 3.63 -4.56,
lb 1.02 0.85 9.47,
lk 0.39 0.06 -0.28,
ow 19.00 3.69 -4.56,
lb 1.03 0.84 9.51,
lk 0.39 0.06 -0.28,
ow 18.94 3.69 -4.56,
lb 1.01 0.88 9.52,
lk 0.37 0.10 -0.22,
ow 18.94 3.75 -4.56,
lb 0.99 0.83 9.40,
lk 0.35 0.04 -0.35,
ow 18.94 3.75 -4.56,
lb 0.95 0.88 9.38,
lk 0.31 0.09 -0.36,
ow 18.94 3.75 -4.56,
lb 0.99 0.93 9.43,
lk 0.34 0.14 -0.31,
ow 18.94 3.75 -4.56,
lb 0.98 0.95 9.40,
lk 0.33 0.16 -0.34,
ow 18.75 3.81 -4.63,
lb 0.92 0.92 9.28,
lk 0.26 0.14 -0.46,
ow 18.75 3.81 -4.56,
lb 1.02 0.92 9.54,
lk 0.35 0.13 -0.20,
ow 18.75 3.88 -4.56,
lb 0.92 0.83 9.53,
lk 0.25 0.04 -0.21,
ow 18.75 3.88 -4.63,
lb 0.94 0.83 9.52,
lk 0.27 0.04 -0.22,
ow 18.75 3.88 -4.63,
lb 0.94 0.78 9.46,
lk 0.27 0.04 -0.22,
ow 18.75 3.88 -4.63,
lb 0.87 0.76 9.45,
lk 0.27 -0.01 -0.28,
ow 18.75 3.88 -4.63,
lb 0.88 0.76 9.40,
lk 0.21 -0.02 -0.34,
ow 18.75 3.88 -4.63,
lb 0.86 0.80 9.46,
lk 0.20 0.01 -0.28,
ow 18.75 3.88 -4.63,
lb 0.83 0.72 9.34,
lk 0.16 -0.06 -0.40,
ow 18.75 3.88 -4.63,
lb 0.87 0.74 9.42,
lk 0.16 -0.06 -0.40,
ow 18.56 3.88 -4.63,
lb 0.82 0.75 9.33,
lk 0.20 -0.04 -0.32,
ow 18.56 3.88 -4.63,
lb 0.83 0.71 9.33,
lk 0.17 -0.07 -0.41,
ow 18.56 3.88 -4.63,
lb 0.87 0.76 9.37,
lk 0.21 -0.02 -0.38,
ow 18.56 3.88 -4.63,
lb 0.91 0.74 9.38,
lk 0.24 -0.04 -0.37,
ow 18.56 3.88 -4.63,
lb 0.93 0.74 9.42,
lk 0.24 -0.04 -0.37,
ow 18.37 3.88 -4.63,
lb 0.93 0.79 9.46,
lk 0.26 0.00 -0.28,
ow 18.37 3.88 -4.63,
lb 0.99 0.86 9.62,
lk 0.32 0.06 -0.12,
ow 18.37 3.88 -4.63,
lb 0.96 0.86 9.58,
lk 0.29 0.06 -0.16,
ow 18.37 3.88 -4.69,
lb 0.94 0.92 9.62,
lk 0.27 0.12 -0.12,
ow 18.37 3.88 -4.69,
lb 0.96 0.88 9.61,
lk 0.27 0.12 -0.12,
ow 18.25 3.88 -4.69,
lb 0.92 0.87 9.57,
lk 0.29 0.07 -0.13,
ow 18.25 3.88 -4.69,
lb 0.89 0.75 9.48,
lk 0.23 -0.04 -0.26,
ow 18.25 3.81 -4.69,
lb 0.89 0.77 9.53,
lk 0.23 -0.02 -0.21,
ow 18.25 3.81 -4.69,
lb 0.87 0.84 9.65,
lk 0.22 0.04 -0.10,
ow 18.25 3.81 -4.69,
lb 0.84 0.76 9.73,
lk 0.22 0.04 -0.10,
ow 18.19 3.81 -4.69,
lb 0.81 0.79 9.79,
lk 0.15 0.00 0.04,
ow 18.19 3.81 -4.69,
lb 0.85 0.87 9.67,
lk 0.19 0.06 -0.07,
ow 18.19 3.81 -4.69,
lb 0.74 0.84 9.75,
lk 0.08 0.03 0.00,
ow 18.25 3.81 -4.69,
lb 0.80 0.89 9.69,
lk 0.13 0.08 -0.05,
ow 18.25 3.88 -4.69,
lb 0.75 0.82 9.69,
lk 0.13 0.08 -0.05,
ow 18.19 3.88 -4.75,
lb 0.74 0.83 9.71,
lk 0.09 0.01 -0.05,
ow 18.19 3.94 -4.75,
lb 0.86 0.88 9.76,
lk 0.19 0.06 0.01,
ow 18.19 3.94 -4.75,
lb 0.89 0.90 9.75,
lk 0.20 0.08 0.00,
ow 18.25 4.00 -4.75,
lb 0.88 0.89 9.75,
lk 0.20 0.08 0.00,
ow 18.25 4.00 -4.75,
lb 0.88 0.91 9.65,
lk 0.20 0.08 0.00,
ow 18.19 4.00 -4.75,
lb 0.88 0.91 9.66,
lk 0.19 0.09 -0.08,
ow 18.19 4.00 -4.75,
lb 0.88 0.91 9.58,
lk 0.18 0.10 -0.16,
ow 18.19 4.06 -4.75,
lb 0.87 0.85 9.50,
lk 0.18 0.03 -0.24,
ow 18.19 4.06 -4.75,
lb 0.93 0.83 9.68,
lk 0.23 0.02 -0.05,
ow 18.19 4.06 -4.75,
lb 0.95 0.81 9.73,
lk 0.23 0.02 -0.05,
ow 18.19 4.13 -4.75,
lb 0.97 0.80 9.70,
lk 0.24 0.00 -0.01,
ow 18.19 4.13 -4.75,
lb 0.99 0.79 9.67,
lk 0.27 -0.02 -0.07,
ow 18.19 4.13 -4.75,
lb 0.97 0.87 9.68,
lk 0.25 0.05 -0.05,
ow 18.19 4.19 -4.75,
lb 1.01 0.84 9.66,
lk 0.28 0.02 -0.07,
ow 18.19 4.19 -4.75,
lb 0.99 0.89 9.65,
lk 0.28 0.02 -0.07,
ow 18.06 4.25 -4.81,
lb 0.96 0.85 9.50,
lk 0.22 0.03 -0.24,
ow 18.06 4.25 -4.81,
lb 0.96 0.86 9.61,
lk 0.22 0.03 -0.12,
ow 18.06 4.25 -4.81,
lb 1.00 0.93 9.73,
lk 0.26 0.11 -0.01,
ow 18.12 4.31 -4.81,
lb 1.02 0.91 9.72,
lk 0.28 0.08 -0.01,
ow 18.12 4.31 -4.81,
lb 1.04 0.87 9.65,
lk 0.28 0.08 -0.01,
ow 18.12 4.38 -4.81,
lb 1.09 0.87 9.64,
lk 0.29 0.04 -0.08,
ow 18.12 4.38 -4.88,
lb 1.08 0.87 9.60,
lk 0.32 0.03 -0.13,
ow 18.12 4.38 -4.88,
lb 1.05 0.91 9.61,
lk 0.29 0.07 -0.12,
ow 18.12 4.38 -4.88,
lb 1.00 0.92 9.66,
lk 0.24 0.09 -0.07,
ow 18.12 4.44 -4.88,
lb 1.00 0.92 9.76,
lk 0.24 0.09 -0.07,
ow 18.06 4.44 -4.88,
lb 0.97 0.89 9.76,
lk 0.21 0.05 0.01,
ow 18.06 4.44 -4.88,
lb 0.90 0.89 9.73,
lk 0.13 0.05 0.00,
ow 18.06 4.44 -4.88,
lb 0.87 0.86 9.79,
lk 0.11 0.02 0.05,
ow 18.06 4.44 -4.88,
lb 0.83 0.81 9.77,
lk 0.07 -0.01 0.03,
ow 18.06 4.44 -4.88,
lb 0.82 0.80 9.77,
lk 0.07 -0.01 0.03,
ow 17.81 4.44 -4.88,
lb 0.72 0.77 9.73,
lk 0.05 -0.02 0.03,
ow 17.81 4.44 -4.88,
lb 0.81 0.89 9.91,
lk 0.05 0.05 0.17,
ow 17.81 4.38 -4.88,
lb 0.67 0.79 9.69,
lk -0.08 -0.04 -0.04,
ow 17.81 4.38 -4.88,
lb 0.61 0.79 9.63,
lk -0.14 -0.04 -0.11,
ow 17.81 4.38 -4.88,
lb 0.66 0.96 9.68,
lk -0.14 -0.04 -0.11,
ow 17.75 4.38 -4.88,
lb 0.60 0.88 9.60,
lk -0.15 0.04 -0.13,
ow 17.75 4.38 -4.88,
lb 0.73 0.94 9.73,
lk -0.02 0.10 -0.01,
ow 17.75 4.38 -4.88,
lb 0.77 0.92 9.70,
lk 0.01 0.09 -0.03,
ow 17.75 4.44 -4.88,
lb 0.85 0.88 9.67,
lk 0.08 0.05 -0.06,
ow 17.75 4.44 -4.88,
lb 0.94 0.84 9.63,
lk 0.08 0.05 -0.06,
ow 17.50 4.50 -4.88,
lb 0.99 0.78 9.64,
lk 0.17 0.01 -0.10,
ow 17.50 4.50 -4.81,
lb 1.12 0.70 9.60,
lk 0.34 -0.12 -0.13,
ow 17.50 4.56 -4.81,
lb 1.18 0.68 9.64,
lk 0.39 -0.14 -0.09,
ow 17.50 4.56 -4.81,
lb 1.21 0.69 9.68,
lk 0.42 -0.13 -0.05,
ow 17.50 4.63 -4.88,
lb 1.29 0.70 9.72,
lk 0.42 -0.13 -0.05,
ow 17.50 4.63 -4.88,
lb 1.30 0.85 9.61,
lk 0.49 -0.12 -0.01,
ow 17.50 4.69 -4.88,
lb 1.30 0.88 9.54,
lk 0.49 0.04 -0.19,
ow 17.50 4.69 -4.88,
lb 1.29 0.95 9.55,
lk 0.48 0.11 -0.18,
ow 17.50 4.75 -4.88,
lb 1.23 1.01 9.58,
lk 0.41 0.17 -0.14,
ow 17.50 4.75 -4.88,
lb 1.11 0.99 9.58,
lk 0.29 0.15 -0.14,
ow 17.50 4.81 -4.88,
lb 1.09 1.01 9.65,
lk 0.26 0.17 -0.08,
ow 17.50 4.81 -4.88,
lb 1.08 1.00 9.66,
lk 0.25 0.16 -0.06,
ow 17.50 4.81 -4.88,
lb 1.06 0.98 9.73,
lk 0.23 0.14 0.00,
ow 17.56 4.81 -4.94,
lb 0.96 0.93 9.75,
lk 0.13 0.09 0.01,
ow 17.56 4.81 -4.94,
lb 0.95 0.89 9.71,
lk 0.13 0.09 0.01,
ow 17.44 4.81 -4.94,
lb 0.90 0.84 9.69,
lk 0.12 0.04 -0.01,
ow 17.44 4.75 -4.94,
lb 0.85 0.87 9.63,
lk 0.03 0.03 -0.10,
ow 17.44 4.75 -4.94,
lb 0.80 0.88 9.65,
lk 0.00 0.03 -0.08,
ow 17.44 4.69 -4.94,
lb 0.76 0.85 9.64,
lk -0.03 0.00 -0.09,
ow 17.44 4.69 -4.94,
lb 0.74 0.82 9.63,
lk -0.03 0.00 -0.09,
ow 17.25 4.69 -4.94,
lb 0.77 0.82 9.68,
lk -0.05 -0.02 -0.10,
ow 17.25 4.63 -4.94,
lb 0.78 0.82 9.67,
lk -0.01 -0.02 -0.05,
ow 17.25 4.63 -4.94,
lb 0.79 0.83 9.69,
lk 0.00 -0.01 -0.04,
ow 17.25 4.63 -4.94,
lb 0.80 0.81 9.67,
lk 0.01 -0.02 -0.06,
ow 17.25 4.63 -4.94,
lb 0.86 0.78 9.58,
lk 0.01 -0.02 -0.06,
ow 17.19 4.63 -4.94,
lb 0.88 0.81 9.65,
lk 0.09 -0.02 -0.08,
ow 17.19 4.63 -4.88,
lb 0.89 0.79 9.64,
lk 0.10 -0.04 -0.09,
ow 17.19 4.63 -4.88,
lb 0.96 0.80 9.68,
lk 0.16 -0.02 -0.05,
ow 17.19 4.63 -4.88,
lb 0.95 0.77 9.69,
lk 0.15 -0.06 -0.04,
ow 17.19 4.63 -4.88,
lb 0.97 0.77 9.72,
lk 0.15 -0.06 -0.04,
ow 17.12 4.69 -4.88,
lb 1.03 0.79 9.75,
lk 0.17 -0.06 -0.01,
ow 17.12 4.69 -4.88,
lb 1.09 0.77 9.52,
lk 0.28 -0.06 -0.21,
ow 17.12 4.75 -4.88,
lb 1.08 0.85 9.51,
lk 0.27 0.02 -0.22,
ow 17.12 4.75 -4.88,
lb 1.07 0.88 9.71,
lk 0.24 0.04 -0.02,
ow 17.12 4.75 -4.88,
lb 1.07 0.91 9.67,
lk 0.24 0.04 -0.02,
ow 17.12 4.81 -4.88,
lb 1.13 0.92 9.67,
lk 0.31 0.09 -0.06,
ow 17.12 4.81 -4.88,
lb 1.18 0.91 9.72,
lk 0.35 0.08 -0.01,
ow 17.19 4.81 -4.88,
lb 1.15 0.91 9.63,
lk 0.32 0.08 -0.09,
ow 17.19 4.81 -4.88,
lb 1.07 0.84 9.52,
lk 0.23 0.00 -0.21,
ow 17.19 4.88 -4.88,
lb 1.07 0.98 9.68,
lk 0.23 0.14 -0.05,
ow 17.19 4.88 -4.94,
lb 1.08 1.02 9.70,
lk 0.25 0.17 -0.02,
ow 17.19 4.88 -4.94,
lb 1.06 1.00 9.69,
lk 0.22 0.15 -0.03,
ow 17.19 4.88 -4.94,
lb 0.97 0.93 9.67,
lk 0.14 0.09 -0.06,
ow 17.19 4.88 -4.94,
lb 0.96 0.90 9.74,
lk 0.12 0.06 0.01,
ow 17.19 4.88 -4.94,
lb 0.93 0.91 9.69,
lk 0.12 0.06 0.01,
ow 17.06 4.88 -4.94,
lb 0.89 0.81 9.65,
lk 0.10 0.07 -0.04,
ow 17.06 4.81 -4.94,
lb 0.85 0.78 9.64,
lk 0.03 -0.05 -0.08,
ow 17.06 4.81 -4.94,
lb 0.87 0.83 9.71,
lk 0.04 0.00 -0.02,
ow 17.06 4.81 -4.94,
lb 0.86 0.88 9.60,
lk 0.03 0.03 -0.13,
ow 17.06 4.81 -4.94,
lb 0.83 0.87 9.49,
lk 0.00 0.03 -0.23,
ow 16.94 4.81 -4.94,
lb 0.93 0.91 9.60,
lk 0.10 0.07 -0.12,
ow 16.94 4.81 -4.94,
lb 0.93 0.92 9.65,
lk 0.10 0.07 -0.08,
ow 16.94 4.81 -4.94,
lb 0.94 0.88 9.67,
lk 0.11 0.03 -0.05,
ow 16.94 4.81 -4.94,
lb 0.92 0.82 9.70,
lk 0.09 -0.02 -0.03,
ow 16.94 4.81 -4.94,
lb 0.95 0.88 9.74,
lk 0.09 -0.02 -0.03,
ow 17.00 4.81 -4.94,
lb 0.96 0.85 9.71,
lk 0.13 0.01 -0.02,
ow 17.00 4.81 -4.94,
lb 0.97 0.83 9.64,
lk 0.14 0.00 -0.08,
ow 17.00 4.81 -4.94,
lb 0.90 0.74 9.53,
lk 0.08 -0.09 -0.20,
ow 17.00 4.81 -4.94,
lb 0.85 0.76 9.50,
lk 0.03 -0.08 -0.22,
ow 17.00 4.81 -4.94,
lb 0.87 0.82 9.71,
lk 0.03 -0.08 -0.22,
ow 16.87 4.75 -4.94,
lb 0.89 0.79 9.76,
lk 0.07 -0.05 0.02,
ow 16.87 4.75 -4.94,
lb 0.91 0.82 9.66,
lk 0.08 -0.01 -0.07,
ow 16.87 4.81 -4.94,
lb 0.95 0.85 9.65,
lk 0.12 0.01 -0.07,
ow 16.87 4.81 -4.94,
lb 0.96 0.85 9.56,
lk 0.13 0.01 -0.16,
ow 16.87 4.81 -4.94,
lb 0.97 0.85 9.58,
lk 0.13 0.01 -0.16,
ow 16.87 4.81 -4.94,
lb 1.02 0.90 9.72,
lk 0.19 0.05 0.00,
ow 16.87 4.81 -4.94,
lb 1.00 0.84 9.75,
lk 0.17 0.00 0.02,
ow 16.87 4.88 -4.94,
lb 1.04 0.83 9.73,
lk 0.20 0.00 0.00,
ow 16.87 4.88 -4.94,
lb 1.00 0.91 9.75,
lk 0.16 0.06 0.01,
ow 16.87 4.88 -4.94,
lb 0.99 0.92 9.71,
lk 0.15 0.07 -0.01,
ow 16.75 4.88 -4.94,
lb 0.98 0.90 9.66,
lk 0.14 0.05 -0.06,
ow 16.75 4.88 -4.94,
lb 0.98 0.92 9.66,
lk 0.14 0.07 -0.06,
ow 16.75 4.88 -4.94,
lb 0.96 0.95 9.63,
lk 0.12 0.10 -0.09,
ow 16.75 4.88 -4.94,
lb 0.93 0.89 9.60,
lk 0.09 0.04 -0.13,
ow 16.75 4.88 -4.94,
lb 0.96 0.86 9.57,
lk 0.09 0.04 -0.13,
ow 16.56 4.88 -4.94,
lb 0.94 0.83 9.57,
lk 0.10 0.00 -0.15,
ow 16.56 4.88 -4.94,
lb 0.94 0.81 9.58,
lk 0.10 -0.03 -0.14,
ow 16.56 4.88 -4.94,
lb 0.96 0.81 9.65,
lk 0.11 -0.03 -0.07,
ow 16.56 4.88 -4.94,
lb 0.96 0.88 9.74,
lk 0.11 0.04 0.00,
ow 16.56 4.88 -4.94,
lb 0.96 0.87 9.64,
lk 0.12 0.02 -0.09,
ow 16.50 4.88 -4.94,
lb 0.97 0.85 9.63,
lk 0.13 0.01 -0.09,
ow 16.50 4.88 -4.94,
lb 0.99 0.89 9.65,
lk 0.15 0.04 -0.08,
ow 16.50 4.88 -4.94,
lb 0.97 0.88 9.65,
lk 0.13 0.03 -0.08,
ow 16.50 4.88 -4.94,
lb 0.95 0.83 9.59,
lk 0.11 0.00 -0.14,
ow 16.50 4.94 -4.94,
lb 0.95 0.77 9.63,
lk 0.11 0.00 -0.14,
ow 16.44 4.94 -4.94,
lb 0.96 0.83 9.69,
lk 0.11 0.00 -0.03,
ow 16.44 4.94 -4.94,
lb 0.96 0.87 9.81,
lk 0.11 0.02 0.07,
ow 16.44 4.94 -4.94,
lb 0.97 0.83 9.75,
lk 0.12 -0.01 0.01,
ow 16.44 4.94 -4.94,
lb 0.98 0.80 9.76,
lk 0.13 -0.04 0.03,
ow 16.50 4.94 -4.94,
lb 0.96 0.84 9.70,
lk 0.11 0.00 -0.03,
ow 16.37 4.94 -4.94,
lb 0.93 0.83 9.67,
lk 0.08 0.00 -0.05,
ow 16.37 4.94 -4.94,
lb 0.91 0.77 9.55,
lk 0.06 -0.07 -0.17,
ow 16.37 4.94 -4.94,
lb 0.91 0.79 9.50,
lk 0.05 -0.05 -0.22,
ow 16.37 4.94 -4.94,
lb 0.93 0.85 9.69,
lk 0.07 0.01 -0.03,
ow 16.37 5.00 -4.94,
lb 0.95 0.80 9.70,
lk 0.10 -0.03 -0.03,
ow 16.37 5.00 -4.94,
lb 0.95 0.81 9.69,
lk 0.09 -0.02 -0.03,
ow 16.37 5.00 -4.94,
lb 1.03 0.83 9.67,
lk 0.18 0.00 -0.05,
ow 16.37 5.00 -4.94,
lb 1.02 0.88 9.66,
lk 0.17 0.03 -0.06,
ow 16.37 5.00 -4.94,
lb 1.00 0.84 9.49,
lk 0.14 0.00 -0.23,
ow 16.37 5.00 -4.94,
lb 1.05 0.90 9.62,
lk 0.19 0.05 -0.10,
ow 16.37 5.00 -4.94,
lb 1.06 0.91 9.67,
lk 0.20 0.07 -0.05,
ow 16.37 5.00 -4.94,
lb 1.02 0.92 9.71,
lk 0.16 0.08 -0.01,
ow 16.37 5.00 -4.94,
lb 1.03 0.82 9.69,
lk 0.17 -0.01 -0.03,
ow 16.37 5.00 -4.94,
lb 1.05 0.89 9.77,
lk 0.18 0.04 0.04,
ow 16.37 5.00 -4.94,
lb 1.03 0.90 9.75,
lk 0.18 0.04 0.04,
ow 16.19 5.00 -4.94,
lb 0.95 0.84 9.62,
lk 0.08 0.00 -0.10,
ow 16.19 5.00 -4.94,
lb 0.97 0.90 9.71,
lk 0.11 0.05 -0.01,
ow 16.19 5.00 -5.00,
lb 0.95 0.91 9.73,
lk 0.09 0.06 0.00,
ow 16.19 5.00 -5.00,
lb 0.93 0.92 9.70,
lk 0.07 0.07 -0.02,
ow 16.19 5.00 -5.00,
lb 0.87 0.83 9.50,
lk 0.01 -0.01 -0.22,
ow 16.19 5.00 -5.00,
lb 0.88 0.93 9.62,
lk 0.02 0.08 -0.11,
ow 16.19 5.00 -5.00,
lb 0.91 0.97 9.65,
lk 0.04 0.12 -0.08,
ow 16.19 5.00 -5.00,
lb 0.91 0.94 9.64,
lk 0.04 0.09 -0.09,
ow 16.25 5.00 -5.00,
lb 0.90 0.83 9.61,
lk 0.03 -0.01 -0.11,
ow 16.25 5.00 -5.00,
lb 0.92 0.83 9.70,
lk 0.06 -0.01 -0.02,
ow 16.25 5.00 -5.00,
lb 0.92 0.89 9.72,
lk 0.05 0.03 0.00,
ow 16.25 5.00 -5.00,
lb 0.91 0.89 9.73,
lk 0.05 0.04 0.00,
ow 16.25 5.00 -5.00,
lb 0.90 0.83 9.61,
lk 0.03 -0.01 -0.11,
ow 16.25 5.00 -5.00,
lb 0.95 0.83 9.62,
lk 0.09 -0.01 -0.10,
ow 16.25 5.00 -5.00,
lb 0.97 0.78 9.58,
lk 0.10 -0.06 -0.14,
ow 16.25 5.06 -5.00,
lb 1.01 0.80 9.74,
lk 0.14 -0.04 0.01,
ow 16.25 5.06 -5.00,
lb 1.00 0.79 9.67,
lk 0.13 -0.05 -0.05,
ow 16.25 5.06 -5.00,
lb 0.99 0.76 9.59,
lk 0.12 -0.08 -0.13,
ow 16.25 5.06 -4.94,
lb 1.03 0.80 9.64,
lk 0.16 -0.04 -0.08,
ow 16.25 5.13 -4.94,
lb 1.11 0.91 9.68,
lk 0.23 0.06 -0.04,
ow 16.25 5.13 -4.94,
lb 1.08 0.93 9.66,
lk 0.20 0.09 -0.06,
ow 16.25 5.13 -4.94,
lb 1.09 0.95 9.70,
lk 0.21 0.11 -0.02,
ow 16.25 5.13 -4.94,
lb 1.02 0.91 9.70,
lk 0.14 0.06 -0.02,
ow 16.25 5.13 -4.94,
lb 1.06 0.93 9.69,
lk 0.18 0.09 -0.03,
ow 16.25 5.13 -4.94,
lb 1.00 0.85 9.63,
lk 0.12 0.00 -0.09,
ow 16.25 5.06 -4.94,
lb 0.94 0.82 9.64,
lk 0.07 -0.02 -0.09,
ow 16.25 5.06 -4.94,
lb 0.92 0.84 9.72,
lk 0.04 0.00 0.00,
ow 16.31 5.06 -4.94,
lb 0.89 0.83 9.74,
lk 0.01 -0.01 0.01,
ow 16.31 5.06 -4.94,
lb 0.89 0.83 9.73,
lk 0.02 -0.01 0.00,
ow 16.31 5.06 -5.00,
lb 0.87 0.87 9.74,
lk 0.00 0.02 0.01,
ow 16.31 5.06 -5.00,
lb 0.83 0.81 9.60,
lk -0.03 -0.03 -0.12,
ow 16.31 5.06 -5.00,
lb 0.83 0.79 9.57,
lk -0.03 -0.05 -0.15,
ow 16.31 5.06 -5.00,
lb 0.84 0.85 9.59,
lk -0.02 0.00 -0.13,
ow 16.31 5.06 -5.00,
lb 0.88 0.86 9.65,
lk 0.01 0.00 -0.08,
ow 16.31 5.06 -5.00,
lb 0.90 0.81 9.69,
lk 0.03 -0.03 -0.03,
ow 16.31 5.06 -5.00,
lb 0.96 0.82 9.68,
lk 0.08 -0.02 -0.04,
ow 16.31 5.06 -5.00,
lb 1.01 0.83 9.70,
lk 0.13 -0.02 -0.02,
ow 16.31 5.13 -5.00,
lb 1.04 0.89 9.70,
lk 0.16 0.03 -0.02,
ow 16.31 5.13 -5.00,
lb 1.04 0.89 9.62,
lk 0.16 0.03 -0.10,
ow 16.31 5.13 -5.00,
lb 1.08 0.89 9.62,
lk 0.21 0.03 -0.10,
ow 16.31 5.13 -5.00,
lb 1.11 0.92 9.65,
lk 0.23 0.07 -0.06,
ow 16.31 5.13 -5.00,
lb 1.05 0.92 9.60,
lk 0.17 0.06 -0.12,
ow 16.31 5.13 -5.00,
lb 0.98 0.84 9.57,
lk 0.10 -0.01 -0.15,
ow 16.31 5.13 -5.00,
lb 0.96 0.86 9.66,
lk 0.07 0.00 -0.05,
ow 16.31 5.13 -5.00,
lb 0.97 0.87 9.67,
lk 0.09 0.01 -0.05,
ow 16.31 5.13 -5.00,
lb 0.93 0.93 9.74,
lk 0.05 0.07 0.01,
ow 16.31 5.13 -5.06,
lb 0.91 0.91 9.62,
lk 0.03 0.04 -0.10,
ow 16.31 5.13 -5.06,
lb 0.95 0.92 9.62,
lk 0.06 0.06 -0.10,
ow 16.31 5.13 -5.06,
lb 0.98 0.89 9.60,
lk 0.10 0.03 -0.12,
ow 16.31 5.13 -5.00,
lb 0.90 0.88 9.72,
lk 0.10 0.03 -0.12,
ow 16.31 5.13 -5.00,
lb 0.92 0.86 9.84,
lk 0.02 0.02 0.00,
ow 16.31 5.13 -5.00,
lb 0.87 0.86 9.81,
lk 0.00 0.00 0.08,
ow 16.31 5.13 -5.00,
lb 0.92 0.84 9.81,
lk 0.04 -0.01 0.08,
ow 16.31 5.13 -5.00,
lb 0.88 0.79 9.71,
lk 0.01 -0.05 -0.01,
ow 16.31 5.13 -5.00,
lb 0.88 0.80 9.62,
lk 0.01 -0.04 -0.10,
ow 16.31 5.06 -5.00,
lb 0.89 0.80 9.61,
lk 0.01 -0.04 -0.11,
ow 16.31 5.06 -5.00,
lb 0.92 0.86 9.66,
lk 0.05 0.01 -0.06,
ow 16.37 5.06 -5.00,
lb 0.92 0.83 9.66,
lk 0.04 -0.01 -0.06,
ow 16.37 5.13 -5.00,
lb 0.95 0.79 9.63,
lk 0.07 -0.05 -0.09,
ow 16.37 5.13 -5.00,
lb 1.03 0.97 9.93,
lk 0.07 -0.05 -0.09,
ow 16.37 5.13 -5.00,
lb 0.99 0.86 9.76,
lk 0.15 0.11 0.20,
ow 16.37 5.13 -5.00,
lb 0.96 0.80 9.53,
lk 0.08 -0.05 -0.19,
ow 16.37 5.13 -5.00,
lb 0.98 0.83 9.59,
lk 0.10 -0.01 -0.13,
ow 16.37 5.13 -5.00,
lb 0.96 0.82 9.65,
lk 0.07 -0.03 -0.06,
ow 16.37 5.13 -5.00,
lb 0.92 0.87 9.73,
lk 0.03 0.02 0.00,
ow 16.31 5.19 -5.00,
lb 0.92 0.87 9.70,
lk 0.03 0.02 -0.02,
ow 16.31 5.19 -5.00,
lb 0.95 0.90 9.65,
lk 0.06 0.04 -0.07,
ow 16.31 5.19 -5.00,
lb 0.98 0.94 9.65,
lk 0.09 0.09 -0.06,
ow 16.31 5.19 -5.00,
lb 1.01 0.94 9.66,
lk 0.12 0.08 -0.06,
ow 16.31 5.19 -5.00,
lb 1.04 0.94 9.66,
lk 0.15 0.09 -0.05,
ow 16.31 5.19 -5.00,
lb 1.01 0.88 9.71,
lk 0.12 0.02 -0.01,
ow 16.31 5.13 -5.00,
lb 1.02 0.83 9.66,
lk 0.13 -0.02 -0.05,
ow 16.31 5.13 -5.00,
lb 1.01 0.83 9.70,
lk 0.12 -0.02 -0.02,
ow 16.31 5.13 -5.00,
lb 0.98 0.88 9.75,
lk 0.09 0.02 0.02,
ow 16.31 5.13 -5.00,
lb 0.98 0.88 9.67,
lk 0.09 0.02 -0.05,
ow 16.31 5.13 -5.00,
lb 0.99 0.91 9.61,
lk 0.11 0.06 -0.11,
ow 16.31 5.13 -5.00,
lb 0.97 0.94 9.67,
lk 0.09 0.09 -0.04,
ow 16.31 5.19 -5.00,
lb 0.98 0.92 9.70,
lk 0.09 0.07 -0.02,
ow 16.31 5.19 -5.00,
lb 0.96 0.91 9.56,
lk 0.07 0.05 -0.16,
ow 16.31 5.19 -5.00,
lb 0.96 0.90 9.59,
lk 0.07 0.04 -0.13,
ow 16.31 5.19 -5.00,
lb 0.96 0.87 9.59,
lk 0.08 0.02 -0.13,
ow 16.31 5.19 -5.00,
lb 0.95 0.83 9.63,
lk 0.06 -0.01 -0.09,
ow 16.31 5.13 -5.00,
lb 0.96 0.82 9.69,
lk 0.08 -0.02 -0.03,
ow 16.31 5.13 -4.94,
lb 0.98 0.84 9.70,
lk 0.10 0.00 -0.02,
ow 16.31 5.13 -4.94,
lb 0.98 0.84 9.76,
lk 0.10 0.00 0.03,
ow 16.31 5.13 -4.94,
lb 0.96 0.86 9.76,
lk 0.09 0.01 0.02,
ow 16.31 5.13 -4.94,
lb 0.96 0.88 9.72,
lk 0.08 0.03 0.00,
ow 16.31 5.13 -4.94,
lb 0.95 0.85 9.70,
lk 0.08 0.00 -0.02,
ow 16.31 5.06 -4.94,
lb 0.94 0.86 9.67,
lk 0.07 0.01 -0.05,
ow 16.31 5.06 -4.94,
lb 0.90 0.85 9.61,
lk 0.03 0.00 -0.11,
ow 16.31 5.06 -4.94,
lb 0.90 0.90 9.64,
lk 0.03 0.04 -0.09,
ow 16.25 5.06 -5.00,
lb 0.94 0.91 9.67,
lk 0.06 0.05 -0.05,
ow 16.25 5.06 -5.00,
lb 0.90 0.86 9.59,
lk 0.03 0.01 -0.13,
ow 16.25 5.06 -5.00,
lb 0.88 0.84 9.59,
lk 0.01 0.00 -0.13,
ow 16.25 5.06 -5.00,
lb 0.89 0.86 9.66,
lk 0.02 0.01 -0.06,
ow 16.25 5.06 -5.00,
lb 0.87 0.88 9.68,
lk 0.00 0.02 -0.04,
ow 16.25 5.06 -5.00,
lb 0.87 0.83 9.65,
lk 0.00 -0.01 -0.08,
ow 16.25 5.06 -5.00,
lb 0.88 0.79 9.66,
lk 0.01 -0.06 -0.06,
ow 16.25 5.06 -5.00,
lb 0.92 0.80 9.70,
lk 0.05 -0.04 -0.02,
ow 16.25 5.06 -5.00,
lb 0.92 0.79 9.71,
lk 0.04 -0.06 -0.01,
ow 16.25 5.06 -5.00,
lb 0.96 0.82 9.70,
lk 0.09 -0.02 -0.02,
ow 16.25 5.06 -5.00,
lb 1.01 0.79 9.64,
lk 0.13 -0.05 -0.08,
ow 16.25 5.13 -5.00,
lb 1.05 0.84 9.64,
lk 0.17 -0.01 -0.08,
ow 16.25 5.13 -5.00,
lb 1.07 0.87 9.66,
lk 0.18 0.01 -0.06,
ow 16.25 5.13 -5.00,
lb 1.11 0.91 9.68,
lk 0.23 0.06 -0.04,
ow 16.25 5.13 -5.00,
lb 1.11 0.90 9.62,
lk 0.23 0.05 -0.10,
ow 16.25 5.13 -5.00,
lb 1.11 0.93 9.64,
lk 0.22 0.08 -0.08,
ow 16.25 5.13 -5.00,
lb 1.10 0.95 9.66,
lk 0.21 0.09 -0.06,
ow 16.25 5.13 -5.00,
lb 1.05 0.93 9.75,
lk 0.16 0.07 0.02,
ow 16.25 5.19 -5.00,
lb 1.01 0.92 9.70,
lk 0.12 0.06 -0.02,
ow 16.31 5.13 -5.00,
lb 0.99 0.88 9.65,
lk 0.11 0.03 -0.07,
ow 16.25 5.13 -5.00,
lb 0.98 0.84 9.43,
lk 0.10 -0.01 -0.29,
ow 16.25 5.13 -5.00,
lb 0.88 0.92 9.59,
lk 0.00 0.08 -0.13,
ow 16.31 5.13 -4.94,
lb 0.88 0.90 9.75,
lk 0.00 0.05 0.02,
ow 16.31 5.13 -4.94,
lb 0.87 0.84 9.65,
lk 0.00 0.00 -0.08,
ow 16.31 5.13 -4.94,
lb 0.87 0.88 9.64,
lk 0.00 0.03 -0.08,
ow 16.31 5.13 -4.94,
lb 0.93 0.89 9.61,
lk 0.05 0.04 -0.11,
ow 16.31 5.13 -4.94,
lb 0.94 0.89 9.60,
lk 0.06 0.04 -0.12,
ow 16.31 5.13 -4.94,
lb 0.93 0.91 9.60,
lk 0.05 0.07 -0.12,
ow 16.25 5.13 -4.94,
lb 0.98 0.93 9.74,
lk 0.10 0.09 0.01,
ow 16.25 5.06 -4.94,
lb 1.00 0.88 9.76,
lk 0.12 0.03 0.03,
ow 16.25 5.06 -4.94,
lb 0.96 0.88 9.73,
lk 0.09 0.03 0.00,
ow 16.25 5.06 -4.94,
lb 0.92 0.90 9.71,
lk 0.05 0.05 -0.01,
ow 16.25 5.06 -4.94,
lb 0.88 0.89 9.62,
lk 0.00 0.04 -0.10,
ow 16.25 5.06 -4.94,
lb 0.86 0.89 9.64,
lk 0.00 0.04 -0.09,
ow 16.25 5.06 -4.94,
lb 0.82 0.88 9.63,
lk -0.04 0.03 -0.09,
ow 16.25 5.06 -4.94,
lb 0.76 0.84 9.56,
lk -0.10 0.00 -0.16,
ow 16.31 5.06 -4.94,
lb 0.85 0.82 9.62,
lk -0.02 -0.02 -0.10,
ow 16.31 5.06 -4.94,
lb 0.83 0.83 9.69,
lk -0.04 -0.01 -0.03,
ow 16.31 5.06 -4.94,
lb 0.82 0.84 9.64,
lk -0.04 0.00 -0.09,
ow 16.31 5.06 -4.94,
lb 0.88 0.84 9.69,
lk 0.01 0.00 -0.03,
ow 16.31 5.06 -4.94,
lb 0.94 0.84 9.71,
lk 0.06 0.00 -0.01,
ow 16.31 5.13 -4.94,
lb 0.95 0.83 9.73,
lk 0.07 0.00 0.00,
ow 16.31 5.13 -4.94,
lb 0.96 0.83 9.65,
lk 0.08 -0.01 -0.07,
ow 16.31 5.13 -4.94,
lb 1.02 0.85 9.72,
lk 0.15 0.01 0.00,
ow 16.31 5.13 -4.94,
lb 1.05 0.86 9.73,
lk 0.17 0.01 0.00,
ow 16.31 5.13 -4.94,
lb 1.08 0.87 9.69,
lk 0.21 0.02 -0.03,
ow 16.31 5.13 -4.94,
lb 1.10 0.91 9.64,
lk 0.22 0.06 -0.08,
ow 16.31 5.13 -4.94,
lb 1.06 0.86 9.62,
lk 0.18 0.02 -0.10,
ow 16.31 5.13 -4.94,
lb 1.06 0.85 9.67,
lk 0.18 0.00 -0.05,
ow 16.31 5.13 -4.94,
lb 1.08 0.84 9.68,
lk 0.20 0.00 -0.04,
ow 16.31 5.13 -4.94,
lb 1.08 0.90 9.58,
lk 0.19 0.05 -0.14,
ow 16.31 5.19 -4.94,
lb 1.08 0.87 9.53,
lk 0.19 0.02 -0.19,
ow 16.31 5.19 -4.94,
lb 1.04 0.85 9.59,
lk 0.15 0.01 -0.13,
ow 16.31 5.19 -4.94,
lb 1.01 0.87 9.67,
lk 0.12 0.03 -0.05,
ow 16.31 5.19 -4.94,
lb 0.97 0.88 9.72,
lk 0.09 0.03 0.00,
ow 16.31 5.13 -4.94,
lb 0.96 0.88 9.66,
lk 0.08 0.03 -0.06,
ow 16.31 5.13 -4.94,
lb 0.95 0.89 9.67,
lk 0.07 0.04 -0.05,
ow 16.31 5.13 -4.94,
lb 0.97 0.88 9.68,
lk 0.09 0.03 -0.04,
ow 16.31 5.13 -4.94,
lb 0.87 0.88 9.67,
lk 0.09 0.03 -0.04,
ow 16.31 5.06 -4.94,
lb 0.80 0.81 9.68,
lk 0.00 0.03 -0.05,
ow 16.31 5.06 -4.94,
lb 0.77 0.84 9.69,
lk -0.09 0.00 -0.03,
ow 16.31 5.06 -4.94,
lb 0.76 0.82 9.68,
lk -0.09 -0.02 -0.04,
ow 16.31 5.06 -5.00,
lb 0.75 0.85 9.63,
lk -0.10 0.00 -0.09,
ow 16.31 5.06 -5.00,
lb 0.74 0.83 9.59,
lk -0.12 -0.02 -0.13,
ow 16.31 5.06 -5.00,
lb 0.75 0.86 9.54,
lk -0.11 0.00 -0.18,
ow 16.31 5.06 -5.00,
lb 0.82 0.87 9.60,
lk -0.04 0.02 -0.12,
ow 16.31 5.06 -5.00,
lb 0.86 0.87 9.66,
lk 0.00 0.02 -0.06,
ow 16.31 5.06 -5.00,
lb 0.91 0.89 9.76,
lk 0.04 0.04 0.03,
ow 16.31 5.06 -5.00,
lb 0.95 0.87 9.75,
lk 0.04 0.04 0.03,
ow 16.31 5.13 -5.00,
lb 1.00 0.87 9.71,
lk 0.07 0.01 0.02,
ow 16.31 5.13 -5.00,
lb 0.99 0.82 9.64,
lk 0.12 -0.02 -0.08,
ow 16.31 5.13 -5.00,
lb 0.99 0.82 9.64,
lk 0.11 -0.02 -0.08,
ow 16.31 5.13 -5.00,
lb 0.99 0.85 9.64,
lk 0.11 0.00 -0.08,
ow 16.31 5.13 -5.00,
lb 1.03 0.90 9.64,
lk 0.14 0.04 -0.08,
ow 16.31 5.13 -5.00,
lb 1.02 0.87 9.64,
lk 0.14 0.01 -0.08,
ow 16.31 5.13 -5.00,
lb 1.05 0.91 9.66,
lk 0.16 0.05 -0.05,
ow 16.31 5.13 -5.00,
lb 0.99 0.87 9.64,
lk 0.11 0.01 -0.08,
ow 16.31 5.13 -5.00,
lb 0.99 0.85 9.66,
lk 0.11 0.00 -0.05,
ow 16.31 5.13 -5.00,
lb 1.01 0.85 9.65,
lk 0.12 0.00 -0.07,
ow 16.31 5.13 -5.00,
lb 1.00 0.83 9.64,
lk 0.11 -0.01 -0.08,
ow 16.31 5.19 -5.00,
lb 1.01 0.84 9.70,
lk 0.12 -0.01 -0.02,
ow 16.37 5.19 -5.00,
lb 0.98 0.84 9.55,
lk 0.09 -0.01 -0.16,
ow 16.37 5.19 -5.00,
lb 0.95 0.79 9.44,
lk 0.05 -0.06 -0.27,
ow 16.37 5.19 -5.00,
lb 0.90 0.92 9.64,
lk 0.05 -0.06 -0.27,
ow 16.37 5.25 -5.00,
lb 0.93 0.83 9.72,
lk 0.00 0.07 -0.08,
ow 16.37 5.25 -5.00,
lb 0.98 0.90 9.67,
lk 0.08 0.05 -0.04,
ow 16.37 5.25 -5.00,
lb 0.98 0.88 9.65,
lk 0.07 0.02 -0.06,
ow 16.37 5.25 -5.00,
lb 1.04 0.92 9.65,
lk 0.13 0.06 -0.07,
ow 16.37 5.25 -5.00,
lb 0.98 0.90 9.65,
lk 0.13 0.06 -0.07,
ow 16.37 5.31 -5.06,
lb 1.02 0.95 9.66,
lk 0.08 0.03 -0.07,
ow 16.37 5.31 -5.06,
lb 0.97 0.98 9.70,
lk 0.07 0.11 -0.02,
ow 16.37 5.31 -5.06,
lb 1.00 0.88 9.69,
lk 0.09 0.02 -0.03,
ow 16.37 5.25 -5.06,
lb 0.98 0.94 9.77,
lk 0.07 0.07 0.04,
ow 16.37 5.25 -5.06,
lb 0.92 0.96 9.73,
lk 0.02 0.09 0.00,
ow 16.37 5.25 -5.06,
lb 0.99 0.91 9.83,
lk 0.09 0.04 0.10,
ow 16.37 5.25 -5.06,
lb 0.85 0.86 9.55,
lk -0.05 0.00 -0.16,
ow 16.37 5.25 -5.06,
lb 0.83 0.84 9.56,
lk -0.06 -0.02 -0.16,
ow 16.37 5.25 -5.06,
lb 0.81 0.83 9.60,
lk -0.08 -0.03 -0.11,
ow 16.37 5.25 -5.13,
lb 0.82 0.86 9.66,
lk -0.08 -0.03 -0.11,
ow 16.37 5.25 -5.13,
lb 0.89 0.87 9.64,
lk -0.08 -0.01 -0.05,
ow 16.37 5.25 -5.13,
lb 0.89 0.87 9.64,
lk -0.01 0.00 -0.08,
ow 16.37 5.31 -5.13,
lb 0.94 0.91 9.69,
lk 0.03 0.03 -0.03,
ow 16.37 5.31 -5.13,
lb 0.98 0.87 9.65,
lk 0.07 0.00 -0.07,
ow 16.37 5.31 -5.13,
lb 1.01 0.88 9.68,
lk 0.10 0.00 -0.04,
ow 16.37 5.31 -5.13,
lb 0.99 0.89 9.66,
lk 0.08 0.01 -0.06,
ow 16.37 5.31 -5.13,
lb 0.96 0.89 9.65,
lk 0.05 0.01 -0.06,
ow 16.37 5.31 -5.13,
lb 1.00 0.89 9.66,
lk 0.08 0.01 -0.05,
ow 16.37 5.31 -5.13,
lb 0.97 0.90 9.65,
lk 0.05 0.02 -0.06,
ow 16.37 5.31 -5.13,
lb 1.01 0.91 9.63,
lk 0.10 0.03 -0.09,
ow 16.37 5.31 -5.13,
lb 1.05 0.90 9.63,
lk 0.13 0.02 -0.09,
ow 16.37 5.38 -5.13,
lb 1.08 0.94 9.74,
lk 0.15 0.06 0.02,
ow 16.37 5.38 -5.13,
lb 1.06 0.91 9.69,
lk 0.14 0.03 -0.03,
ow 16.37 5.38 -5.13,
lb 1.07 0.89 9.63,
lk 0.14 0.01 -0.08,
ow 16.37 5.38 -5.13,
lb 1.05 0.91 9.59,
lk 0.13 0.04 -0.13,
ow 16.37 5.38 -5.13,
lb 1.01 0.91 9.59,
lk 0.09 0.03 -0.13,
ow 16.37 5.38 -5.06,
lb 1.00 0.90 9.57,
lk 0.08 0.03 -0.14,
ow 16.37 5.38 -5.06,
lb 1.02 0.91 9.62,
lk 0.09 0.05 -0.09,
ow 16.37 5.38 -5.06,
lb 1.01 0.92 9.69,
lk 0.09 0.05 -0.03,
ow 16.37 5.38 -5.06,
lb 1.02 0.94 9.69,
lk 0.09 0.07 -0.02,
ow 16.37 5.38 -5.06,
lb 0.99 0.89 9.66,
lk 0.07 0.02 -0.05,
ow 16.37 5.38 -5.06,
lb 0.97 0.85 9.63,
lk 0.05 -0.01 -0.08,
ow 16.37 5.38 -5.06,
lb 0.95 0.86 9.70,
lk 0.03 0.00 -0.01,
ow 16.37 5.38 -5.06,
lb 0.93 0.77 9.69,
lk 0.00 -0.09 -0.02,
ow 16.37 5.38 -5.06,
lb 0.90 0.79 9.67,
lk -0.01 -0.06 -0.04,
ow 16.37 5.38 -5.06,
lb 0.94 0.84 9.73,
lk 0.01 -0.02 0.01,
ow 16.37 5.38 -5.06,
lb 0.90 0.87 9.57,
lk -0.02 0.01 -0.15,
ow 16.37 5.44 -5.06,
lb 0.91 0.89 9.53,
lk -0.01 0.02 -0.18,
ow 16.37 5.44 -5.06,
lb 0.94 0.94 9.54,
lk 0.00 0.08 -0.17,
ow 16.37 5.44 -5.06,
lb 0.88 0.94 9.54,
lk 0.00 0.08 -0.17,
ow 16.37 5.50 -5.06,
lb 0.99 0.95 9.65,
lk -0.05 0.07 -0.17,
ow 16.37 5.50 -5.06,
lb 1.01 0.94 9.63,
lk 0.06 0.07 -0.08,
ow 16.37 5.56 -5.06,
lb 1.00 0.96 9.72,
lk 0.05 0.08 0.00,
ow 16.37 5.56 -5.13,
lb 1.03 0.91 9.60,
lk 0.07 0.04 -0.11,
ow 16.37 5.56 -5.13,
lb 1.05 0.91 9.68,
lk 0.07 0.04 -0.11,
ow 16.37 5.63 -5.13,
lb 1.06 0.95 9.65,
lk 0.08 0.04 -0.03,
ow 16.37 5.63 -5.13,
lb 1.06 0.95 9.69,
lk 0.08 0.07 -0.02,
ow 16.37 5.69 -5.13,
lb 1.06 0.91 9.64,
lk 0.09 0.03 -0.07,
ow 16.37 5.69 -5.13,
lb 1.03 0.92 9.65,
lk 0.05 0.04 -0.05,
ow 16.37 5.69 -5.13,
lb 1.06 0.91 9.66,
lk 0.05 0.04 -0.05,
ow 16.37 5.69 -5.13,
lb 1.08 0.91 9.69,
lk 0.08 0.03 -0.05,
ow 16.37 5.75 -5.13,
lb 1.06 0.91 9.67,
lk 0.07 0.02 -0.03,
ow 16.37 5.75 -5.13,
lb 1.10 0.80 9.55,
lk 0.12 -0.07 -0.15,
ow 16.37 5.75 -5.13,
lb 1.08 0.87 9.77,
lk 0.10 0.00 0.06,
ow 16.37 5.75 -5.13,
lb 1.03 0.87 9.72,
lk 0.04 0.00 0.00,
ow 16.37 5.75 -5.13,
lb 1.03 0.89 9.70,
lk 0.04 0.01 -0.01,
ow 16.37 5.75 -5.13,
lb 1.03 0.86 9.61,
lk 0.04 -0.01 -0.10,
ow 16.37 5.75 -5.13,
lb 0.98 0.86 9.57,
lk 0.00 -0.01 -0.14,
ow 16.37 5.81 -5.13,
lb 1.00 0.88 9.65,
lk 0.01 0.00 -0.05,
ow 16.37 5.81 -5.13,
lb 1.04 0.83 9.68,
lk 0.01 0.00 -0.05,
ow 16.37 5.81 -5.19,
lb 1.05 0.86 9.64,
lk 0.04 -0.04 -0.03,
ow 16.37 5.88 -5.19,
lb 1.01 0.80 9.53,
lk 0.00 -0.07 -0.17,
ow 16.37 5.88 -5.19,
lb 1.04 0.87 9.68,
lk 0.03 -0.01 -0.03,
ow 16.37 5.88 -5.19,
lb 1.03 0.85 9.70,
lk 0.01 -0.02 -0.01,
ow 16.44 5.94 -5.19,
lb 1.05 0.92 9.64,
lk 0.01 -0.02 -0.01,
ow 16.44 5.94 -5.19,
lb 1.09 0.95 9.59,
lk 0.02 0.04 -0.07,
ow 16.44 6.00 -5.19,
lb 1.11 0.99 9.42,
lk 0.08 0.09 -0.28,
ow 16.44 6.00 -5.25,
lb 1.11 1.00 9.49,
lk 0.07 0.11 -0.21,
ow 16.44 6.06 -5.25,
lb 1.16 1.08 9.51,
lk 0.11 0.18 -0.19,
ow 16.44 6.13 -5.25,
lb 1.19 1.02 9.59,
lk 0.11 0.18 -0.19,
ow 16.44 6.13 -5.25,
lb 1.19 0.97 9.68,
lk 0.13 0.12 -0.11,
ow 16.44 6.19 -5.25,
lb 1.21 0.97 9.68,
lk 0.14 0.06 -0.01,
ow 16.44 6.19 -5.31,
lb 1.25 0.96 9.71,
lk 0.18 0.05 0.00,
ow 16.44 6.25 -5.31,
lb 1.23 1.00 9.74,
lk 0.16 0.09 0.03,
ow 16.44 6.25 -5.31,
lb 1.21 1.01 9.69,
lk 0.16 0.09 0.03,
ow 16.44 6.31 -5.31,
lb 1.16 0.95 9.59,
lk 0.13 0.10 -0.01,
ow 16.44 6.31 -5.31,
lb 1.15 0.97 9.59,
lk 0.06 0.06 -0.10,
ow 16.44 6.31 -5.38,
lb 1.08 0.93 9.63,
lk 0.00 0.02 -0.07,
ow 16.44 6.31 -5.38,
lb 1.05 0.91 9.62,
lk -0.02 0.00 -0.08,
ow 16.44 6.31 -5.38,
lb 1.03 0.86 9.63,
lk -0.04 -0.05 -0.07,
ow 16.44 6.31 -5.38,
lb 1.04 0.89 9.74,
lk -0.03 -0.02 0.03,
ow 16.44 6.31 -5.38,
lb 1.07 0.94 9.80,
lk -0.01 0.02 0.09,
ow 16.44 6.31 -5.38,
lb 1.08 0.91 9.75,
lk 0.00 0.00 0.05,
ow 16.37 6.31 -5.38,
lb 1.05 0.87 9.73,
lk -0.02 -0.04 0.02,
ow 16.37 6.31 -5.38,
lb 1.08 0.88 9.80,
lk -0.02 -0.04 0.02,
ow 16.37 6.25 -5.38,
lb 1.08 0.88 9.70,
lk 0.01 -0.03 0.09,
ow 16.37 6.25 -5.38,
lb 1.08 0.87 9.61,
lk 0.00 -0.04 -0.09,
ow 16.37 6.25 -5.38,
lb 1.10 0.86 9.58,
lk 0.04 -0.04 -0.12,
ow 16.31 6.25 -5.38,
lb 1.10 0.85 9.64,
lk 0.04 -0.06 -0.06,
ow 16.31 6.25 -5.38,
lb 1.14 0.89 9.70,
lk 0.07 -0.02 0.00,
ow 16.31 6.25 -5.38,
lb 1.19 0.90 9.69,
lk 0.12 -0.01 -0.01,
ow 16.31 6.25 -5.38,
lb 1.25 0.96 9.62,
lk 0.18 0.05 -0.08,
ow 16.31 6.25 -5.38,
lb 1.27 0.98 9.67,
lk 0.20 0.07 -0.03,
ow 16.31 6.25 -5.38,
lb 1.30 1.01 9.65,
lk 0.22 0.09 -0.04,
ow 16.31 6.25 -5.31,
lb 1.27 1.01 9.62,
lk 0.19 0.10 -0.08,
ow 16.31 6.25 -5.31,
lb 1.27 0.96 9.61,
lk 0.20 0.05 -0.09,
ow 16.31 6.25 -5.31,
lb 1.29 0.99 9.67,
lk 0.21 0.08 -0.02,
ow 16.31 6.25 -5.31,
lb 1.21 0.93 9.64,
lk 0.15 0.02 -0.06,
ow 16.31 6.19 -5.31,
lb 1.11 0.89 9.49,
lk 0.05 -0.01 -0.21,
ow 16.37 6.19 -5.31,
lb 1.12 0.91 9.64,
lk 0.05 -0.01 -0.21,
ow 16.37 6.19 -5.31,
lb 1.04 0.90 9.58,
lk 0.06 0.00 -0.06,
ow 16.37 6.19 -5.31,
lb 1.03 0.91 9.56,
lk -0.02 0.00 -0.13,
ow 16.37 6.19 -5.31,
lb 1.06 0.95 9.62,
lk 0.00 0.04 -0.08,
ow 16.37 6.19 -5.31,
lb 1.07 0.98 9.62,
lk 0.01 0.07 -0.08,
ow 16.37 6.19 -5.31,
lb 1.06 0.99 9.61,
lk 0.00 0.08 -0.09,
ow 16.37 6.19 -5.31,
lb 1.12 0.97 9.70,
lk 0.07 0.06 0.00,
ow 16.37 6.19 -5.31,
lb 1.07 0.96 9.60,
lk 0.01 0.06 -0.10,
ow 16.37 6.13 -5.31,
lb 1.04 0.91 9.61,
lk 0.00 0.01 -0.09,
ow 16.37 6.13 -5.25,
lb 1.07 0.93 9.72,
lk 0.01 0.03 0.01,
ow 16.37 6.13 -5.25,
lb 1.02 0.94 9.72,
lk -0.02 0.05 0.01,
ow 16.37 6.13 -5.25,
lb 0.99 0.94 9.68,
lk -0.04 0.05 -0.02,
ow 16.37 6.06 -5.25,
lb 1.03 0.94 9.66,
lk -0.01 0.04 -0.04,
ow 16.37 6.06 -5.25,
lb 1.03 0.90 9.55,
lk 0.00 0.00 -0.15,
ow 16.37 6.06 -5.25,
lb 1.00 0.88 9.59,
lk -0.03 0.00 -0.11,
ow 16.37 6.06 -5.25,
lb 1.04 0.90 9.53,
lk 0.00 0.01 -0.18,
ow 16.37 6.06 -5.19,
lb 1.09 0.88 9.57,
lk 0.05 -0.01 -0.13,
ow 16.37 6.06 -5.19,
lb 1.07 0.93 9.60,
lk 0.03 0.04 -0.10,
ow 16.37 6.06 -5.19,
lb 1.12 0.94 9.66,
lk 0.08 0.05 -0.04,
ow 16.37 6.06 -5.19,
lb 1.12 0.95 9.70,
lk 0.08 0.06 0.00,
ow 16.37 6.06 -5.25,
lb 1.11 0.90 9.65,
lk 0.07 0.01 -0.05,
ow 16.37 6.06 -5.25,
lb 1.11 0.88 9.60,
lk 0.07 0.00 -0.10,
ow 16.37 6.06 -5.25,
lb 1.16 0.90 9.68,
lk 0.12 0.01 -0.02,
ow 16.37 6.06 -5.25,
lb 1.14 0.87 9.68,
lk 0.11 -0.02 -0.02,
ow 16.37 6.06 -5.25,
lb 1.11 0.85 9.66,
lk 0.08 -0.03 -0.04,
ow 16.37 6.00 -5.25,
lb 1.08 0.83 9.68,
lk 0.05 -0.05 -0.02,
ow 16.37 6.00 -5.25,
lb 1.12 0.88 9.74,
lk 0.09 -0.01 0.03,
ow 16.37 6.00 -5.19,
lb 1.12 0.90 9.72,
lk 0.08 0.00 0.01,
ow 16.37 6.00 -5.19,
lb 1.11 0.91 9.53,
lk 0.07 0.01 -0.17,
ow 16.37 6.00 -5.19,
lb 1.07 0.85 9.40,
lk 0.03 -0.03 -0.31,
ow 16.37 6.00 -5.19,
lb 1.05 1.04 9.67,
lk 0.03 -0.03 -0.31,
ow 16.37 6.06 -5.19,
lb 1.14 0.95 9.74,
lk 0.02 0.16 -0.03,
ow 16.37 6.06 -5.19,
lb 1.11 1.00 9.67,
lk 0.08 0.11 -0.03,
ow 16.37 6.06 -5.19,
lb 1.11 0.91 9.55,
lk 0.07 0.03 -0.15,
ow 16.37 6.06 -5.19,
lb 1.12 0.91 9.49,
lk 0.09 0.02 -0.21,
ow 16.37 6.06 -5.19,
lb 1.14 0.91 9.58,
lk 0.10 0.03 -0.12,
ow 16.37 6.06 -5.19,
lb 1.16 0.96 9.63,
lk 0.12 0.07 -0.08,
ow 16.37 6.06 -5.19,
lb 1.11 0.95 9.65,
lk 0.08 0.06 -0.06,
ow 16.37 6.06 -5.19,
lb 1.10 0.92 9.69,
lk 0.07 0.03 -0.01,
ow 16.37 6.00 -5.19,
lb 1.09 0.91 9.76,
lk 0.06 0.03 0.04,
ow 16.37 6.00 -5.19,
lb 1.09 0.92 9.76,
lk 0.06 0.03 0.04,
ow 16.37 6.00 -5.19,
lb 1.04 0.87 9.64,
lk 0.06 0.03 0.05,
ow 16.37 6.00 -5.19,
lb 1.07 0.90 9.61,
lk 0.04 0.01 -0.09,
ow 16.37 6.00 -5.19,
lb 1.02 0.87 9.63,
lk 0.00 -0.01 -0.08,
ow 16.37 5.94 -5.19,
lb 1.01 0.91 9.63,
lk 0.00 0.02 -0.07,
ow 16.31 5.94 -5.19,
lb 1.04 0.89 9.61,
lk 0.01 0.00 -0.09,
ow 16.31 5.94 -5.19,
lb 1.02 0.88 9.62,
lk 0.00 0.00 -0.08,
ow 16.31 5.94 -5.19,
lb 1.07 0.94 9.60,
lk 0.04 0.05 -0.11,
ow 16.31 5.94 -5.19,
lb 1.08 0.96 9.64,
lk 0.06 0.07 -0.07,
ow 16.31 5.94 -5.19,
lb 1.07 0.97 9.62,
lk 0.05 0.08 -0.09,
ow 16.31 5.94 -5.19,
lb 1.08 0.92 9.58,
lk 0.06 0.03 -0.12,
ow 16.31 5.94 -5.19,
lb 1.08 0.88 9.61,
lk 0.06 0.00 -0.10,
ow 16.31 5.94 -5.19,
lb 1.10 0.86 9.62,
lk 0.08 -0.02 -0.08,
ow 16.31 5.94 -5.19,
lb 1.11 0.87 9.65,
lk 0.09 -0.02 -0.06,
ow 16.31 5.94 -5.19,
lb 1.14 0.85 9.60,
lk 0.12 -0.03 -0.10,
ow 16.31 5.94 -5.25,
lb 1.13 0.82 9.54,
lk 0.11 -0.06 -0.16,
ow 16.31 5.94 -5.25,
lb 1.14 0.88 9.65,
lk 0.11 -0.01 -0.06,
ow 16.31 5.94 -5.25,
lb 1.18 0.92 9.67,
lk 0.15 0.03 -0.03,
ow 16.31 6.00 -5.25,
lb 1.13 0.90 9.63,
lk 0.10 0.01 -0.08,
ow 16.31 6.00 -5.25,
lb 1.15 0.92 9.52,
lk 0.12 0.02 -0.18,
ow 16.31 6.00 -5.25,
lb 1.12 0.93 9.54,
lk 0.12 0.02 -0.18,
ow 16.31 6.06 -5.25,
lb 1.17 0.93 9.64,
lk 0.08 0.04 -0.16,
ow 16.31 6.06 -5.25,
lb 1.15 0.96 9.66,
lk 0.11 0.07 -0.04,
ow 16.31 6.06 -5.25,
lb 1.11 0.95 9.66,
lk 0.07 0.06 -0.04,
ow 16.31 6.06 -5.25,
lb 1.11 0.93 9.65,
lk 0.07 0.03 -0.05,
ow 16.31 6.06 -5.25,
lb 1.08 0.94 9.68,
lk 0.05 0.05 -0.02,
ow 16.31 6.06 -5.25,
lb 1.10 0.98 9.68,
lk 0.06 0.08 -0.02,
ow 16.31 6.06 -5.25,
lb 1.06 0.94 9.68,
lk 0.02 0.05 -0.02,
ow 16.31 6.00 -5.25,
lb 1.05 0.96 9.68,
lk 0.01 0.06 -0.02,
ow 16.31 6.00 -5.25,
lb 1.05 0.96 9.67,
lk 0.02 0.06 -0.03,
ow 16.31 6.00 -5.25,
lb 1.01 0.94 9.66,
lk 0.02 0.06 -0.03,
ow 16.31 6.00 -5.25,
lb 0.99 0.93 9.61,
lk -0.01 0.04 -0.04,
ow 16.31 6.00 -5.25,
lb 0.98 0.91 9.54,
lk -0.04 0.01 -0.16,
ow 16.31 5.94 -5.25,
lb 0.97 0.88 9.46,
lk -0.05 -0.01 -0.24,
ow 16.31 5.94 -5.25,
lb 0.96 0.91 9.59,
lk -0.05 0.01 -0.11,
ow 16.31 5.94 -5.25,
lb 0.99 0.94 9.66,
lk -0.03 0.04 -0.04,
ow 16.31 6.00 -5.25,
lb 1.02 0.91 9.66,
lk 0.00 0.01 -0.04,
ow 16.31 6.00 -5.25,
lb 1.04 0.90 9.65,
lk 0.01 0.00 -0.06,
ow 16.31 6.00 -5.25,
lb 1.08 0.92 9.64,
lk 0.06 0.02 -0.06,
ow 16.31 6.00 -5.25,
lb 1.10 0.92 9.65,
lk 0.07 0.03 -0.05,
ow 16.31 6.00 -5.25,
lb 1.13 0.90 9.63,
lk 0.10 0.00 -0.08,
ow 16.31 6.00 -5.25,
lb 1.11 0.84 9.63,
lk 0.08 -0.04 -0.07,
ow 16.31 6.00 -5.25,
lb 1.10 0.89 9.65,
lk 0.08 0.00 -0.06,
ow 16.31 6.00 -5.25,
lb 1.10 0.89 9.69,
lk 0.07 0.00 -0.01,
ow 16.31 6.00 -5.25,
lb 1.12 0.92 9.70,
lk 0.09 0.02 0.00,
ow 16.31 6.00 -5.25,
lb 1.09 0.91 9.66,
lk 0.06 0.02 -0.04,
ow 16.31 6.00 -5.25,
lb 1.09 0.91 9.60,
lk 0.06 0.01 -0.10,
ow 16.31 6.00 -5.25,
lb 1.11 0.88 9.60,
lk 0.07 -0.01 -0.10,
ow 16.31 6.00 -5.25,
lb 1.08 0.89 9.60,
lk 0.05 0.00 -0.10,
ow 16.31 6.06 -5.25,
lb 1.14 0.91 9.62,
lk 0.10 0.01 -0.08,
ow 16.31 6.06 -5.25,
lb 1.16 0.90 9.68,
lk 0.10 0.01 -0.08,
ow 16.31 6.06 -5.25,
lb 1.19 0.92 9.69,
lk 0.11 0.00 -0.02,
ow 16.31 6.06 -5.25,
lb 1.21 0.95 9.67,
lk 0.17 0.04 -0.03,
ow 16.31 6.06 -5.31,
lb 1.19 0.90 9.63,
lk 0.14 0.00 -0.07,
ow 16.31 6.13 -5.31,
lb 1.18 0.88 9.61,
lk 0.13 -0.02 -0.09,
ow 16.31 6.13 -5.31,
lb 1.17 0.84 9.47,
lk 0.12 -0.05 -0.23,
ow 16.31 6.13 -5.31,
lb 1.11 0.91 9.65,
lk 0.06 0.01 -0.05,
ow 16.31 6.13 -5.31,
lb 1.12 0.94 9.72,
lk 0.07 0.04 0.01,
ow 16.31 6.13 -5.31,
lb 1.12 0.95 9.69,
lk 0.07 0.05 -0.01,
ow 16.31 6.13 -5.31,
lb 1.09 0.95 9.66,
lk 0.04 0.04 -0.03,
ow 16.31 6.13 -5.31,
lb 1.12 0.94 9.56,
lk 0.04 0.04 -0.03,
ow 16.31 6.13 -5.31,
lb 1.13 0.94 9.53,
lk 0.07 0.03 -0.13,
ow 16.31 6.13 -5.31,
lb 1.11 0.95 9.51,
lk 0.06 0.04 -0.19,
ow 16.31 6.13 -5.31,
lb 1.09 0.96 9.55,
lk 0.04 0.05 -0.14,
ow 16.31 6.13 -5.31,
lb 1.11 1.01 9.71,
lk 0.06 0.10 0.00,
ow 16.31 6.13 -5.31,
lb 1.14 0.99 9.78,
lk 0.09 0.08 0.08,
ow 16.31 6.13 -5.31,
lb 1.12 0.94 9.72,
lk 0.08 0.03 0.01,
ow 16.31 6.13 -5.31,
lb 1.08 0.94 9.65,
lk 0.04 0.03 -0.04,
ow 16.31 6.06 -5.31,
lb 1.06 0.96 9.68,
lk 0.01 0.05 -0.02,
ow 16.31 6.06 -5.31,
lb 1.05 0.96 9.71,
lk 0.01 0.05 0.00,
ow 16.31 6.06 -5.31,
lb 1.01 0.95 9.68,
lk -0.02 0.04 -0.02,
ow 16.31 6.06 -5.31,
lb 0.98 0.90 9.64,
lk -0.05 0.00 -0.06,
ow 16.31 6.06 -5.31,
lb 0.93 0.90 9.62,
lk -0.09 0.00 -0.08,
ow 16.31 6.00 -5.31,
lb 0.93 0.90 9.65,
lk -0.10 0.00 -0.05,
ow 16.31 6.00 -5.31,
lb 0.92 0.88 9.61,
lk -0.11 -0.02 -0.09,
ow 16.31 6.00 -5.31,
lb 0.94 0.87 9.58,
lk -0.09 -0.03 -0.12,
ow 16.31 6.00 -5.31,
lb 0.98 0.90 9.64,
lk -0.04 0.00 -0.06,
ow 16.31 6.00 -5.31,
lb 1.01 0.93 9.66,
lk -0.01 0.02 -0.04,
ow 16.31 6.00 -5.31,
lb 1.04 0.92 9.67,
lk 0.01 0.01 -0.03,
ow 16.31 6.06 -5.31,
lb 1.10 0.87 9.65,
lk 0.07 -0.03 -0.04,
ow 16.31 6.06 -5.31,
lb 1.15 0.92 9.65,
lk 0.12 0.01 -0.05,
ow 16.31 6.06 -5.31,
lb 1.17 0.87 9.68,
lk 0.13 -0.03 -0.02,
ow 16.31 6.06 -5.31,
lb 1.18 0.93 9.56,
lk 0.14 0.02 -0.13,
ow 16.31 6.06 -5.31,
lb 1.17 0.92 9.62,
lk 0.13 0.01 -0.08,
ow 16.31 6.06 -5.31,
lb 1.15 0.96 9.68,
lk 0.10 0.05 -0.02,
ow 16.31 6.06 -5.31,
lb 1.09 0.92 9.69,
lk 0.10 0.05 -0.02,
ow 16.31 6.13 -5.31,
lb 1.10 0.94 9.53,
lk 0.05 0.01 -0.01,
ow 16.31 6.13 -5.31,
lb 1.10 0.93 9.54,
lk 0.05 0.02 -0.15,
ow 16.31 6.13 -5.31,
lb 1.08 0.93 9.54,
lk 0.03 0.02 -0.16,
ow 16.31 6.13 -5.31,
lb 1.13 0.91 9.64,
lk 0.07 0.00 -0.06,
ow 16.31 6.19 -5.31,
lb 1.13 0.93 9.62,
lk 0.07 0.02 -0.08,
ow 16.31 6.19 -5.31,
lb 1.18 0.97 9.68,
lk 0.12 0.06 -0.01,
ow 16.31 6.19 -5.31,
lb 1.19 0.96 9.67,
lk 0.14 0.05 -0.02,
ow 16.31 6.19 -5.31,
lb 1.16 0.91 9.68,
lk 0.10 0.00 -0.01,
ow 16.31 6.19 -5.31,
lb 1.16 0.91 9.69,
lk 0.11 0.00 -0.01,
ow 16.31 6.13 -5.31,
lb 1.14 0.92 9.69,
lk 0.08 0.01 0.00,
ow 16.31 6.13 -5.31,
lb 1.12 0.91 9.67,
lk 0.07 0.00 -0.02,
ow 16.31 6.13 -5.31,
lb 1.07 0.91 9.67,
lk 0.01 0.00 -0.03,
ow 16.31 6.13 -5.31,
lb 1.06 0.92 9.65,
lk 0.00 0.01 -0.04,
ow 16.31 6.13 -5.31,
lb 1.03 0.90 9.60,
lk -0.01 0.00 -0.10,
ow 16.31 6.13 -5.31,
lb 1.04 0.92 9.52,
lk -0.01 0.01 -0.18,
ow 16.31 6.13 -5.31,
lb 1.02 0.91 9.56,
lk -0.02 0.00 -0.14,
ow 16.31 6.13 -5.31,
lb 1.04 0.95 9.57,
lk -0.01 0.04 -0.12,
ow 16.31 6.13 -5.31,
lb 1.06 0.96 9.65,
lk 0.00 0.05 -0.05,
ow 16.31 6.13 -5.31,
lb 1.08 0.94 9.65,
lk 0.02 0.03 -0.05,
ow 16.31 6.13 -5.31,
lb 1.14 0.94 9.68,
lk 0.08 0.03 -0.02,
ow 16.31 6.13 -5.31,
lb 1.15 0.96 9.70,
lk 0.10 0.05 0.00,
ow 16.31 6.13 -5.31,
lb 1.19 0.98 9.65,
lk 0.13 0.07 -0.04,
ow 16.31 6.13 -5.31,
lb 1.18 0.94 9.62,
lk 0.12 0.03 -0.08,
ow 16.31 6.13 -5.31,
lb 1.16 0.97 9.65,
lk 0.11 0.06 -0.05,
ow 16.31 6.13 -5.31,
lb 1.13 0.95 9.61,
lk 0.08 0.04 -0.09,
ow 16.31 6.13 -5.31,
lb 1.11 0.98 9.61,
lk 0.06 0.07 -0.09,
ow 16.31 6.13 -5.31,
lb 1.10 0.98 9.62,
lk 0.04 0.07 -0.08,
ow 16.31 6.13 -5.31,
lb 1.07 0.95 9.62,
lk 0.01 0.04 -0.08,
ow 16.31 6.13 -5.31,
lb 1.05 0.91 9.59,
lk 0.00 0.00 -0.11,
ow 16.31 6.13 -5.31,
lb 1.05 0.89 9.62,
lk 0.00 -0.01 -0.08,
ow 16.31 6.13 -5.31,
lb 1.08 0.89 9.68,
lk 0.03 -0.01 -0.01,
ow 16.31 6.13 -5.31,
lb 1.10 0.91 9.72,
lk 0.05 0.00 0.01,
ow 16.31 6.13 -5.31,
lb 1.06 0.91 9.73,
lk 0.01 0.00 0.02,
ow 16.31 6.13 -5.31,
lb 1.06 0.93 9.68,
lk 0.01 0.02 -0.02,
ow 16.31 6.13 -5.31,
lb 1.03 0.89 9.65,
lk -0.01 -0.01 -0.05,
ow 16.31 6.13 -5.31,
lb 1.01 0.89 9.61,
lk -0.03 -0.01 -0.09,
ow 16.31 6.13 -5.31,
lb 1.00 0.90 9.54,
lk -0.04 0.00 -0.16,
ow 16.31 6.13 -5.31,
lb 1.01 0.91 9.59,
lk -0.03 0.00 -0.11,
ow 16.31 6.13 -5.31,
lb 1.01 0.92 9.69,
lk -0.03 0.01 0.00,
ow 16.31 6.13 -5.31,
lb 1.07 0.91 9.73,
lk -0.03 0.01 0.00,
ow 16.31 6.19 -5.31,
lb 1.08 0.94 9.67,
lk 0.01 0.01 0.02,
ow 16.31 6.19 -5.31,
lb 1.11 0.81 9.45,
lk 0.05 -0.08 -0.25,
ow 16.31 6.19 -5.31,
lb 1.24 1.00 9.64,
lk 0.18 0.09 -0.06,
ow 16.31 6.19 -5.31,
lb 1.22 0.93 9.53,
lk 0.16 0.02 -0.17,
ow 16.31 6.25 -5.38,
lb 1.22 0.95 9.51,
lk 0.15 0.04 -0.18,
ow 16.31 6.25 -5.38,
lb 1.27 0.98 9.66,
lk 0.20 0.06 -0.03,
ow 16.31 6.25 -5.38,
lb 1.28 1.01 9.69,
lk 0.20 0.09 -0.01,
ow 16.31 6.25 -5.38,
lb 1.29 1.00 9.72,
lk 0.22 0.08 0.01,
ow 16.31 6.25 -5.38,
lb 1.22 0.94 9.65,
lk 0.15 0.02 -0.04,
ow 16.31 6.25 -5.38,
lb 1.19 0.93 9.63,
lk 0.15 0.02 -0.04,
ow 16.31 6.25 -5.38,
lb 1.15 0.92 9.62,
lk 0.12 0.02 -0.06,
ow 16.31 6.25 -5.38,
lb 1.12 0.93 9.63,
lk 0.06 0.01 -0.07,
ow 16.31 6.19 -5.38,
lb 1.05 0.95 9.62,
lk -0.01 0.03 -0.07,
ow 16.31 6.19 -5.38,
lb 1.01 0.95 9.61,
lk -0.04 0.04 -0.09,
ow 16.31 6.19 -5.38,
lb 1.02 0.98 9.68,
lk -0.04 0.06 -0.02,
ow 16.31 6.19 -5.38,
lb 1.04 1.01 9.73,
lk -0.01 0.09 0.02,
ow 16.31 6.19 -5.38,
lb 0.97 0.88 9.58,
lk -0.08 -0.02 -0.11,
ow 16.31 6.19 -5.38,
lb 1.01 0.89 9.58,
lk -0.04 -0.02 -0.12,
ow 16.31 6.19 -5.38,
lb 1.00 0.91 9.64,
lk -0.05 0.00 -0.06,
ow 16.31 6.19 -5.38,
lb 1.06 0.91 9.66,
lk 0.00 0.00 -0.04,
ow 16.31 6.19 -5.38,
lb 1.05 0.89 9.62,
lk 0.00 -0.02 -0.08,
ow 16.31 6.19 -5.38,
lb 1.10 0.88 9.63,
lk 0.04 -0.02 -0.07,
ow 16.31 6.19 -5.38,
lb 1.12 0.92 9.61,
lk 0.06 0.00 -0.08,
ow 16.31 6.19 -5.38,
lb 1.19 0.92 9.58,
lk 0.12 0.01 -0.11,
ow 16.31 6.19 -5.38,
lb 1.20 0.94 9.63,
lk 0.13 0.03 -0.07,
ow 16.31 6.19 -5.38,
lb 1.21 0.97 9.68,
lk 0.15 0.06 -0.02,
ow 16.31 6.25 -5.38,
lb 1.19 0.91 9.64,
lk 0.11 0.00 -0.05,
ow 16.31 6.25 -5.38,
lb 1.13 0.91 9.62,
lk 0.06 0.00 -0.08,
ow 16.31 6.25 -5.38,
lb 1.18 0.93 9.60,
lk 0.11 0.02 -0.09,
ow 16.31 6.25 -5.38,
lb 1.14 0.93 9.61,
lk 0.07 0.02 -0.09,
ow 16.31 6.25 -5.38,
lb 1.13 0.93 9.58,
lk 0.06 0.01 -0.12,
ow 16.31 6.25 -5.38,
lb 1.12 0.97 9.63,
lk 0.05 0.05 -0.07,
ow 16.31 6.25 -5.38,
lb 1.14 0.99 9.65,
lk 0.07 0.08 -0.04,
ow 16.31 6.25 -5.38,
lb 1.11 0.99 9.67,
lk 0.04 0.07 -0.03,
ow 16.31 6.25 -5.38,
lb 1.11 0.95 9.65,
lk 0.04 0.03 -0.04,
ow 16.31 6.25 -5.38,
lb 1.06 0.95 9.62,
lk -0.01 0.04 -0.08,
ow 16.31 6.25 -5.38,
lb 1.09 0.94 9.69,
lk 0.02 0.03 0.00,
ow 16.31 6.25 -5.38,
lb 1.07 0.93 9.65,
lk 0.00 0.01 -0.04,
ow 16.31 6.25 -5.38,
lb 1.05 0.92 9.68,
lk -0.02 0.01 -0.02,
ow 16.31 6.25 -5.38,
lb 1.08 0.94 9.68,
lk 0.01 0.02 -0.02,
ow 16.31 6.25 -5.38,
lb 1.09 0.95 9.65,
lk 0.02 0.03 -0.04,
ow 16.31 6.25 -5.38,
lb 1.08 0.93 9.59,
lk 0.00 0.01 -0.10,
ow 16.31 6.25 -5.38,
lb 1.12 0.95 9.57,
lk 0.05 0.03 -0.13,
ow 16.31 6.25 -5.38,
lb 1.13 0.98 9.57,
lk 0.06 0.06 -0.12,
ow 16.31 6.25 -5.38,
lb 1.12 0.95 9.58,
lk 0.04 0.03 -0.12,
ow 16.31 6.25 -5.38,
lb 1.11 0.88 9.59,
lk 0.03 -0.03 -0.10,
ow 16.31 6.31 -5.38,
lb 1.16 0.93 9.65,
lk 0.08 0.01 -0.04,
ow 16.31 6.31 -5.38,
lb 1.19 0.94 9.68,
lk 0.11 0.02 -0.01,
ow 16.31 6.31 -5.38,
lb 1.23 0.95 9.67,
lk 0.15 0.03 -0.02,
ow 16.31 6.31 -5.38,
lb 1.21 0.91 9.64,
lk 0.12 0.00 -0.06,
ow 16.31 6.31 -5.38,
lb 1.20 0.92 9.64,
lk 0.12 0.00 -0.06,
ow 16.31 6.31 -5.38,
lb 1.22 0.92 9.65,
lk 0.13 0.00 -0.04,
ow 16.31 6.31 -5.38,
lb 1.21 0.96 9.65,
lk 0.12 0.04 -0.04,
ow 16.31 6.31 -5.38,
lb 1.17 0.93 9.62,
lk 0.08 0.01 -0.07,
ow 16.31 6.31 -5.38,
lb 1.17 0.93 9.65,
lk 0.08 0.01 -0.04,
ow 16.31 6.31 -5.38,
lb 1.17 0.96 9.67,
lk 0.08 0.04 -0.02,
ow 16.31 6.31 -5.38,
lb 1.13 0.96 9.61,
lk 0.04 0.04 -0.08,
ow 16.31 6.31 -5.38,
lb 1.09 0.94 9.59,
lk 0.00 0.02 -0.10,
ow 16.31 6.31 -5.38,
lb 1.08 0.91 9.59,
lk 0.00 0.00 -0.10,
ow 16.31 6.31 -5.38,
lb 1.09 0.97 9.61,
lk 0.01 0.05 -0.08,
ow 16.31 6.31 -5.38,
lb 1.09 0.95 9.69,
lk 0.00 0.03 0.00,
ow 16.31 6.31 -5.38,
lb 1.09 0.95 9.67,
lk 0.00 0.03 -0.02,
ow 16.31 6.31 -5.38,
lb 1.09 0.91 9.62,
lk 0.01 0.00 -0.07,
ow 16.31 6.31 -5.38,
lb 1.07 0.92 9.62,
lk 0.00 0.00 -0.07,
ow 16.31 6.31 -5.38,
lb 1.04 0.93 9.61,
lk -0.03 0.01 -0.08,
ow 16.31 6.31 -5.38,
lb 1.04 0.91 9.49,
lk -0.04 -0.01 -0.20,
ow 16.31 6.31 -5.38,
lb 1.06 0.89 9.44,
lk -0.02 -0.03 -0.25,
ow 16.31 6.31 -5.38,
lb 1.06 0.93 9.63,
lk -0.02 0.01 -0.06,
ow 16.31 6.38 -5.38,
lb 1.12 0.90 9.77,
lk 0.03 -0.02 0.07,
ow 16.31 6.38 -5.38,
lb 1.15 0.91 9.73,
lk 0.03 -0.02 0.07,
ow 16.31 6.38 -5.38,
lb 1.25 0.91 9.66,
lk 0.05 0.00 0.02,
ow 16.31 6.38 -5.44,
lb 1.25 0.87 9.48,
lk 0.15 -0.05 -0.21,
ow 16.31 6.38 -5.44,
lb 1.24 0.93 9.49,
lk 0.14 0.00 -0.20,
ow 16.31 6.44 -5.44,
lb 1.27 0.95 9.54,
lk 0.17 0.02 -0.15,
ow 16.31 6.44 -5.44,
lb 1.24 1.01 9.59,
lk 0.14 0.08 -0.10,
ow 16.31 6.44 -5.44,
lb 1.19 0.94 9.61,
lk 0.08 0.01 -0.08,
ow 16.31 6.44 -5.44,
lb 1.25 0.98 9.69,
lk 0.14 0.05 0.00,
ow 16.31 6.44 -5.44,
lb 1.21 0.97 9.68,
lk 0.10 0.04 -0.01,
ow 16.31 6.44 -5.44,
lb 1.19 0.94 9.63,
lk 0.08 0.01 -0.06,
ow 16.31 6.44 -5.44,
lb 1.20 0.96 9.61,
lk 0.09 0.03 -0.08,
ow 16.31 6.50 -5.50,
lb 1.16 0.92 9.56,
lk 0.05 -0.01 -0.12,
ow 16.31 6.50 -5.50,
lb 1.16 0.90 9.53,
lk 0.05 -0.02 -0.15,
ow 16.25 6.50 -5.50,
lb 1.14 1.02 9.72,
lk 0.03 0.08 0.02,
ow 16.25 6.50 -5.50,
lb 1.14 1.04 9.65,
lk 0.03 0.10 -0.03,
ow 16.25 6.50 -5.50,
lb 1.07 1.07 9.61,
lk 0.03 0.10 -0.03,
ow 16.25 6.50 -5.50,
lb 1.09 1.09 9.63,
lk -0.04 0.13 -0.08,
ow 16.19 6.44 -5.50,
lb 1.03 1.01 9.55,
lk -0.06 0.07 -0.14,
ow 16.19 6.44 -5.50,
lb 1.06 0.99 9.58,
lk -0.04 0.05 -0.11,
ow 16.19 6.44 -5.50,
lb 1.06 0.95 9.68,
lk -0.03 0.02 -0.01,
ow 16.19 6.44 -5.50,
lb 1.07 0.95 9.71,
lk -0.02 0.01 0.01,
ow 16.19 6.44 -5.50,
lb 1.11 0.91 9.69,
lk 0.01 -0.02 0.00,
ow 16.19 6.44 -5.50,
lb 1.12 0.89 9.66,
lk 0.02 -0.04 -0.03,
ow 16.25 6.44 -5.50,
lb 1.09 0.89 9.62,
lk 0.00 -0.04 -0.07,
ow 16.25 6.44 -5.50,
lb 1.10 0.92 9.64,
lk 0.00 0.00 -0.05,
ow 16.25 6.44 -5.50,
lb 1.13 0.98 9.80,
lk 0.03 0.04 0.10,
ow 16.25 6.44 -5.50,
lb 1.16 0.92 9.81,
lk 0.05 -0.01 0.11,
ow 16.25 6.44 -5.50,
lb 1.13 0.86 9.65,
lk 0.03 -0.06 -0.04,
ow 16.25 6.44 -5.50,
lb 1.07 0.79 9.54,
lk -0.02 -0.14 -0.15,
ow 16.25 6.44 -5.50,
lb 1.08 0.79 9.60,
lk -0.01 -0.14 -0.09,
ow 16.31 6.44 -5.50,
lb 1.08 0.79 9.63,
lk -0.01 -0.14 -0.09,
ow 16.31 6.44 -5.50,
lb 1.09 0.83 9.66,
lk -0.02 -0.14 -0.06,
ow 16.31 6.44 -5.50,
lb 1.14 0.90 9.68,
lk 0.02 -0.02 0.00,
ow 16.31 6.50 -5.50,
lb 1.15 0.94 9.70,
lk 0.03 0.00 0.00,
ow 16.31 6.50 -5.50,
lb 1.12 0.95 9.73,
lk 0.00 0.02 0.03,
ow 16.31 6.50 -5.50,
lb 1.16 0.94 9.71,
lk 0.03 0.00 0.02,
ow 16.31 6.56 -5.50,
lb 1.20 0.95 9.69,
lk 0.08 0.01 0.00,
ow 16.31 6.56 -5.50,
lb 1.22 0.99 9.66,
lk 0.09 0.04 -0.03,
ow 16.31 6.56 -5.50,
lb 1.19 0.99 9.68,
lk 0.07 0.04 0.00,
ow 16.31 6.56 -5.50,
lb 1.19 1.03 9.64,
lk 0.06 0.09 -0.05,
ow 16.31 6.56 -5.56,
lb 1.21 1.06 9.59,
lk 0.08 0.12 -0.10,
ow 16.31 6.56 -5.56,
lb 1.19 1.08 9.58,
lk 0.07 0.14 -0.10,
ow 16.31 6.56 -5.56,
lb 1.19 1.04 9.56,
lk 0.07 0.09 -0.12,
ow 16.31 6.56 -5.56,
lb 1.15 1.03 9.53,
lk 0.02 0.09 -0.16,
ow 16.31 6.56 -5.56,
lb 1.17 1.04 9.58,
lk 0.05 0.10 -0.10,
ow 16.31 6.56 -5.56,
lb 1.15 1.05 9.60,
lk 0.03 0.11 -0.09,
ow 16.31 6.56 -5.56,
lb 1.18 1.01 9.64,
lk 0.05 0.07 -0.05,
ow 16.31 6.56 -5.50,
lb 1.22 0.99 9.63,
lk 0.10 0.04 -0.06,
ow 16.31 6.56 -5.50,
lb 1.22 0.97 9.65,
lk 0.09 0.02 -0.04,
ow 16.31 6.56 -5.50,
lb 1.21 0.93 9.62,
lk 0.09 0.00 -0.07,
ow 16.31 6.56 -5.50,
lb 1.21 0.93 9.60,
lk 0.09 0.00 -0.08,
ow 16.31 6.56 -5.50,
lb 1.21 0.94 9.63,
lk 0.09 0.00 -0.06,
ow 16.31 6.50 -5.50,
lb 1.22 0.97 9.65,
lk 0.10 0.03 -0.04,
ow 16.31 6.50 -5.50,
lb 1.19 0.97 9.64,
lk 0.07 0.03 -0.05,
ow 16.31 6.50 -5.50,
lb 1.14 0.94 9.60,
lk 0.03 0.00 -0.09,
ow 16.31 6.50 -5.50,
lb 1.10 0.91 9.60,
lk 0.03 0.00 -0.09,
ow 16.31 6.50 -5.50,
lb 1.09 0.91 9.59,
lk 0.00 -0.01 -0.09,
ow 16.31 6.50 -5.50,
lb 1.08 0.90 9.57,
lk -0.01 -0.03 -0.12,
ow 16.31 6.44 -5.50,
lb 1.08 0.89 9.65,
lk -0.01 -0.04 -0.04,
ow 16.31 6.44 -5.50,
lb 1.07 0.89 9.67,
lk -0.03 -0.04 -0.02,
ow 16.31 6.44 -5.50,
lb 1.06 0.89 9.65,
lk -0.04 -0.04 -0.04,
ow 16.31 6.44 -5.50,
lb 1.10 0.89 9.73,
lk 0.00 -0.04 0.03,
ow 16.31 6.44 -5.50,
lb 1.15 0.93 9.71,
lk 0.04 0.00 0.01,
ow 16.31 6.44 -5.50,
lb 1.17 0.92 9.70,
lk 0.06 -0.01 0.00,
ow 16.31 6.44 -5.50,
lb 1.17 0.92 9.62,
lk 0.06 0.00 -0.07,
ow 16.31 6.44 -5.50,
lb 1.09 0.89 9.43,
lk -0.01 -0.04 -0.25,
ow 16.31 6.44 -5.50,
lb 1.10 0.98 9.60,
lk 0.00 0.04 -0.09,
ow 16.31 6.44 -5.44,
lb 1.13 0.98 9.66,
lk 0.02 0.05 -0.02,
ow 16.31 6.50 -5.44,
lb 1.14 1.01 9.64,
lk 0.03 0.08 -0.05,
ow 16.31 6.50 -5.44,
lb 1.23 0.98 9.61,
lk 0.12 0.05 -0.08,
ow 16.31 6.50 -5.44,
lb 1.26 0.96 9.60,
lk 0.15 0.03 -0.09,
ow 16.31 6.50 -5.44,
lb 1.24 0.96 9.59,
lk 0.13 0.03 -0.10,
ow 16.31 6.50 -5.44,
lb 1.30 1.01 9.60,
lk 0.18 0.08 -0.09,
ow 16.31 6.50 -5.44,
lb 1.30 1.02 9.61,
lk 0.18 0.09 -0.08,
ow 16.31 6.50 -5.44,
lb 1.31 1.02 9.64,
lk 0.20 0.08 -0.05,
ow 16.31 6.50 -5.44,
lb 1.29 1.03 9.66,
lk 0.17 0.10 -0.02,
ow 16.31 6.50 -5.44,
lb 1.26 0.99 9.68,
lk 0.14 0.06 -0.01,
ow 16.31 6.50 -5.44,
lb 1.19 0.96 9.58,
lk 0.08 0.02 -0.11,
ow 16.31 6.50 -5.44,
lb 1.14 0.94 9.61,
lk 0.03 0.00 -0.08,
ow 16.31 6.50 -5.44,
lb 1.10 0.90 9.61,
lk 0.00 -0.02 -0.08,
ow 16.31 6.44 -5.44,
lb 1.04 0.87 9.61,
lk -0.06 -0.05 -0.08,
ow 16.31 6.44 -5.44,
lb 1.06 0.90 9.65,
lk -0.04 -0.02 -0.04,
ow 16.31 6.44 -5.44,
lb 1.08 0.91 9.63,
lk -0.02 -0.02 -0.06,
ow 16.31 6.44 -5.44,
lb 1.05 0.90 9.61,
lk -0.05 -0.03 -0.08,
ow 16.31 6.44 -5.44,
lb 1.11 0.96 9.66,
lk 0.00 0.03 -0.03,
ow 16.31 6.44 -5.44,
lb 1.12 0.98 9.69,
lk 0.01 0.04 0.00,
ow 16.31 6.44 -5.44,
lb 1.16 1.01 9.69,
lk 0.05 0.08 0.00,
ow 16.31 6.44 -5.44,
lb 1.15 0.93 9.65,
lk 0.04 0.00 -0.04,
ow 16.31 6.44 -5.44,
lb 1.17 0.91 9.59,
lk 0.06 -0.01 -0.10,
ow 16.31 6.44 -5.44,
lb 1.20 0.93 9.63,
lk 0.10 0.00 -0.06,
ow 16.31 6.44 -5.44,
lb 1.21 0.94 9.63,
lk 0.10 0.01 -0.06,
ow 16.31 6.44 -5.50,
lb 1.20 0.86 9.51,
lk 0.09 -0.06 -0.18,
ow 16.31 6.44 -5.44,
lb 1.19 0.93 9.61,
lk 0.08 0.00 -0.08,
ow 16.31 6.50 -5.44,
lb 1.23 1.01 9.72,
lk 0.12 0.07 0.02,
ow 16.31 6.50 -5.50,
lb 1.24 0.95 9.67,
lk 0.12 0.02 -0.01,
ow 16.31 6.50 -5.50,
lb 1.27 0.95 9.57,
lk 0.15 0.02 -0.11,
ow 16.31 6.50 -5.50,
lb 1.29 0.94 9.51,
lk 0.17 0.00 -0.18,
ow 16.31 6.50 -5.50,
lb 1.25 0.95 9.54,
lk 0.13 0.02 -0.15,
ow 16.31 6.50 -5.50,
lb 1.27 0.97 9.56,
lk 0.15 0.04 -0.13,
ow 16.31 6.50 -5.50,
lb 1.25 0.96 9.58,
lk 0.13 0.02 -0.10,
ow 16.31 6.50 -5.50,
lb 1.23 0.96 9.64,
lk 0.11 0.02 -0.05,
ow 16.31 6.50 -5.50,
lb 1.20 0.99 9.64,
lk 0.08 0.05 -0.05,
ow 16.31 6.50 -5.50,
lb 1.19 0.99 9.65,
lk 0.07 0.05 -0.04,
ow 16.31 6.50 -5.50,
lb 1.15 0.92 9.65,
lk 0.04 -0.01 -0.04,
ow 16.31 6.50 -5.50,
lb 1.10 0.92 9.69,
lk 0.00 -0.01 0.00,
ow 16.31 6.50 -5.50,
lb 1.12 0.90 9.69,
lk 0.00 -0.01 0.00,
ow 16.31 6.44 -5.50,
lb 1.06 0.93 9.68,
lk 0.01 -0.03 0.00,
ow 16.31 6.44 -5.50,
lb 1.06 0.92 9.64,
lk -0.03 -0.01 -0.05,
ow 16.25 6.44 -5.50,
lb 1.08 0.97 9.61,
lk -0.01 0.04 -0.08,
ow 16.25 6.38 -5.50,
lb 1.07 1.02 9.56,
lk -0.02 0.09 -0.13,
ow 16.25 6.38 -5.50,
lb 1.01 0.97 9.52,
lk -0.02 0.09 -0.13,
ow 16.25 6.38 -5.50,
lb 1.00 1.00 9.57,
lk -0.07 0.04 -0.17,
ow 16.25 6.31 -5.44,
lb 1.01 0.99 9.60,
lk -0.06 0.06 -0.09,
ow 16.19 6.31 -5.44,
lb 1.02 1.00 9.65,
lk -0.05 0.07 -0.05,
ow 16.19 6.31 -5.44,
lb 1.07 0.91 9.65,
lk 0.00 -0.02 -0.04,
ow 16.19 6.31 -5.44,
lb 1.07 0.90 9.64,
lk -0.01 -0.02 -0.05,
ow 16.19 6.31 -5.44,
lb 1.11 0.86 9.62,
lk 0.02 -0.06 -0.08,
ow 16.19 6.31 -5.44,
lb 1.15 0.88 9.60,
lk 0.06 -0.04 -0.09,
ow 16.19 6.31 -5.44,
lb 1.17 0.88 9.59,
lk 0.09 -0.04 -0.10,
ow 16.19 6.31 -5.44,
lb 1.18 0.90 9.60,
lk 0.10 -0.02 -0.09,
ow 16.19 6.31 -5.44,
lb 1.21 0.92 9.58,
lk 0.12 0.00 -0.11,
ow 16.19 6.31 -5.44,
lb 1.22 0.95 9.55,
lk 0.13 0.02 -0.14,
ow 16.19 6.31 -5.44,
lb 1.22 0.98 9.52,
lk 0.13 0.05 -0.18,
ow 16.25 6.38 -5.44,
lb 1.23 0.97 9.61,
lk 0.13 0.04 -0.08,
ow 16.25 6.38 -5.44,
lb 1.22 1.00 9.64,
lk 0.12 0.06 -0.06,
ow 16.25 6.38 -5.44,
lb 1.24 0.94 9.61,
lk 0.12 0.06 -0.06,
ow 16.25 6.38 -5.44,
lb 1.23 0.94 9.63,
lk 0.14 0.01 -0.08,
ow 16.25 6.38 -5.44,
lb 1.29 0.99 9.67,
lk 0.19 0.06 -0.02,
et 15001,