ow 280.31 4.06 -18.25,
lb -8.10 1.03 -3.65,
lk -8.81 -2.06 -12.93,
ow 280.44 4.13 -18.44,
lb -7.92 1.21 -3.66,
lk -8.81 -2.06 -12.93,
ow 280.50 4.25 -18.62,
lb -7.61 1.38 -3.73,
lk -8.37 -1.77 -12.98,
ow 280.56 4.44 -18.81,
lb -7.58 1.49 -4.15,
lk -8.35 -1.69 -13.39,
ow 280.69 4.50 -19.06,
lb -7.71 1.47 -4.29,
lk -8.50 -1.76 -13.52,
ow 280.81 4.56 -19.25,
lb -8.07 1.44 -4.48,
lk -8.50 -1.76 -13.52,
ow 280.88 4.56 -19.56,
lb -8.53 1.25 -4.45,
lk -8.86 -1.82 -13.69,
ow 280.94 4.50 -19.81,
lb -9.73 1.22 -4.45,
lk -10.50 -2.13 -13.63,
ow 281.00 4.50 -20.06,
lb -10.26 1.10 -4.23,
lk -11.03 -2.26 -13.40,
ow 281.00 4.50 -20.12,
lb -10.79 1.00 -3.99,
lk -11.57 -2.37 -13.16,
ow 280.94 4.56 -20.25,
lb -11.06 0.94 -3.85,
lk -11.57 -2.37 -13.16,
ow 280.88 4.75 -20.25,
lb -10.75 0.93 -3.74,
lk -11.87 -2.44 -13.02,
ow 280.81 4.94 -20.31,
lb -10.24 0.68 -3.41,
lk -11.13 -2.72 -12.56,
ow 280.75 5.19 -20.44,
lb -9.52 0.22 -2.91,
lk -10.45 -3.23 -12.04,
ow 280.75 5.44 -20.75,
lb -8.46 -0.07 -2.97,
lk -9.41 -3.59 -12.07,
ow 280.81 5.56 -21.12,
lb -8.14 -0.25 -3.11,
lk -9.41 -3.59 -12.07,
ow 280.88 5.63 -21.50,
lb -7.89 -0.45 -3.23,
lk -9.11 -3.83 -12.19,
ow 281.00 5.69 -21.87,
lb -7.76 -0.50 -3.45,
lk -8.74 -4.19 -12.48,
ow 281.06 5.75 -22.19,
lb -7.70 -0.49 -3.62,
lk -8.70 -4.20 -12.64,
ow 281.13 5.81 -22.31,
lb -7.82 -0.30 -3.72,
lk -8.83 -4.02 -12.74,
ow 281.19 5.88 -22.37,
lb -7.89 -0.07 -3.73,
lk -8.83 -4.02 -12.74,
ow 281.19 5.94 -22.37,
lb -8.01 0.14 -3.56,
lk -8.91 -3.79 -12.75,
ow 281.19 6.06 -22.37,
lb -8.59 0.67 -3.32,
lk -9.64 -3.04 -12.33,
ow 281.13 6.19 -22.37,
lb -8.94 0.87 -3.29,
lk -10.01 -2.84 -12.31,
ow 281.06 6.25 -22.37,
lb -9.27 1.02 -3.38,
lk -10.35 -2.68 -12.39,
ow 281.06 6.31 -22.37,
lb -9.37 1.04 -3.49,
lk -10.35 -2.68 -12.39,
ow 281.00 6.38 -22.44,
lb -9.02 0.98 -3.76,
lk -10.47 -2.67 -12.50,
ow 281.00 6.44 -22.44,
lb -8.94 0.94 -3.78,
lk -10.05 -2.77 -12.78,
ow 281.06 6.44 -22.44,
lb -8.93 1.01 -3.66,
lk -10.03 -2.71 -12.66,
ow 281.13 6.44 -22.44,
lb -8.96 0.69 -3.44,
lk -10.06 -3.02 -12.45,
ow 281.25 6.44 -22.44,
lb -8.84 0.38 -3.24,
lk -10.06 -3.02 -12.45,
ow 281.38 6.44 -22.37,
lb -8.64 0.27 -3.09,
lk -9.95 -3.32 -12.25,
ow 281.50 6.44 -22.31,
lb -8.52 0.26 -3.06,
lk -9.62 -3.41 -12.09,
ow 281.63 6.44 -22.19,
lb -8.46 0.42 -3.10,
lk -9.57 -3.23 -12.13,
ow 281.75 6.44 -22.00,
lb -8.53 0.44 -3.26,
lk -9.64 -3.18 -12.31,
ow 281.88 6.44 -21.81,
lb -8.59 0.39 -3.46,
lk -9.64 -3.18 -12.31,
ow 282.06 6.50 -21.56,
lb -8.51 0.35 -3.65,
lk -9.70 -3.19 -12.52,
ow 282.19 6.50 -21.31,
lb -8.41 0.38 -3.66,
lk -9.52 -3.11 -12.75,
ow 282.31 6.50 -21.06,
lb -8.46 0.38 -3.48,
lk -9.57 -3.08 -12.59,
ow 282.38 6.44 -20.81,
lb -8.56 0.43 -3.42,
lk -9.66 -2.99 -12.54,
ow 282.44 6.44 -20.56,
lb -9.06 0.11 -3.43,
lk -9.66 -2.99 -12.54,
ow 282.56 6.38 -20.31,
lb -9.39 -0.10 -3.57,
lk -10.15 -3.26 -12.57,
ow 282.69 6.25 -20.06,
lb -9.57 -0.37 -3.73,
lk -10.64 -3.68 -12.91,
ow 282.81 6.19 -19.81,
lb -9.53 -0.56 -3.81,
lk -10.59 -3.84 -12.99,
ow 282.94 6.13 -19.56,
lb -9.56 -0.73 -3.73,
lk -10.61 -3.97 -12.93,
ow 283.13 6.13 -19.37,
lb -9.44 -0.83 -3.68,
lk -10.61 -3.97 -12.93,
ow 283.31 6.06 -19.19,
lb -9.15 -1.04 -3.53,
lk -10.49 -4.04 -12.89,
ow 283.50 6.06 -19.00,
lb -8.98 -1.08 -3.44,
lk -10.01 -4.24 -12.66,
ow 283.69 6.06 -18.87,
lb -8.61 -0.94 -3.09,
lk -9.65 -4.07 -12.33,
ow 283.88 6.06 -18.75,
lb -8.45 -0.94 -2.77,
lk -9.49 -4.06 -12.01,
ow 284.00 6.06 -18.62,
lb -8.31 -0.91 -2.71,
lk -9.49 -4.06 -12.01,
ow 284.13 6.06 -18.44,
lb -8.33 -0.84 -2.97,
lk -9.34 -4.00 -11.96,
ow 284.25 6.00 -18.31,
lb -8.39 -0.77 -3.32,
lk -9.41 -3.82 -12.59,
ow 284.31 5.94 -18.19,
lb -8.53 -0.68 -3.35,
lk -9.54 -3.71 -12.62,
ow 284.38 5.88 -18.06,
lb -8.66 -0.56 -3.35,
lk -9.66 -3.58 -12.63,
ow 284.38 5.81 -18.00,
lb -9.15 -0.35 -3.26,
lk -9.66 -3.58 -12.63,
ow 284.38 5.75 -17.87,
lb -9.31 -0.38 -3.33,
lk -10.13 -3.35 -12.54,
ow 284.44 5.69 -17.81,
lb -9.39 -0.46 -3.45,
lk -10.36 -3.44 -12.74,
ow 284.44 5.63 -17.69,
lb -9.40 -0.54 -3.56,
lk -10.37 -3.51 -12.86,
ow 284.44 5.63 -17.69,
lb -9.27 -0.54 -3.39,
lk -10.23 -3.50 -12.68,
ow 284.44 5.63 -17.62,
lb -9.16 -0.55 -3.25,
lk -10.23 -3.50 -12.68,
ow 284.44 5.56 -17.62,
lb -9.11 -0.53 -3.31,
lk -10.12 -3.51 -12.55,
ow 284.44 5.56 -17.56,
lb -9.05 -0.53 -3.42,
lk 0.12 0.00 -0.02,
ow 311.13 -69.44 171.00,
lb -9.03 -0.56 -3.49,
lk 0.14 -0.02 -0.08,
ow 311.06 -69.44 170.94,
lb -9.00 -0.56 -3.57,
lk 0.17 -0.01 -0.16,
ow 311.06 -69.37 170.94,
lb -8.98 -0.57 -3.59,
lk 0.17 -0.01 -0.16,
ow 311.06 -69.37 170.94,
lb -8.92 -0.51 -3.57,
lk 0.19 -0.03 -0.18,
ow 311.06 -69.31 170.88,
lb -8.88 -0.49 -3.62,
lk 0.28 0.05 -0.20,
ow 311.13 -69.31 170.81,
lb -8.79 -0.45 -3.61,
lk 0.38 0.10 -0.19,
ow 311.19 -69.31 170.81,
lb -8.73 -0.39 -3.58,
lk 0.43 0.15 -0.16,
ow 311.19 -69.25 170.75,
lb -8.71 -0.20 -3.52,
lk 0.43 0.15 -0.16,
ow 312.06 -69.25 170.75,
lb -8.77 -0.08 -3.48,
lk 0.45 0.35 -0.10,
ow 312.13 -69.25 170.75,
lb -8.84 -0.05 -3.48,
lk 0.32 0.49 -0.05,
ow 312.19 -69.25 170.75,
lb -8.90 -0.06 -3.46,
lk 0.27 0.49 -0.04,
ow 312.25 -69.25 170.75,
lb -8.95 -0.17 -3.62,
lk 0.21 0.38 -0.20,
ow 312.25 -69.31 170.75,
lb -8.93 -0.19 -3.64,
lk 0.21 0.38 -0.20,
ow 313.25 -69.31 170.75,
lb -8.84 -0.22 -3.61,
lk 0.24 0.36 -0.22,
ow 313.31 -69.25 170.81,
lb -8.82 -0.24 -3.62,
lk 0.34 0.30 -0.19,
ow 313.31 -69.25 170.94,
lb -8.86 -0.24 -3.58,
lk 0.30 0.29 -0.15,
ow 313.38 -69.25 171.00,
lb -8.87 -0.33 -3.55,
lk 0.29 0.20 -0.12,
ow 313.38 -69.25 171.00,
lb -8.91 -0.41 -3.50,
lk 0.29 0.20 -0.12,
ow 314.25 -69.25 171.06,
lb -9.08 -0.52 -3.39,
lk 0.25 0.12 -0.07,
ow 314.38 -69.31 171.00,
lb -9.08 -0.57 -3.37,
lk 0.08 -0.04 0.03,
ow 314.50 -69.31 171.00,
lb -9.08 -0.59 -3.32,
lk 0.09 -0.05 0.08,
ow 314.63 -69.37 170.94,
lb -9.14 -0.55 -3.24,
lk 0.03 0.00 0.15,
ow 314.75 -69.37 170.94,
lb -9.37 -0.39 -3.22,
lk 0.03 0.00 0.15,
ow 315.69 -69.37 170.88,
lb -9.39 -0.22 -3.31,
lk -0.19 0.15 0.17,
ow 315.81 -69.44 170.81,
lb -9.34 -0.08 -3.48,
lk -0.15 0.46 -0.09,
ow 315.88 -69.44 170.81,
lb -9.20 -0.02 -3.58,
lk -0.02 0.51 -0.19,
ow 315.94 -69.50 170.81,
lb -8.93 -0.14 -3.65,
lk 0.25 0.39 -0.27,
ow 316.00 -69.56 170.81,
lb -8.84 -0.20 -3.65,
lk 0.25 0.39 -0.27,
ow 316.69 -69.62 170.88,
lb -8.82 -0.21 -3.62,
lk 0.34 0.33 -0.28,
ow 316.75 -69.62 170.88,
lb -8.86 -0.10 -3.40,
lk 0.33 0.42 -0.05,
ow 316.88 -69.69 170.94,
lb -8.89 -0.01 -3.29,
lk 0.31 0.51 0.04,
ow 317.00 -69.75 170.94,
lb -8.89 0.05 -3.21,
lk 0.31 0.58 0.11,
ow 317.13 -69.81 171.00,
lb -8.83 0.11 -3.16,
lk 0.31 0.58 0.11,
ow 317.94 -69.87 171.00,
lb -8.79 0.16 -3.19,
lk 0.37 0.63 0.16,
ow 318.06 -69.87 171.06,
lb -8.82 0.19 -3.28,
lk 0.38 0.71 0.04,
ow 318.13 -69.87 171.06,
lb -8.89 0.17 -3.30,
lk 0.31 0.69 0.01,
ow 318.19 -69.94 171.06,
lb -8.92 0.24 -3.31,
lk 0.28 0.75 0.00,
ow 318.13 -69.94 171.38,
lb -9.02 0.31 -3.39,
lk 0.28 0.75 0.00,
ow 318.69 -69.94 171.75,
lb -9.01 0.31 -3.38,
lk 0.19 0.79 -0.07,
ow 318.56 -69.94 172.06,
lb -8.97 0.32 -3.42,
lk 0.24 0.76 -0.10,
ow 318.44 -69.94 172.44,
lb -8.83 0.27 -3.54,
lk 0.37 0.69 -0.21,
ow 318.31 -69.94 172.75,
lb -8.86 0.22 -3.64,
lk 0.34 0.62 -0.30,
ow 318.19 -69.94 173.06,
lb -8.90 0.24 -3.67,
lk 0.34 0.62 -0.30,
ow 318.69 -69.87 173.31,
lb -8.98 0.20 -3.57,
lk 0.30 0.63 -0.33,
ow 318.56 -69.87 173.56,
lb -9.06 0.08 -3.39,
lk 0.14 0.45 -0.04,
ow 318.50 -69.87 173.75,
lb -8.99 0.04 -3.31,
lk 0.21 0.40 0.02,
ow 318.38 -69.94 173.88,
lb -8.95 -0.01 -3.28,
lk 0.25 0.33 0.05,
ow 318.38 -69.94 173.94,
lb -8.90 -0.08 -3.24,
lk 0.25 0.33 0.05,
ow 319.00 -70.00 173.94,
lb -8.96 -0.16 -3.28,
lk 0.30 0.27 0.08,
ow 319.00 -70.00 173.88,
lb -9.00 -0.20 -3.28,
lk 0.21 0.14 0.03,
ow 319.00 -70.00 173.88,
lb -9.02 -0.23 -3.28,
lk 0.19 0.12 0.04,
ow 319.00 -70.00 173.88,
lb -9.02 -0.23 -3.22,
lk 0.19 0.11 0.09,
ow 319.00 -70.06 173.88,
lb -8.99 -0.18 -3.20,
lk 0.19 0.11 0.09,
ow 319.50 -70.06 173.81,
lb -9.05 -0.20 -3.28,
lk 0.22 0.17 0.10,
ow 319.50 -70.06 173.81,
lb -9.05 -0.26 -3.32,
lk 0.16 0.08 0.00,
ow 319.44 -70.12 173.81,
lb -8.94 -0.32 -3.31,
lk 0.27 0.03 0.00,
ow 319.44 -70.12 173.81,
lb -8.86 -0.26 -3.32,
lk 0.35 0.09 -0.01,
ow 319.44 -70.12 173.75,
lb -8.84 -0.23 -3.27,
lk 0.37 0.12 0.03,
ow 320.13 -70.12 173.75,
lb -8.86 -0.21 -3.29,
lk 0.35 0.14 0.00,
ow 320.13 -70.12 173.75,
lb -8.95 -0.15 -3.25,
lk 0.26 0.20 0.05,
ow 320.13 -70.12 173.75,
lb -8.98 -0.16 -3.20,
lk 0.24 0.19 0.09,
ow 320.13 -70.12 173.81,
lb -8.97 -0.17 -3.17,
lk 0.24 0.17 0.13,
ow 320.13 -70.12 173.81,
lb -8.97 -0.21 -3.18,
lk 0.24 0.17 0.13,
ow 320.63 -70.12 173.81,
lb -8.99 -0.28 -3.22,
lk 0.22 0.07 0.08,
ow 320.63 -70.12 173.81,
lb -8.95 -0.28 -3.27,
lk 0.26 0.07 0.03,
ow 320.63 -70.12 173.88,
lb -8.96 -0.25 -3.26,
lk 0.26 0.09 0.04,
ow 320.63 -70.12 173.81,
lb -9.01 -0.11 -3.23,
lk 0.21 0.24 0.07,
ow 320.63 -70.12 173.88,
lb -9.06 -0.09 -3.28,
lk 0.15 0.25 0.03,
ow 321.19 -70.12 173.88,
lb -9.12 -0.05 -3.30,
lk 0.10 0.30 0.00,
ow 321.19 -70.12 173.88,
lb -9.13 -0.07 -3.28,
lk 0.09 0.27 0.03,
ow 321.19 -70.12 173.88,
lb -9.21 -0.22 -3.29,
lk 0.00 0.12 0.01,
ow 321.13 -70.12 173.88,
lb -9.18 -0.31 -3.24,
lk 0.03 0.03 0.06,
ow 321.13 -70.12 173.88,
lb -9.13 -0.36 -3.29,
lk 0.03 0.03 0.06,
ow 321.56 -70.12 173.81,
lb -9.03 -0.40 -3.32,
lk 0.09 -0.01 0.01,
ow 321.56 -70.12 173.75,
lb -9.05 -0.40 -3.16,
lk 0.17 -0.03 0.12,
ow 321.63 -70.19 173.69,
lb -9.14 -0.45 -3.05,
lk 0.08 -0.09 0.23,
ow 321.69 -70.25 173.56,
lb -9.25 -0.46 -2.91,
lk -0.01 -0.09 0.36,
ow 321.69 -70.31 173.50,
lb -9.36 -0.45 -2.79,
lk -0.01 -0.09 0.36,
ow 322.13 -70.31 173.50,
lb -9.42 -0.33 -2.90,
lk -0.12 -0.07 0.48,
ow 322.13 -70.37 173.50,
lb -9.28 -0.38 -2.96,
lk -0.04 -0.01 0.29,
ow 322.06 -70.44 173.50,
lb -9.08 -0.49 -2.94,
lk 0.15 -0.12 0.30,
ow 322.00 -70.44 173.56,
lb -8.78 -0.66 -3.12,
lk 0.46 -0.29 0.11,
ow 321.94 -70.50 173.50,
lb -8.65 -0.71 -3.21,
lk 0.46 -0.29 0.11,
ow 322.56 -70.56 173.50,
lb -8.57 -0.74 -3.26,
lk 0.59 -0.34 0.02,
ow 322.50 -70.56 173.50,
lb -8.50 -0.73 -3.35,
lk 0.73 -0.36 -0.11,
ow 322.50 -70.56 173.50,
lb -8.40 -0.63 -3.33,
lk 0.83 -0.26 -0.08,
ow 322.50 -70.50 173.50,
lb -8.41 -0.56 -3.37,
lk 0.83 -0.19 -0.12,
ow 322.50 -70.50 173.56,
lb -8.41 -0.47 -3.41,
lk 0.83 -0.19 -0.12,
ow 322.94 -70.44 173.63,
lb -8.44 -0.44 -3.52,
lk 0.82 -0.11 -0.15,
ow 322.94 -70.31 173.75,
lb -8.54 -0.35 -3.71,
lk 0.68 0.00 -0.41,
ow 322.88 -70.19 173.88,
lb -8.71 -0.30 -3.83,
lk 0.50 0.03 -0.51,
ow 322.81 -70.12 174.13,
lb -8.86 -0.29 -3.89,
lk 0.35 0.03 -0.56,
ow 322.75 -70.00 174.31,
lb -8.99 -0.22 -3.99,
lk 0.35 0.03 -0.56,
ow 323.13 -70.00 174.50,
lb -9.60 0.06 -3.93,
lk 0.21 0.09 -0.65,
ow 323.13 -69.94 174.69,
lb -9.67 0.20 -3.89,
lk -0.46 0.50 -0.55,
ow 323.19 -69.94 174.75,
lb -9.66 0.31 -3.79,
lk -0.44 0.61 -0.46,
ow 323.25 -70.00 174.81,
lb -9.65 0.31 -3.57,
lk -0.43 0.61 -0.25,
ow 323.31 -70.06 174.88,
lb -9.59 0.29 -3.43,
lk -0.43 0.61 -0.25,
ow 323.69 -70.12 174.88,
lb -9.45 0.20 -3.28,
lk -0.37 0.58 -0.11,
ow 323.69 -70.19 174.94,
lb -9.37 0.16 -3.09,
lk -0.14 0.45 0.20,
ow 323.75 -70.31 174.94,
lb -9.31 0.10 -3.03,
lk -0.07 0.39 0.24,
ow 323.69 -70.37 175.00,
lb -9.12 0.02 -3.02,
lk 0.11 0.30 0.24,
ow 323.63 -70.37 175.06,
lb -8.90 -0.16 -3.13,
lk 0.11 0.30 0.24,
ow 323.88 -70.44 175.13,
lb -8.87 -0.46 -3.30,
lk 0.33 0.11 0.13,
ow 323.81 -70.44 175.19,
lb -8.98 -0.75 -3.82,
lk 0.25 -0.48 -0.55,
ow 323.81 -70.44 175.25,
lb -9.00 -0.80 -3.97,
lk 0.23 -0.53 -0.69,
ow 323.81 -70.37 175.25,
lb -9.06 -0.81 -3.93,
lk 0.16 -0.54 -0.65,
ow 323.81 -70.37 175.25,
lb -9.16 -0.73 -3.61,
lk 0.16 -0.54 -0.65,
ow 324.19 -70.37 175.31,
lb -9.15 -0.73 -3.46,
lk 0.07 -0.46 -0.34,
ow 324.25 -70.44 175.31,
lb -9.17 -0.71 -3.33,
lk 0.06 -0.45 -0.07,
ow 324.25 -70.44 175.44,
lb -9.07 -0.69 -3.44,
lk 0.17 -0.44 -0.19,
ow 324.25 -70.50 175.56,
lb -9.03 -0.52 -3.28,
lk 0.21 -0.28 -0.03,
ow 324.25 -70.56 175.69,
lb -9.04 -0.38 -3.15,
lk 0.21 -0.28 -0.03,
ow 324.63 -70.56 175.88,
lb -9.20 -0.24 -3.18,
lk 0.20 -0.15 0.08,
ow 324.69 -70.62 176.06,
lb -8.99 -0.38 -3.12,
lk 0.25 -0.17 0.12,
ow 324.69 -70.56 176.19,
lb -9.15 -0.54 -3.51,
lk 0.09 -0.33 -0.25,
ow 324.75 -70.50 176.38,
lb -9.23 -0.56 -3.85,
lk 0.00 -0.36 -0.58,
ow 324.75 -70.44 176.63,
lb -9.29 -0.49 -3.98,
lk 0.00 -0.36 -0.58,
ow 325.19 -70.44 176.75,
lb -9.39 -0.34 -3.81,
lk -0.05 -0.31 -0.70,
ow 325.31 -70.37 176.94,
lb -9.48 0.24 -3.21,
lk -0.24 0.40 0.06,
ow 325.44 -70.44 177.06,
lb -9.54 0.47 -2.91,
lk -0.30 0.63 0.36,
ow 325.50 -70.44 177.19,
lb -9.51 0.57 -2.77,
lk -0.27 0.73 0.49,
ow 325.56 -70.50 177.31,
lb -9.29 0.55 -2.73,
lk -0.27 0.73 0.49,
ow 325.94 -70.50 177.31,
lb -9.21 0.56 -2.77,
lk -0.04 0.70 0.53,
ow 325.94 -70.56 177.38,
lb -9.19 0.60 -2.81,
lk 0.05 0.75 0.43,
ow 325.94 -70.62 177.31,
lb -9.17 0.68 -2.85,
lk 0.07 0.83 0.38,
ow 325.88 -70.62 177.31,
lb -9.29 0.88 -3.04,
lk -0.03 1.03 0.18,
ow 325.88 -70.69 177.31,
lb -9.35 0.89 -3.15,
lk -0.03 1.03 0.18,
ow 326.19 -70.75 177.25,
lb -9.39 0.79 -3.37,
lk -0.09 1.04 0.07,
ow 326.13 -70.81 177.25,
lb -9.26 0.60 -3.54,
lk 0.00 0.75 -0.34,
ow 326.06 -70.87 177.25,
lb -8.87 0.28 -3.67,
lk 0.39 0.43 -0.49,
ow 326.00 -71.00 177.25,
lb -8.64 0.20 -3.51,
lk 0.62 0.35 -0.34,
ow 325.94 -71.06 177.25,
lb -8.49 0.16 -3.39,
lk 0.62 0.35 -0.34,
ow 326.31 -71.12 177.25,
lb -8.50 0.01 -3.22,
lk 0.78 0.31 -0.22,
ow 326.31 -71.12 177.25,
lb -8.78 -0.13 -3.20,
lk 0.50 0.01 -0.05,
ow 326.31 -71.19 177.25,
lb -9.11 -0.31 -3.28,
lk 0.16 -0.16 -0.13,
ow 326.31 -71.19 177.19,
lb -9.38 -0.40 -3.38,
lk -0.10 -0.25 -0.23,
ow 326.25 -71.25 177.19,
lb -9.56 -0.39 -3.51,
lk -0.10 -0.25 -0.23,
ow 326.50 -71.25 177.25,
lb -9.38 -0.34 -3.45,
lk -0.27 -0.24 -0.37,
ow 326.44 -71.31 177.25,
lb -9.18 -0.25 -3.39,
lk 0.10 -0.11 -0.26,
ow 326.38 -71.31 177.31,
lb -9.01 -0.17 -3.34,
lk 0.27 -0.02 -0.20,
ow 326.25 -71.31 177.31,
lb -8.72 -0.23 -3.56,
lk 0.56 -0.08 -0.42,
ow 326.19 -71.25 177.38,
lb -8.66 -0.41 -3.73,
lk 0.56 -0.08 -0.42,
ow 326.25 -71.25 177.38,
lb -8.70 -0.49 -3.90,
lk 0.62 -0.27 -0.58,
ow 326.13 -71.19 177.44,
lb -8.80 -0.56 -4.06,
lk 0.47 -0.42 -0.89,
ow 326.00 -71.06 177.50,
lb -8.93 -0.69 -4.25,
lk 0.33 -0.56 -1.07,
ow 325.88 -71.00 177.50,
lb -9.07 -0.66 -4.25,
lk 0.18 -0.52 -1.05,
ow 325.81 -70.87 177.56,
lb -9.30 -0.55 -4.19,
lk 0.18 -0.52 -1.05,
ow 325.94 -70.75 177.56,
lb -9.73 -0.15 -3.69,
lk -0.04 -0.41 -0.97,
ow 325.94 -70.69 177.56,
lb -10.00 0.03 -3.40,
lk -0.74 0.17 -0.16,
ow 326.00 -70.69 177.63,
lb -10.25 0.23 -3.04,
lk -0.99 0.36 0.18,
ow 326.00 -70.69 177.69,
lb -10.52 0.44 -2.78,
lk -1.27 0.57 0.44,
ow 326.06 -70.75 177.69,
lb -10.69 0.62 -2.45,
lk -1.27 0.57 0.44,
ow 326.25 -70.81 177.63,
lb -10.57 0.70 -2.29,
lk -1.43 0.75 0.75,
ow 326.25 -70.87 177.44,
lb -10.31 0.72 -2.23,
lk -1.04 0.87 0.94,
ow 326.31 -71.00 177.19,
lb -9.98 0.78 -2.20,
lk -0.70 0.94 0.95,
ow 326.31 -71.12 176.94,
lb -9.32 0.66 -2.41,
lk -0.03 0.84 0.72,
ow 326.25 -71.25 176.63,
lb -8.92 0.69 -2.48,
lk -0.03 0.84 0.72,
ow 326.50 -71.37 176.38,
lb -8.63 0.63 -2.64,
lk 0.37 0.88 0.63,
ow 326.38 -71.50 176.25,
lb -8.35 0.48 -2.70,
lk 0.95 0.69 0.37,
ow 326.31 -71.62 176.19,
lb -8.21 0.27 -2.65,
lk 1.09 0.47 0.40,
ow 326.13 -71.75 176.25,
lb -8.20 0.04 -2.64,
lk 1.11 0.24 0.40,
ow 326.00 -71.81 176.31,
lb -8.39 -0.07 -2.80,
lk 1.11 0.24 0.40,
ow 326.06 -71.81 176.50,
lb -8.61 -0.26 -3.09,
lk 0.91 0.11 0.24,
ow 325.88 -71.75 176.75,
lb -8.66 -0.42 -3.17,
lk 0.64 -0.26 -0.10,
ow 325.69 -71.69 177.00,
lb -8.68 -0.43 -3.23,
lk 0.62 -0.28 -0.15,
ow 325.56 -71.62 177.25,
lb -8.81 -0.43 -3.35,
lk 0.49 -0.30 -0.26,
ow 325.44 -71.56 177.50,
lb -9.03 -0.49 -3.70,
lk 0.49 -0.30 -0.26,
ow 325.44 -71.50 177.75,
lb -9.06 -0.51 -3.88,
lk 0.26 -0.37 -0.60,
ow 325.38 -71.50 177.94,
lb -9.16 -0.57 -4.06,
lk 0.12 -0.46 -0.94,
ow 325.38 -71.44 178.13,
lb -9.27 -0.62 -4.16,
lk 0.02 -0.52 -1.04,
ow 325.31 -71.37 178.25,
lb -9.33 -0.31 -4.24,
lk -0.03 -0.22 -1.11,
ow 325.38 -71.37 178.31,
lb -9.39 -0.08 -4.11,
lk -0.03 -0.22 -1.11,
ow 325.50 -71.31 178.31,
lb -9.41 0.23 -3.91,
lk -0.10 0.00 -0.98,
ow 325.63 -71.31 178.31,
lb -9.28 0.61 -3.54,
lk 0.00 0.70 -0.40,
ow 325.75 -71.31 178.25,
lb -9.21 0.77 -3.38,
lk 0.07 0.87 -0.24,
ow 325.88 -71.31 178.19,
lb -9.15 0.86 -3.22,
lk 0.13 0.96 -0.08,
ow 325.94 -71.31 178.06,
lb -9.07 0.91 -3.09,
lk 0.13 0.96 -0.08,
ow 326.25 -71.31 177.94,
lb -8.89 0.91 -2.98,
lk 0.21 1.03 0.04,
ow 326.31 -71.31 177.75,
lb -8.79 0.89 -3.05,
lk 0.49 1.02 0.08,
ow 326.31 -71.31 177.63,
lb -8.76 0.87 -3.12,
lk 0.52 1.00 0.01,
ow 326.31 -71.25 177.56,
lb -8.80 0.96 -3.27,
lk 0.47 1.10 -0.11,
ow 326.31 -71.19 177.44,
lb -8.95 0.99 -3.69,
lk 0.47 1.10 -0.11,
ow 326.69 -71.06 177.31,
lb -8.95 0.99 -3.85,
lk 0.32 1.14 -0.51,
ow 326.63 -70.87 177.25,
lb -8.92 0.93 -4.03,
lk 0.33 1.08 -0.80,
ow 326.56 -70.69 177.25,
lb -8.79 0.65 -4.05,
lk 0.45 0.80 -0.79,
ow 326.50 -70.50 177.25,
lb -8.64 0.47 -4.09,
lk 0.58 0.62 -0.79,
ow 326.38 -70.31 177.31,
lb -8.48 0.35 -4.05,
lk 0.58 0.62 -0.79,
ow 326.50 -70.12 177.31,
lb -8.39 0.33 -4.05,
lk 0.74 0.51 -0.73,
ow 326.38 -69.94 177.38,
lb -8.37 0.45 -4.11,
lk 0.82 0.61 -0.73,
ow 326.31 -69.75 177.31,
lb -8.46 0.51 -4.11,
lk 0.72 0.67 -0.69,
ow 326.19 -69.50 177.31,
lb -8.62 0.58 -4.09,
lk 0.54 0.75 -0.61,
ow 326.06 -69.19 177.25,
lb -8.81 0.58 -4.05,
lk 0.54 0.75 -0.61,
ow 326.19 -68.94 177.19,
lb -9.11 0.75 -4.12,
lk 0.34 0.75 -0.53,
ow 325.94 -68.62 177.19,
lb -9.13 0.94 -4.32,
lk -0.01 1.11 -0.71,
ow 325.69 -68.31 177.19,
lb -9.01 1.09 -4.45,
lk 0.08 1.26 -0.79,
ow 325.31 -68.06 177.25,
lb -9.01 1.39 -4.62,
lk 0.06 1.55 -0.92,
ow 324.88 -67.81 177.44,
lb -9.02 1.76 -5.18,
lk 0.06 1.55 -0.92,
ow 324.50 -67.44 177.75,
lb -9.17 2.03 -5.34,
lk 0.03 1.91 -1.43,
ow 324.06 -67.06 178.06,
lb -9.29 2.08 -5.58,
lk -0.28 2.18 -1.71,
ow 323.63 -66.69 178.50,
lb -9.75 1.23 -4.82,
lk -0.76 1.29 -0.90,
ow 323.06 -66.37 179.00,
lb -10.17 0.73 -4.22,
lk -1.20 0.77 -0.26,
ow 322.56 -66.19 179.50,
lb -10.43 0.41 -3.72,
lk -1.20 0.77 -0.26,
ow 322.13 -66.06 179.88,
lb -10.47 0.19 -3.20,
lk -1.46 0.41 0.24,
ow 321.81 -66.06 -179.75,
lb -9.76 0.04 -2.99,
lk -0.79 0.01 0.97,
ow 321.50 -66.12 -179.56,
lb -9.40 -0.06 -3.11,
lk -0.42 -0.10 0.83,
ow 321.19 -66.19 -179.38,
lb -9.02 -0.16 -3.38,
lk -0.04 -0.21 0.54,
ow 320.81 -66.31 -179.25,
lb -8.60 -0.25 -3.72,
lk -0.04 -0.21 0.54,
ow 320.38 -66.50 -179.06,
lb -7.92 -0.23 -4.51,
lk 0.38 -0.31 0.18,
ow 319.88 -66.62 -178.94,
lb -7.55 -0.03 -4.91,
lk 1.46 -0.11 -1.05,
ow 319.44 -66.75 -178.88,
lb -7.31 0.12 -5.23,
lk 1.70 0.05 -1.38,
ow 319.06 -66.87 -178.81,
lb -7.11 0.60 -5.38,
lk 1.91 0.52 -1.55,
ow 318.69 -67.00 -178.81,
lb -7.19 0.73 -5.25,
lk 1.91 0.52 -1.55,
ow 318.50 -67.06 -178.81,
lb -7.31 0.89 -5.10,
lk 1.83 0.65 -1.44,
ow 318.38 -67.19 -178.81,
lb -7.45 1.09 -4.98,
lk 1.59 1.01 -1.18,
ow 318.38 -67.19 -178.88,
lb -7.74 1.39 -4.73,
lk 1.30 1.32 -0.94,
ow 318.44 -67.25 -178.94,
lb -7.87 1.57 -4.56,
lk 1.16 1.50 -0.78,
ow 318.50 -67.25 -179.00,
lb -7.97 1.62 -4.47,
lk 1.16 1.50 -0.78,
ow 318.81 -67.25 -179.06,
lb -8.00 1.67 -4.46,
lk 1.07 1.56 -0.69,
ow 318.88 -67.25 -179.06,
lb -7.91 1.88 -4.70,
lk 1.12 1.82 -0.91,
ow 318.88 -67.19 -179.19,
lb -7.79 1.94 -4.90,
lk 1.24 1.89 -1.10,
ow 318.81 -67.12 -179.19,
lb -7.47 2.00 -4.96,
lk 1.55 1.95 -1.15,
ow 318.69 -67.12 -179.25,
lb -7.16 2.08 -4.99,
lk 1.55 1.95 -1.15,
ow 318.69 -67.06 -179.31,
lb -6.92 2.12 -5.15,
lk 1.86 2.04 -1.17,
ow 318.50 -66.94 -179.38,
lb -6.89 2.16 -5.29,
lk 2.12 2.13 -1.43,
ow 318.25 -66.75 -179.50,
lb -6.90 2.14 -5.42,
lk 2.08 2.11 -1.52,
ow 318.06 -66.56 -179.63,
lb -6.87 2.10 -5.44,
lk 2.10 2.08 -1.50,
ow 317.94 -66.31 -179.75,
lb -6.89 2.13 -5.32,
lk 2.10 2.08 -1.50,
ow 317.81 -66.06 -179.94,
lb -6.96 2.15 -5.23,
lk 2.06 2.13 -1.34,
ow 317.75 -65.81 179.81,
lb -6.93 2.07 -5.16,
lk 1.99 2.09 -1.10,
ow 317.69 -65.50 179.69,
lb -7.21 1.87 -4.95,
lk 1.67 1.84 -0.81,
ow 317.00 -65.00 -179.50,
lb -7.42 1.81 -4.90,
lk 1.45 1.79 -0.74,
ow 316.94 -64.81 -179.75,
lb -7.72 2.00 -4.70,
lk 1.45 1.79 -0.74,
ow 316.94 -64.75 179.94,
lb -8.12 2.20 -4.60,
lk 1.14 2.00 -0.52,
ow 316.88 -64.75 179.69,
lb -10.94 0.46 -4.53,
lk -2.07 0.50 -0.35,
ow 316.75 -64.75 179.44,
lb -13.84 -0.17 -4.99,
lk -4.98 -0.13 -0.80,
ow 316.50 -64.69 179.31,
lb -16.39 -1.56 -5.29,
lk -7.54 -1.53 -1.08,
ow 316.13 -64.56 179.63,
lb -15.55 -0.69 -5.00,
lk -7.54 -1.53 -1.08,
ow 315.69 -64.50 -179.63,
lb -12.07 0.56 -3.90,
lk -6.70 -0.71 -0.78,
ow 315.19 -64.56 -178.81,
lb -9.82 1.38 -2.95,
lk -0.96 1.26 1.25,
ow 315.13 -64.56 -178.38,
lb -7.84 1.28 -2.82,
lk 1.00 1.16 1.40,
ow 315.38 -64.44 -178.31,
lb -7.07 -0.62 -5.02,
lk 1.75 -0.73 -0.76,
ow 315.69 -64.19 -178.50,
lb -7.62 -1.20 -5.40,
lk 1.75 -0.73 -0.76,
ow 316.00 -64.06 -178.69,
lb -7.75 -1.52 -4.87,
lk 1.19 -1.29 -1.12,
ow 315.81 -64.12 -178.69,
lb -8.07 -1.55 -4.41,
lk 0.75 -1.66 -0.15,
ow 315.50 -64.19 -178.50,
lb -9.56 -2.38 -1.72,
lk -0.73 -2.50 2.53,
ow 315.38 -64.25 -178.31,
lb -11.13 -3.51 -0.66,
lk -2.30 -3.63 3.58,
ow 315.56 -64.25 -178.44,
lb -12.47 -4.47 -0.33,
lk -2.30 -3.63 3.58,
ow 316.13 -64.25 -178.88,
lb -12.93 -5.28 -0.49,
lk -3.64 -4.55 3.92,
ow 316.75 -64.19 -179.44,
lb -10.40 -3.97 -3.34,
lk -1.58 -3.98 0.93,
ow 317.31 -64.12 -179.88,
lb -8.87 -1.86 -5.49,
lk -0.06 -1.86 -1.18,
ow 317.63 -63.88 179.94,
lb -8.10 -0.17 -7.17,
lk 0.68 -0.17 -2.83,
ow 318.00 -63.69 -179.94,
lb -8.26 0.85 -8.03,
lk 0.68 -0.17 -2.83,
ow 318.81 -63.63 179.94,
lb -8.08 0.67 -6.78,
lk 0.52 0.85 -3.68,
ow 319.63 -63.88 179.88,
lb -7.45 0.46 -5.19,
lk 1.37 0.49 -0.93,
ow 320.56 -64.19 179.63,
lb -6.35 0.12 -4.01,
lk 2.49 0.17 0.18,
ow 321.44 -64.56 179.31,
lb -7.20 -1.58 -3.42,
lk 1.68 -1.52 0.73,
ow 322.19 -64.87 179.06,
lb -8.42 -1.55 -3.23,
lk 1.68 -1.52 0.73,
ow 323.25 -65.19 178.88,
lb -9.44 -1.55 -3.09,
lk 0.47 -1.47 0.87,
ow 324.00 -65.44 178.56,
lb -9.76 -2.18 -3.60,
lk -0.83 -2.06 0.44,
ow 324.81 -65.56 178.19,
lb -9.51 -1.27 -4.54,
lk -0.57 -1.11 -0.50,
ow 325.69 -65.62 177.75,
lb -9.30 -0.45 -5.07,
lk -0.37 -0.27 -1.03,
ow 326.63 -65.62 177.38,
lb -8.86 0.62 -5.21,
lk -0.37 -0.27 -1.03,
ow 327.56 -65.69 177.00,
lb -8.26 2.39 -4.75,
lk 0.07 0.82 -1.18,
ow 328.56 -65.87 176.63,
lb -7.70 2.58 -4.34,
lk 1.25 2.83 -0.38,
ow 329.50 -66.06 176.31,
lb -7.58 2.42 -4.10,
lk 1.39 2.70 -0.16,
ow 330.44 -66.25 175.88,
lb -7.47 2.14 -3.82,
lk 1.51 2.44 0.08,
ow 331.25 -66.44 175.44,
lb -7.62 1.01 -3.82,
lk 1.51 2.44 0.08,
ow 332.06 -66.56 175.13,
lb -8.66 0.60 -3.46,
lk 1.37 1.34 0.06,
ow 332.50 -66.69 174.94,
lb -8.80 -0.04 -3.05,
lk 0.22 0.30 0.76,
ow 332.94 -66.94 174.69,
lb -8.92 -0.36 -3.11,
lk 0.11 0.00 0.67,
ow 333.38 -67.12 174.44,
lb -8.99 -1.19 -3.48,
lk 0.04 -0.80 0.27,
ow 333.94 -67.25 174.13,
lb -9.00 -1.34 -3.70,
lk 0.04 -0.80 0.27,
ow 334.56 -67.37 173.81,
lb -8.90 -1.53 -3.97,
lk 0.05 -0.93 0.03,
ow 335.13 -67.50 173.50,
lb -8.81 -1.66 -4.12,
lk 0.25 -1.22 -0.41,
ow 335.81 -67.62 173.25,
lb -8.90 -1.49 -4.62,
lk 0.16 -1.03 -0.93,
ow 336.50 -67.62 172.94,
lb -9.11 -1.58 -4.69,
lk -0.03 -1.10 -1.00,
ow 337.19 -67.69 172.69,
lb -9.20 -1.62 -4.48,
lk -0.03 -1.10 -1.00,
ow 338.00 -67.75 172.31,
lb -8.87 -1.63 -4.09,
lk -0.13 -1.13 -0.80,
ow 338.81 -67.81 172.00,
lb -9.09 -1.13 -4.09,
lk 0.00 -0.60 -0.44,
ow 339.50 -67.87 171.63,
lb -9.31 -1.12 -3.93,
lk -0.21 -0.56 -0.31,
ow 340.13 -68.00 171.31,
lb -9.33 -1.02 -3.91,
lk -0.22 -0.45 -0.32,
ow 340.75 -68.19 170.94,
lb -9.35 -0.95 -4.45,
lk -0.22 -0.45 -0.32,
ow 341.44 -68.37 170.63,
lb -9.41 -0.82 -4.74,
lk -0.23 -0.36 -0.89,
ow 342.06 -68.62 170.19,
lb -9.34 -0.89 -4.93,
lk -0.19 -0.26 -1.47,
ow 342.69 -68.94 169.75,
lb -9.20 -0.92 -4.89,
lk -0.03 -0.28 -1.48,
ow 343.31 -69.31 169.38,
lb -9.18 -0.82 -4.94,
lk 0.01 -0.17 -1.60,
ow 343.94 -69.69 168.94,
lb -9.16 -0.79 -4.82,
lk 0.01 -0.17 -1.60,
ow 344.75 -70.06 168.63,
lb -9.15 -0.88 -4.61,
lk 0.05 -0.13 -1.55,
ow 345.31 -70.50 168.31,
lb -8.96 -1.08 -4.11,
lk 0.30 -0.41 -0.98,
ow 345.81 -70.94 168.00,
lb -8.59 -1.31 -4.05,
lk 0.69 -0.64 -0.99,
ow 346.31 -71.37 167.69,
lb -8.49 -1.36 -4.14,
lk 0.82 -0.69 -1.15,
ow 346.75 -71.75 167.44,
lb -8.15 -1.26 -4.37,
lk 0.82 -0.69 -1.15,
ow 347.25 -72.19 167.25,
lb -8.39 -1.25 -5.00,
lk 1.17 -0.60 -1.44,
ow 347.56 -72.50 167.13,
lb -8.47 -1.13 -5.25,
lk 0.90 -0.49 -2.44,
ow 347.88 -72.81 167.13,
lb -8.49 -1.07 -5.29,
lk 0.88 -0.44 -2.51,
ow 348.25 -73.12 167.25,
lb -8.36 -0.90 -5.20,
lk 1.03 -0.29 -2.47,
ow 348.56 -73.37 167.44,
lb -8.20 -0.42 -4.89,
lk 1.03 -0.29 -2.47,
ow 349.13 -73.69 167.75,
lb -8.25 -0.24 -4.92,
lk 1.20 0.15 -2.20,
ow 349.38 -74.06 168.19,
lb -8.41 -0.04 -4.83,
lk 1.02 0.47 -2.25,
ow 349.56 -74.44 168.69,
lb -8.55 0.53 -4.12,
lk 0.90 1.01 -1.59,
ow 349.63 -74.75 169.25,
lb -8.75 1.45 -3.25,
lk 0.72 1.89 -0.77,
ow 349.69 -75.12 169.81,
lb -9.27 1.49 -3.35,
lk 0.72 1.89 -0.77,
ow 349.56 -75.37 170.25,
lb -9.72 1.15 -3.75,
lk 0.21 1.91 -0.91,
ow 349.44 -75.50 170.63,
lb -9.33 -0.01 -4.14,
lk 0.16 0.37 -1.73,
ow 349.31 -75.56 170.75,
lb -8.88 -0.01 -3.85,
lk 0.61 0.37 -1.44,
ow 349.19 -75.56 170.75,
lb -8.28 -0.19 -3.82,
lk 1.20 0.20 -1.40,
ow 349.13 -75.44 170.75,
lb -7.61 -0.49 -4.08,
lk 1.20 0.20 -1.40,
ow 349.19 -75.31 170.88,
lb -6.16 -0.50 -3.71,
lk 1.86 -0.10 -1.62,
ow 349.00 -75.06 171.06,
lb -5.67 -0.43 -3.27,
lk 3.79 -0.06 -0.73,
ow 348.75 -74.81 171.56,
lb -5.56 -0.20 -2.86,
lk 3.88 0.14 -0.27,
ow 348.31 -74.50 172.31,
lb -5.61 -0.03 -2.57,
lk 3.82 0.27 0.07,
ow 347.69 -74.19 173.38,
lb -6.53 0.15 -2.57,
lk 3.82 0.27 0.07,
ow 346.88 -73.87 174.56,
lb -7.29 0.20 -2.41,
lk 2.88 0.40 0.13,
ow 346.13 -73.50 175.81,
lb -8.04 -0.21 -2.27,
lk 1.33 -0.05 0.56,
ow 345.31 -73.06 176.94,
lb -9.99 -0.18 -1.60,
lk -0.63 -0.06 1.32,
ow 344.63 -72.56 177.56,
lb -9.99 -0.44 -2.86,
lk -0.68 -0.31 0.20,
ow 344.13 -71.69 177.56,
lb -11.30 0.15 -4.19,
lk -0.68 -0.31 0.20,
ow 343.81 -70.56 177.31,
lb -12.64 -0.29 -4.79,
lk -2.06 0.30 -0.93,
ow 343.69 -69.31 176.81,
lb -12.91 -0.34 -5.48,
lk -3.82 -0.09 -1.82,
ow 343.88 -67.94 176.19,
lb -13.10 0.13 -5.12,
lk -4.10 0.42 -1.24,
ow 344.31 -66.56 175.69,
lb -12.95 1.21 -4.40,
lk -4.05 1.55 -0.31,
ow 344.94 -65.19 175.13,
lb -12.88 2.16 -3.79,
lk -4.05 1.55 -0.31,
ow 345.44 -63.94 174.69,
lb -14.16 3.59 -3.74,
lk -4.07 2.56 0.48,
ow 345.69 -63.00 174.63,
lb -12.24 3.27 -2.63,
lk -3.53 3.67 1.85,
ow 345.13 -62.56 174.94,
lb -11.08 2.95 -3.06,
lk -2.38 3.30 1.45,
ow 344.19 -62.50 175.50,
lb -10.34 2.77 -3.51,
lk -1.64 3.08 1.01,
ow 343.00 -62.44 176.13,
lb -8.66 1.52 -3.86,
lk -1.64 3.08 1.01,
ow 341.69 -62.44 176.75,
lb -7.99 0.74 -4.17,
lk 0.03 1.77 0.65,
ow 340.44 -62.50 177.38,
lb -7.26 0.35 -4.22,
lk 1.43 0.51 0.29,
ow 339.25 -62.50 178.00,
lb -6.23 -0.54 -3.57,
lk 2.46 -0.43 0.94,
ow 338.19 -62.50 178.56,
lb -6.18 -0.68 -3.52,
lk 2.49 -0.60 1.03,
ow 337.31 -62.31 179.06,
lb -6.50 -0.79 -3.65,
lk 2.49 -0.60 1.03,
ow 336.56 -61.94 179.44,
lb -7.01 -0.72 -3.84,
lk 2.15 -0.74 0.95,
ow 335.94 -61.56 179.75,
lb -7.98 -0.49 -4.08,
lk 0.60 -0.50 0.63,
ow 335.25 -61.19 -179.81,
lb -8.51 -0.37 -4.08,
lk 0.06 -0.42 0.67,
ow 334.44 -61.00 -179.44,
lb -9.22 -0.36 -4.09,
lk -0.65 -0.45 0.67,
ow 333.50 -60.88 -179.00,
lb -9.60 -0.04 -3.97,
lk -0.65 -0.45 0.67,
ow 332.50 -60.88 -178.56,
lb -10.35 0.19 -3.82,
lk -1.03 -0.16 0.79,
ow 331.56 -60.88 -178.19,
lb -10.41 0.28 -3.74,
lk -1.83 0.11 1.00,
ow 330.69 -61.00 -177.94,
lb -10.06 0.20 -3.59,
lk -1.47 0.02 1.13,
ow 329.88 -61.13 -177.75,
lb -9.33 0.18 -3.78,
lk -0.74 0.00 0.93,
ow 329.19 -61.19 -177.75,
lb -8.92 0.12 -4.00,
lk -0.74 0.00 0.93,
ow 328.63 -61.25 -177.81,
lb -8.53 0.04 -4.06,
lk -0.32 -0.04 0.69,
ow 328.13 -61.31 -178.06,
lb -8.19 -0.01 -4.14,
lk 0.41 -0.15 0.53,
ow 327.81 -61.44 -178.38,
lb -7.55 0.01 -4.58,
lk 1.07 -0.08 0.07,
ow 327.56 -61.56 -178.75,
lb -7.38 0.11 -4.71,
lk 1.24 0.06 -0.07,
ow 327.44 -61.69 -179.25,
lb -7.21 0.32 -4.78,
lk 1.24 0.06 -0.07,
ow 327.44 -61.88 -179.81,
lb -7.27 0.51 -4.90,
lk 1.43 0.31 -0.15,
ow 327.56 -62.00 179.44,
lb -7.59 1.04 -5.07,
lk 1.07 1.14 -0.49,
ow 327.81 -62.13 178.75,
lb -7.63 1.21 -5.23,
lk 1.05 1.36 -0.67,
ow 328.13 -62.25 178.06,
lb -7.58 1.32 -5.24,
lk 1.11 1.52 -0.71,
ow 328.44 -62.44 177.44,
lb -7.57 1.38 -5.30,
lk 1.11 1.52 -0.71,
ow 328.75 -62.63 176.88,
lb -7.48 1.64 -5.80,
lk 1.13 1.62 -0.80,
ow 329.00 -62.75 176.31,
lb -7.41 1.85 -6.19,
lk 1.31 2.17 -1.73,
ow 329.13 -62.88 175.88,
lb -7.27 2.00 -6.42,
lk 1.46 2.35 -1.97,
ow 329.19 -62.94 175.50,
lb -7.13 1.76 -6.21,
lk 1.60 2.13 -1.77,
ow 329.06 -62.94 175.25,
lb -7.33 1.71 -6.23,
lk 1.60 2.13 -1.77,
ow 328.81 -62.88 175.06,
lb -7.61 1.67 -6.23,
lk 1.39 2.09 -1.78,
ow 328.50 -62.81 175.00,
lb -7.67 1.54 -6.41,
lk 1.03 1.93 -1.93,
ow 328.06 -62.69 175.00,
lb -7.65 1.34 -5.91,
lk 1.05 1.73 -1.42,
ow 327.63 -62.63 175.06,
lb -7.68 1.54 -5.77,
lk 1.02 1.92 -1.28,
ow 327.19 -62.63 175.13,
lb -7.99 1.13 -5.08,
lk 1.02 1.92 -1.28,
ow 326.63 -62.75 175.19,
lb -9.65 1.17 -4.49,
lk 0.72 1.50 -0.61,
ow 326.00 -62.94 175.31,
lb -11.86 0.18 -3.95,
lk -3.11 0.53 0.47,
ow 325.44 -63.00 175.44,
lb -13.04 -0.77 -4.31,
lk -4.30 -0.44 0.11,
ow 324.69 -63.00 175.75,
lb -13.54 -2.91 -3.59,
lk -4.81 -2.63 0.86,
ow 323.69 -62.88 176.44,
lb -13.32 -1.82 -4.03,
lk -4.81 -2.63 0.86,
ow 322.50 -62.63 177.31,
lb -12.29 -1.52 -3.44,
lk -4.61 -1.61 0.45,
ow 321.56 -62.44 178.31,
lb -10.50 -0.93 -2.05,
lk -1.81 -0.87 2.50,
ow 320.94 -62.31 179.13,
lb -8.23 -0.55 -1.66,
lk 0.44 -0.51 2.89,
ow 320.69 -62.19 179.56,
lb -5.99 -2.12 -3.03,
lk 2.67 -2.10 1.54,
ow 320.50 -62.19 179.81,
lb -5.20 -2.70 -3.32,
lk 2.67 -2.10 1.54,
ow 320.13 -62.19 179.94,
lb -5.14 -2.63 -3.25,
lk 3.47 -2.69 1.23,
ow 319.63 -62.38 -179.75,
lb -5.86 -2.83 -2.87,
lk 2.84 -2.87 1.64,
ow 319.06 -62.56 -179.50,
lb -10.08 -2.66 -1.45,
lk -1.36 -2.71 3.03,
ow 318.50 -62.75 -179.25,
lb -12.11 -3.16 -1.09,
lk -3.37 -3.24 3.34,
ow 317.88 -63.00 -178.94,
lb -13.81 -4.89 -1.39,
lk -3.37 -3.24 3.34,
ow 317.31 -63.25 -178.69,
lb -14.70 -6.55 -2.39,
lk -5.06 -4.99 3.01,
ow 317.19 -63.19 -178.75,
lb -11.37 -2.64 -7.75,
lk -2.63 -2.72 -3.29,
ow 317.38 -62.88 -178.94,
lb -10.72 0.50 -9.14,
lk -2.01 0.42 -4.62,
ow 317.81 -62.50 -178.94,
lb -10.09 1.94 -8.60,
lk -1.39 1.85 -4.07,
ow 318.50 -62.44 -178.88,
lb -8.70 1.11 -6.43,
lk -1.39 1.85 -4.07,
ow 319.56 -62.63 -179.06,
lb -8.22 0.42 -6.62,
lk 0.01 1.04 -1.93,
ow 320.63 -63.00 -179.44,
lb -7.38 -0.16 -5.91,
lk 1.38 -0.17 -1.52,
ow 321.63 -63.38 -179.94,
lb -6.31 -0.87 -2.74,
lk 2.50 -0.82 1.56,
ow 322.63 -63.94 179.38,
lb -6.74 -2.76 -2.34,
lk 2.11 -2.66 1.86,
ow 323.75 -64.50 178.63,
lb -7.94 -3.14 -2.52,
lk 2.11 -2.66 1.86,
ow 325.06 -64.94 177.94,
lb -9.06 -2.92 -3.24,
lk 0.94 -2.99 1.62,
ow 326.06 -65.12 177.31,
lb -9.32 -2.88 -3.49,
lk -0.41 -2.66 0.58,
ow 326.88 -65.31 176.88,
lb -9.29 -1.52 -3.85,
lk -0.36 -1.28 0.18,
ow 327.69 -65.56 176.50,
lb -9.04 -0.32 -3.96,
lk -0.09 -0.06 0.02,
ow 328.44 -65.94 176.31,
lb -8.33 0.58 -4.16,
lk -0.09 -0.06 0.02,
ow 329.31 -66.37 176.13,
lb -7.84 1.70 -3.99,
lk 0.65 0.85 -0.25,
ow 330.13 -67.00 176.00,
lb -7.79 0.80 -3.17,
lk 1.28 1.06 0.54,
ow 330.75 -67.62 176.06,
lb -8.03 0.47 -3.24,
lk 1.07 0.74 0.37,
ow 331.44 -68.25 175.81,
lb -8.34 0.04 -3.74,
lk 0.79 0.32 -0.19,
ow 332.13 -68.62 175.44,
lb -9.20 -0.84 -4.51,
lk 0.79 0.32 -0.19,
ow 333.00 -68.94 174.94,
lb -9.44 -1.03 -4.45,
lk -0.05 -0.53 -1.00,
ow 333.81 -69.19 174.44,
lb -9.69 -1.09 -4.22,
lk -0.50 -0.73 -0.81,
ow 334.56 -69.50 174.00,
lb -9.74 -1.02 -4.08,
lk -0.53 -0.64 -0.73,
ow 335.38 -69.87 173.50,
lb -9.30 -0.54 -4.21,
lk -0.07 -0.14 -0.92,
ow 336.06 -70.25 173.06,
lb -9.04 -0.18 -4.26,
lk -0.07 -0.14 -0.92,
ow 337.00 -70.56 172.56,
lb -8.82 0.30 -4.42,
lk 0.20 0.23 -1.03,
ow 337.63 -70.87 172.13,
lb -8.67 0.60 -4.68,
lk 0.60 1.06 -1.56,
ow 338.19 -71.19 171.63,
lb -8.25 0.45 -4.78,
lk 1.04 0.94 -1.71,
ow 338.75 -71.50 171.06,
lb -8.04 1.01 -4.53,
lk 1.26 1.52 -1.50,
ow 339.25 -71.75 170.38,
lb -8.45 1.23 -5.00,
lk 1.26 1.52 -1.50,
ow 340.13 -72.06 169.63,
lb -8.14 0.57 -4.59,
lk 0.87 1.77 -2.03,
ow 340.63 -72.37 168.88,
lb -8.13 0.47 -4.22,
lk 1.22 1.07 -1.39,
ow 341.00 -72.81 168.06,
lb -8.25 0.24 -4.23,
lk 1.13 0.87 -1.48,
ow 341.38 -73.19 167.13,
lb -8.22 -0.05 -4.31,
lk 1.18 0.59 -1.62,
ow 341.63 -73.62 166.31,
lb -7.88 0.10 -4.11,
lk 1.18 0.59 -1.62,
ow 342.00 -73.94 165.56,
lb -7.71 0.12 -4.10,
lk 1.54 0.77 -1.50,
ow 342.00 -74.31 164.94,
lb -7.78 0.07 -4.04,
lk 1.67 0.76 -1.53,
ow 341.88 -74.56 164.63,
lb -7.73 -0.20 -4.47,
lk 1.72 0.47 -1.99,
ow 341.63 -74.75 164.63,
lb -8.03 -1.22 -5.29,
lk 1.43 -0.55 -2.83,
ow 341.38 -74.87 164.94,
lb -8.26 -1.38 -4.99,
lk 1.43 -0.55 -2.83,
ow 341.31 -75.00 165.50,
lb -8.39 -1.20 -4.44,
lk 1.20 -0.75 -2.54,
ow 341.00 -75.12 166.38,
lb -8.35 -0.56 -3.65,
lk 1.12 -0.02 -1.20,
ow 340.63 -75.19 167.50,
lb -8.34 -0.60 -3.43,
lk 1.14 -0.12 -0.99,
ow 340.19 -75.25 168.81,
lb -8.64 -0.83 -3.39,
lk 0.83 -0.41 -0.94,
ow 339.63 -75.31 170.25,
lb -9.23 -1.17 -3.42,
lk 0.83 -0.41 -0.94,
ow 339.31 -75.25 171.75,
lb -10.83 -1.75 -2.81,
lk 0.24 -0.81 -0.95,
ow 338.94 -75.19 173.00,
lb -11.05 -1.87 -2.04,
lk -1.58 -1.60 0.48,
ow 338.81 -74.94 173.81,
lb -10.35 -1.49 -1.51,
lk -0.90 -1.22 1.08,
ow 339.13 -74.50 173.94,
lb -9.18 -1.52 -1.23,
lk 0.23 -1.20 1.48,
ow 339.75 -73.75 173.25,
lb -9.53 -0.49 -1.26,
lk 0.23 -1.20 1.48,
ow 340.44 -72.81 172.38,
lb -11.06 0.04 -1.66,
lk -0.16 -0.10 1.60,
ow 340.88 -71.81 171.69,
lb -13.86 0.32 -2.34,
lk -4.59 0.79 0.82,
ow 341.13 -70.87 171.44,
lb -14.55 -0.27 -2.41,
lk -5.31 0.20 0.85,
ow 341.00 -70.31 171.69,
lb -13.28 0.21 -2.48,
lk -4.07 0.67 0.85,
ow 340.75 -69.87 172.13,
lb -12.88 0.99 -2.70,
lk -4.07 0.67 0.85,
ow 340.88 -69.44 172.38,
lb -12.14 2.14 -2.72,
lk -3.70 1.44 0.69,
ow 340.88 -69.06 172.56,
lb -11.21 3.69 -4.17,
lk -2.06 4.13 -0.67,
ow 340.75 -68.87 172.69,
lb -10.45 3.97 -5.26,
lk -1.31 4.40 -1.74,
ow 340.44 -68.75 172.94,
lb -8.94 3.27 -5.63,
lk 0.20 3.69 -2.15,
ow 340.06 -69.00 173.00,
lb -7.20 1.78 -6.11,
lk 0.20 3.69 -2.15,
ow 339.75 -69.50 172.88,
lb -5.69 -0.14 -5.49,
lk 1.98 2.20 -2.71,
ow 339.56 -70.37 172.56,
lb -5.43 -0.42 -4.29,
lk 3.86 0.00 -1.20,
ow 339.50 -71.37 172.19,
lb -5.02 -0.61 -3.30,
lk 4.32 -0.20 -0.38,
ow 339.50 -72.50 171.88,
lb -4.58 -0.87 -2.53,
lk 4.82 -0.46 0.22,
ow 339.56 -73.44 171.63,
lb -4.81 -0.97 -1.93,
lk 4.82 -0.46 0.22,
ow 340.00 -74.19 171.50,
lb -5.63 -0.75 -1.43,
lk 4.62 -0.58 0.70,
ow 340.13 -74.62 171.50,
lb -7.13 -0.47 -0.99,
lk 2.32 -0.10 1.53,
ow 340.31 -74.81 171.63,
lb -10.48 -0.25 -0.03,
lk -1.01 0.10 2.47,
ow 340.50 -75.00 171.69,
lb -11.65 -0.14 0.54,
lk -2.16 0.21 3.00,
ow 340.63 -75.25 171.69,
lb -12.58 -0.63 0.66,
lk -2.16 0.21 3.00,
ow 341.06 -75.75 171.50,
lb -12.93 -1.27 0.36,
lk -3.07 -0.28 3.05,
ow 341.00 -76.31 170.88,
lb -12.08 -1.87 -1.26,
lk -2.52 -1.48 0.90,
ow 341.06 -77.00 169.63,
lb -11.49 -1.48 -1.88,
lk -1.90 -1.04 0.15,
ow 341.31 -77.69 167.81,
lb -10.89 -0.63 -1.96,
lk -1.28 -0.14 -0.06,
ow 341.75 -78.44 165.44,
lb -10.40 0.33 -2.04,
lk -1.28 -0.14 -0.06,
ow 342.44 -79.19 162.56,
lb -9.96 1.73 -3.30,
lk -0.77 0.88 -0.28,
ow 342.94 -79.94 159.19,
lb -9.75 1.77 -3.73,
lk -0.07 2.44 -2.28,
ow 343.25 -80.62 155.38,
lb -9.46 1.54 -3.69,
lk 0.22 2.26 -2.40,
ow 343.50 -81.31 150.81,
lb -9.10 1.26 -3.21,
lk 0.60 2.04 -2.10,
ow 343.63 -82.00 145.13,
lb -8.38 0.81 -2.20,
lk 0.60 2.04 -2.10,
ow 344.25 -82.75 138.00,
lb -8.02 0.74 -1.64,
lk 1.34 1.64 -1.28,
ow 344.31 -83.31 174.81,
lb -7.64 0.60 -0.89,
lk 2.10 1.53 -0.38,
ow 344.44 -83.81 174.56,
lb -7.92 0.22 -0.28,
lk 1.82 1.19 0.02,
ow 344.63 -84.00 174.25,
lb -8.22 -0.14 -0.36,
lk 1.53 0.87 -0.24,
ow 344.88 -83.87 173.94,
lb -8.48 -0.29 -0.47,
lk 1.53 0.87 -0.24,
ow 345.56 -83.62 6.31,
lb -8.65 -0.45 -0.56,
lk 1.26 0.78 -0.52,
ow 345.81 -83.19 6.63,
lb -9.04 -0.66 -0.87,
lk 0.67 0.53 -1.28,
ow 346.00 -82.56 71.00,
lb -9.20 -0.94 -1.13,
lk 0.50 0.30 -1.72,
ow 346.19 -81.87 64.69,
lb -9.29 -1.29 -1.39,
lk 0.38 0.01 -2.16,
ow 346.38 -81.00 59.38,
lb -9.38 -1.63 -1.57,
lk 0.38 0.01 -2.16,
ow 346.94 -80.12 54.81,
lb -9.03 -2.13 -1.46,
lk 0.27 -0.26 -2.54,
ow 347.13 -79.06 50.75,
lb -8.59 -2.29 -1.34,
lk 0.99 -0.80 -2.73,
ow 347.31 -77.94 47.13,
lb -8.17 -2.21 -1.38,
lk 1.37 -0.66 -2.98,
ow 347.50 -76.81 44.00,
lb -7.55 -1.44 -1.65,
lk 1.94 0.16 -3.47,
ow 347.75 -75.62 41.44,
lb -7.45 -0.92 -1.80,
lk 1.94 0.16 -3.47,
ow 348.44 -74.44 39.25,
lb -7.45 -0.50 -1.84,
lk 1.99 0.73 -3.83,
ow 348.69 -73.19 37.25,
lb -7.46 -0.13 -1.86,
lk 1.86 1.62 -4.33,
ow 349.00 -71.94 35.50,
lb -7.52 0.26 -1.89,
lk 1.73 2.07 -4.58,
ow 349.31 -70.69 33.88,
lb -7.45 0.34 -1.92,
lk 1.72 2.19 -4.82,
ow 349.63 -69.44 32.44,
lb -7.38 0.48 -1.87,
lk 1.72 2.19 -4.82,
ow 350.31 -68.12 31.12,
lb -7.28 0.53 -1.73,
lk 1.71 2.37 -5.00,
ow 350.69 -66.75 29.87,
lb -6.54 0.40 -1.13,
lk 2.36 2.37 -4.72,
ow 351.06 -65.31 28.69,
lb -5.93 0.55 -0.58,
lk 2.86 2.55 -4.41,
ow 351.44 -63.81 27.62,
lb -5.37 0.73 -0.38,
lk 3.30 2.79 -4.45,
ow 351.88 -62.31 26.75,
lb -4.62 0.77 -0.33,
lk 3.30 2.79 -4.45,
ow 352.81 -60.81 26.06,
lb -3.45 0.64 0.01,
lk 3.93 2.87 -4.62,
ow 353.25 -59.38 25.56,
lb -2.70 0.83 -0.03,
lk 5.62 3.05 -4.72,
ow 353.69 -58.00 25.19,
lb -1.85 0.51 0.24,
lk 6.34 2.78 -4.62,
ow 354.13 -56.69 25.00,
lb -0.39 0.11 0.73,
lk 7.68 2.46 -4.31,
ow 354.44 -55.44 24.94,
lb 0.20 -0.34 0.83,
lk 7.68 2.46 -4.31,
ow 355.19 -54.25 24.94,
lb 0.78 -0.72 0.94,
lk 8.16 2.07 -4.35,
ow 355.38 -53.13 25.00,
lb 1.05 -1.03 0.77,
lk 8.79 1.51 -4.67,
ow 355.50 -52.13 25.06,
lb 0.94 -1.79 -0.27,
lk 8.59 0.81 -5.83,
ow 355.50 -51.19 25.06,
lb 0.28 -2.14 -0.39,
lk 7.83 0.50 -6.05,
ow 355.44 -50.38 25.00,
lb -0.34 -1.43 -0.24,
lk 7.83 0.50 -6.05,
ow 355.56 -49.56 24.87,
lb -1.46 -0.50 -0.64,
lk 7.11 1.24 -6.00,
ow 355.50 -48.75 24.69,
lb -3.94 -0.18 -0.90,
lk 3.34 2.54 -6.87,
ow 355.50 -47.94 24.56,
lb -4.96 0.35 -0.80,
lk 2.20 3.13 -6.88,
ow 355.69 -47.00 24.50,
lb -6.22 0.95 -0.51,
lk 0.79 3.79 -6.74,
ow 355.94 -45.69 24.44,
lb -12.40 -0.16 1.68,
lk 0.79 3.79 -6.74,
ow 356.50 -44.06 24.31,
lb -16.78 2.54 4.81,
lk -5.57 2.73 -4.72,
ow 356.69 -41.94 24.06,
lb -20.25 2.22 7.74,
lk -14.05 5.26 0.78,
ow 356.94 -39.19 23.56,
lb -18.00 2.75 7.87,
lk -12.23 5.89 0.58,
ow 357.31 -36.00 23.31,
lb -21.58 1.27 5.00,
lk -16.27 4.54 -2.57,
ow 357.88 -32.69 23.31,
lb -15.85 -5.90 8.61,
lk -16.27 4.54 -2.57,
ow 358.50 -29.31 23.87,
lb -8.94 -5.09 14.35,
lk -11.04 -2.44 0.79,
ow 359.38 -25.56 24.37,
lb -5.83 -1.95 19.85,
lk -2.23 1.82 11.54,
ow 0.44 -21.50 24.50,
lb 7.70 -6.98 30.72,
lk 10.65 -3.11 22.20,
ow 1.69 -17.44 24.44,
lb 32.77 -9.18 35.53,
lk 35.06 -5.21 26.86,
ow 2.94 -13.50 24.56,
lb 39.03 -11.32 39.15,
lk 35.06 -5.21 26.86,
ow 4.06 -9.56 25.81,
lb 38.91 -20.38 39.12,
lk 40.66 -7.11 30.44,
ow 5.06 -7.50 28.44,
lb 30.48 -30.21 26.63,
lk 31.78 -25.18 18.31,
ow 5.00 -7.63 31.12,
lb 10.14 -20.40 21.22,
lk 11.58 -15.20 13.03,
ow 4.00 -8.44 32.44,
lb -4.57 -25.95 28.97,
lk -3.13 -20.76 20.78,
ow 3.06 -8.44 32.38,
lb -12.77 -14.10 24.32,
lk -3.13 -20.76 20.78,
ow 3.19 -7.69 31.25,
lb -24.88 -12.18 21.10,
lk -11.45 -9.06 16.01,
ow 3.31 -7.50 28.62,
lb -24.74 -8.26 16.18,
lk -23.38 -3.89 7.51,
ow 3.06 -7.94 26.75,
lb -18.57 -7.36 7.95,
lk -17.14 -2.98 -0.70,
ow 2.38 -8.38 26.81,
lb -10.08 -4.50 4.85,
lk -8.64 0.00 -3.73,
ow 2.06 -8.38 27.69,
lb -4.53 -8.40 4.45,
lk -8.64 0.00 -3.73,
ow 2.00 -8.31 27.62,
lb 1.97 -8.27 5.20,
lk -3.11 -3.89 -4.13,
ow 1.88 -8.00 27.12,
lb 6.80 -5.53 7.03,
lk 8.00 -1.16 -1.66,
ow 1.25 -7.00 26.62,
lb 15.56 -1.25 12.75,
lk 16.57 3.01 3.98,
ow 0.56 -5.88 25.94,
lb 17.87 0.27 12.08,
lk 18.72 4.47 3.27,
ow 0.06 -4.94 25.50,
lb 16.65 -0.02 8.52,
lk 18.72 4.47 3.27,
ow 359.88 -5.25 25.75,
lb 8.29 -1.76 1.31,
lk 17.55 4.21 -0.26,
ow 359.63 -5.50 26.00,
lb 5.10 -0.83 0.03,
lk 6.15 3.47 -8.71,
ow 359.38 -6.13 26.19,
lb 1.61 0.28 0.21,
lk 2.75 4.59 -8.51,
ow 359.06 -6.63 26.25,
lb 0.03 -0.35 1.20,
lk 1.23 3.94 -7.52,
ow 358.69 -7.00 26.19,
lb -1.30 -2.29 3.12,
lk 1.23 3.94 -7.52,
ow 358.50 -7.31 25.94,
lb -2.53 -1.62 2.48,
lk -0.05 1.95 -5.62,
ow 358.31 -7.56 25.69,
lb -3.53 -0.78 2.45,
lk -2.15 3.38 -6.31,
ow 358.06 -8.06 25.37,
lb -3.19 0.28 2.22,
lk -1.72 4.41 -6.54,
ow 357.69 -8.56 25.12,
lb -0.36 0.29 0.82,
lk 1.18 4.36 -7.96,
ow 357.38 -9.06 24.87,
lb 0.17 -0.14 1.36,
lk 1.18 4.36 -7.96,
ow 357.06 -9.31 24.56,
lb 0.42 -0.53 1.64,
lk 1.76 3.88 -7.43,
ow 356.69 -9.50 24.25,
lb 0.85 -0.83 2.15,
lk 2.49 3.09 -6.67,
ow 356.38 -9.63 23.94,
lb 0.68 -1.51 3.11,
lk 2.35 2.35 -5.74,
ow 356.13 -9.75 23.62,
lb 0.46 -1.85 3.63,
lk 2.15 1.97 -5.23,
ow 355.88 -9.88 23.31,
lb 0.67 -2.11 4.40,
lk 2.15 1.97 -5.23,
ow 355.63 -10.19 22.87,
lb 1.12 -1.93 6.66,
lk 2.41 1.64 -4.48,
ow 355.38 -10.38 22.44,
lb 0.90 -1.62 7.72,
lk 2.74 1.97 -1.20,
ow 355.00 -10.81 21.94,
lb 0.36 -1.56 8.52,
lk 2.29 1.95 -0.42,
ow 354.63 -11.25 21.37,
lb -0.53 -1.91 9.44,
lk 1.47 1.51 0.48,
ow 354.25 -11.81 20.87,
lb -1.16 -1.27 10.25,
lk 1.47 1.51 0.48,
ow 353.94 -12.38 20.44,
lb -1.99 -1.82 11.05,
lk 0.94 2.07 1.28,
ow 353.63 -13.00 20.06,
lb -2.60 -2.53 11.77,
lk -0.28 0.71 2.81,
ow 353.38 -13.63 19.87,
lb -3.38 -3.04 12.25,
lk -0.96 0.18 3.31,
ow 353.25 -14.25 19.81,
lb -4.53 -3.13 13.15,
lk -2.00 0.08 4.24,
ow 353.13 -14.88 19.81,
lb -5.09 -3.25 13.46,
lk -2.00 0.08 4.24,
ow 353.00 -15.50 19.94,
lb -5.63 -3.81 13.42,
lk -2.47 -0.02 4.58,
ow 352.94 -16.06 20.19,
lb -7.40 -4.26 13.54,
lk -4.61 -0.98 4.73,
ow 352.88 -16.50 20.37,
lb -8.40 -4.18 13.69,
lk -5.57 -0.87 4.91,
ow 352.81 -16.81 20.62,
lb -9.35 -3.81 13.89,
lk -6.49 -0.48 5.12,
ow 352.75 -16.94 20.75,
lb -10.37 -3.70 14.04,
lk -6.49 -0.48 5.12,
ow 352.69 -16.94 20.87,
lb -8.97 -3.76 11.96,
lk -7.51 -0.35 5.28,
ow 352.63 -16.87 21.12,
lb -9.08 -3.32 10.20,
lk -6.23 0.10 1.46,
ow 352.63 -16.87 21.37,
lb -7.98 -3.07 8.78,
lk -5.13 0.39 0.06,
ow 352.56 -16.81 21.69,
lb -6.84 -3.04 7.55,
lk -4.01 0.47 -1.14,
ow 352.56 -16.75 22.00,
lb -5.30 -2.42 6.25,
lk -4.01 0.47 -1.14,
ow 352.56 -16.69 22.25,
lb -5.35 -2.09 7.11,
lk -2.48 1.13 -2.43,
ow 352.56 -16.56 22.44,
lb -4.67 -0.61 6.96,
lk -1.90 2.98 -1.72,
ow 352.50 -16.37 22.44,
lb -3.84 -2.27 7.98,
lk -1.10 1.30 -0.72,
ow 352.50 -16.19 22.31,
lb -4.24 -2.83 7.38,
lk -1.53 0.72 -1.34,
ow 352.44 -16.00 22.19,
lb -3.74 -1.11 6.64,
lk -1.53 0.72 -1.34,
ow 352.50 -15.88 22.19,
lb -3.17 0.03 6.38,
lk -1.05 2.45 -2.08,
ow 352.50 -15.75 22.31,
lb -2.76 -3.31 6.31,
lk -0.12 0.26 -2.42,
ow 352.63 -15.63 22.25,
lb -2.27 -3.14 6.25,
lk 0.35 0.39 -2.50,
ow 352.75 -15.56 22.00,
lb -2.00 -3.42 6.07,
lk 0.62 0.06 -2.69,
ow 352.88 -15.50 21.62,
lb -2.23 -3.80 5.88,
lk 0.62 0.06 -2.69,
ow 353.25 -15.56 21.31,
lb -2.16 -3.78 6.10,
lk 0.40 -0.36 -2.91,
ow 353.31 -15.56 20.94,
lb -2.17 -3.61 6.58,
lk 0.46 -0.28 -2.25,
ow 353.38 -15.63 20.56,
lb -2.07 -3.58 7.20,
lk 0.57 -0.31 -1.65,
ow 353.38 -15.69 20.25,
lb -2.07 -3.48 7.76,
lk 0.59 -0.26 -1.10,
ow 353.44 -15.75 19.94,
lb -1.88 -3.62 8.66,
lk 0.59 -0.26 -1.10,
ow 353.63 -15.81 19.62,
lb -1.77 -3.80 9.21,
lk 0.80 -0.44 -0.22,
ow 353.69 -15.88 19.37,
lb -1.65 -3.80 9.71,
lk 1.04 -0.70 0.81,
ow 353.69 -15.94 19.19,
lb -1.75 -3.79 10.45,
lk 0.95 -0.71 1.54,
ow 353.69 -16.00 19.00,
lb -1.88 -3.67 10.69,
lk 0.82 -0.62 1.77,
ow 353.69 -16.00 18.87,
lb -2.12 -3.56 10.92,
lk 0.82 -0.62 1.77,
ow 353.94 -16.06 18.75,
lb -2.41 -3.38 10.95,
lk 0.59 -0.53 2.00,
ow 353.94 -16.12 18.69,
lb -2.94 -3.12 10.84,
lk -0.19 -0.12 1.92,
ow 354.00 -16.25 18.56,
lb -3.18 -2.98 10.63,
lk -0.42 0.00 1.71,
ow 354.13 -16.31 18.50,
lb -3.30 -2.93 10.41,
lk -0.52 0.04 1.49,
ow 354.19 -16.44 18.44,
lb -3.33 -2.84 10.07,
lk -0.52 0.04 1.49,
ow 354.56 -16.50 18.44,
lb -3.20 -2.84 9.33,
lk -0.54 0.13 1.16,
ow 354.63 -16.50 18.50,
lb -3.04 -2.81 9.02,
lk -0.24 0.19 0.12,
ow 354.63 -16.50 18.62,
lb -2.81 -2.83 8.89,
lk -0.03 0.19 0.00,
ow 354.63 -16.50 18.75,
lb -2.64 -2.86 8.77,
lk 0.13 0.17 -0.12,
ow 354.63 -16.44 18.87,
lb -2.36 -2.85 8.68,
lk 0.13 0.17 -0.12,
ow 354.69 -16.44 18.94,
lb -2.34 -2.78 8.71,
lk 0.41 0.19 -0.21,
ow 354.63 -16.44 18.94,
lb -2.38 -2.68 8.73,
lk 0.39 0.37 -0.15,
ow 354.63 -16.44 18.94,
lb -2.49 -2.60 8.65,
lk 0.29 0.44 -0.23,
ow 354.56 -16.50 18.87,
lb -2.72 -2.57 8.51,
lk 0.06 0.46 -0.37,
ow 354.56 -16.56 18.87,
lb -2.91 -2.52 8.30,
lk 0.06 0.46 -0.37,
ow 354.69 -16.56 18.87,
lb -3.00 -2.55 8.10,
lk -0.11 0.51 -0.59,
ow 354.63 -16.56 18.87,
lb -2.95 -2.54 7.78,
lk -0.15 0.51 -1.10,
ow 354.63 -16.56 18.94,
lb -2.94 -2.54 7.70,
lk -0.15 0.53 -1.18,
ow 354.56 -16.50 19.06,
lb -2.95 -2.61 7.68,
lk -0.18 0.47 -1.19,
ow 354.50 -16.44 19.19,
lb -3.01 -2.67 7.66,
lk -0.18 0.47 -1.19,
ow 354.56 -16.37 19.25,
lb -3.21 -2.66 7.83,
lk -0.24 0.42 -1.21,
ow 354.50 -16.31 19.25,
lb -3.31 -2.60 8.00,
lk -0.56 0.50 -0.87,
ow 354.50 -16.25 19.31,
lb -3.38 -2.58 8.21,
lk -0.64 0.53 -0.67,
ow 354.44 -16.19 19.25,
lb -3.46 -2.56 8.66,
lk -0.73 0.54 -0.23,
ow 354.44 -16.12 19.25,
lb -3.44 -2.52 8.92,
lk -0.73 0.54 -0.23,
ow 354.44 -16.06 19.19,
lb -3.50 -2.56 9.04,
lk -0.72 0.57 0.02,
ow 354.44 -16.00 19.12,
lb -3.46 -2.57 9.19,
lk -0.76 0.51 0.28,
ow 354.38 -15.94 19.06,
lb -3.37 -2.67 9.43,
lk -0.68 0.40 0.51,
ow 354.38 -15.88 19.06,
lb -3.39 -2.76 9.48,
lk -0.71 0.31 0.57,
ow 354.44 -15.88 19.00,
lb -3.35 -2.74 9.50,
lk -0.71 0.31 0.57,
ow 354.63 -15.88 19.00,
lb -3.34 -2.79 9.44,
lk -0.66 0.33 0.59,
ow 354.69 -15.88 19.00,
lb -3.31 -2.85 9.38,
lk -0.62 0.21 0.47,
ow 354.75 -15.88 19.00,
lb -3.30 -2.88 9.33,
lk -0.61 0.18 0.41,
ow 354.75 -15.88 18.94,
lb -3.28 -2.84 9.32,
lk -0.58 0.21 0.40,
ow 354.75 -15.94 18.94,
lb -3.30 -2.79 9.24,
lk -0.58 0.21 0.40,
ow 354.88 -16.00 18.87,
lb -3.23 -2.74 9.09,
lk -0.59 0.25 0.32,
ow 354.94 -16.06 18.87,
lb -3.19 -2.72 8.90,
lk -0.47 0.33 0.00,
ow 354.94 -16.06 18.87,
lb -3.08 -2.70 8.76,
lk -0.37 0.36 -0.14,
ow 354.94 -16.00 18.94,
lb -2.91 -2.66 8.47,
lk -0.20 0.41 -0.43,
ow 354.94 -16.00 19.06,
lb -2.84 -2.61 8.37,
lk -0.20 0.41 -0.43,
ow 355.00 -15.94 19.12,
lb -2.82 -2.54 8.31,
lk -0.14 0.47 -0.52,
ow 355.00 -15.94 19.19,
lb -2.83 -2.49 8.26,
lk -0.13 0.60 -0.63,
ow 355.00 -15.94 19.19,
lb -2.86 -2.47 8.18,
lk -0.16 0.63 -0.71,
ow 355.00 -15.94 19.25,
lb -2.85 -2.50 8.19,
lk -0.15 0.61 -0.70,
ow 355.00 -15.94 19.31,
lb -2.86 -2.53 8.23,
lk -0.15 0.61 -0.70,
ow 355.06 -15.94 19.31,
lb -2.89 -2.59 8.22,
lk -0.16 0.58 -0.65,
ow 355.06 -15.94 19.37,
lb -2.90 -2.74 8.32,
lk -0.19 0.37 -0.57,
ow 355.13 -16.00 19.31,
lb -2.90 -2.81 8.42,
lk -0.19 0.30 -0.46,
ow 355.13 -16.00 19.31,
lb -2.90 -2.83 8.56,
lk -0.18 0.28 -0.32,
ow 355.13 -16.06 19.31,
lb -2.88 -2.91 8.80,
lk -0.18 0.28 -0.32,
ow 355.25 -16.06 19.31,
lb -2.87 -2.99 8.91,
lk -0.16 0.20 -0.08,
ow 355.25 -16.06 19.31,
lb -2.87 -3.05 9.02,
lk -0.16 0.07 0.13,
ow 355.31 -16.00 19.31,
lb -2.85 -3.12 9.14,
lk -0.14 0.00 0.25,
ow 355.31 -16.00 19.31,
lb -2.83 -3.21 9.29,
lk -0.12 -0.08 0.40,
ow 355.31 -16.00 19.31,
lb -2.82 -3.25 9.30,
lk -0.11 -0.12 0.41,
ow 355.44 -16.00 19.31,
lb -2.85 -3.30 9.32,
lk -0.14 -0.18 0.42,
ow 355.50 -16.00 19.31,
lb -2.83 -3.28 9.30,
lk -0.12 -0.16 0.41,
ow 355.50 -16.00 19.31,
lb -2.88 -3.23 9.18,
lk -0.16 -0.11 0.29,
ow 355.50 -16.06 19.31,
lb -2.86 -3.18 9.13,
lk -0.14 -0.07 0.24,
ow 355.50 -16.06 19.31,
lb -2.83 -3.16 9.04,
lk -0.11 -0.04 0.15,
ow 355.50 -16.06 19.31,
lb -2.80 -3.14 8.94,
lk -0.08 -0.02 0.05,
ow 355.50 -16.06 19.31,
lb -2.77 -3.06 8.78,
lk -0.06 0.05 -0.11,
ow 355.50 -16.06 19.31,
lb -2.78 -3.01 8.71,
lk -0.07 0.11 -0.17,
ow 355.50 -16.06 19.37,
lb -2.83 -3.00 8.71,
lk -0.12 0.12 -0.17,
ow 355.50 -16.06 19.37,
lb -2.88 -2.93 8.67,
lk -0.12 0.12 -0.17,
ow 355.50 -16.06 19.37,
lb -2.94 -2.90 8.65,
lk -0.16 0.20 -0.20,
ow 355.50 -16.06 19.37,
lb -2.98 -2.88 8.61,
lk -0.26 0.24 -0.26,
ow 355.50 -16.06 19.37,
lb -3.00 -2.85 8.60,
lk -0.27 0.26 -0.27,
ow 355.44 -16.12 19.37,
lb -3.10 -2.82 8.57,
lk -0.36 0.29 -0.30,
ow 355.44 -16.19 19.31,
lb -3.15 -2.80 8.54,
lk -0.36 0.29 -0.30,
ow 355.63 -16.25 19.31,
lb -3.21 -2.80 8.55,
lk -0.40 0.31 -0.34,
ow 355.63 -16.31 19.25,
lb -3.22 -2.77 8.56,
lk -0.44 0.33 -0.31,
ow 355.63 -16.44 19.25,
lb -3.21 -2.71 8.64,
lk -0.42 0.38 -0.23,
ow 355.56 -16.50 19.19,
lb -3.17 -2.71 8.69,
lk -0.37 0.37 -0.18,
ow 355.56 -16.56 19.12,
lb -3.11 -2.70 8.71,
lk -0.37 0.37 -0.18,
ow 355.56 -16.62 19.12,
lb -3.10 -2.66 8.75,
lk -0.28 0.40 -0.12,
ow 355.56 -16.62 19.06,
lb -3.04 -2.68 8.80,
lk -0.23 0.38 -0.07,
ow 355.56 -16.69 19.00,
lb -3.08 -2.69 8.86,
lk -0.26 0.36 -0.01,
ow 355.56 -16.69 19.00,
lb -3.07 -2.67 8.90,
lk -0.25 0.37 0.02,
ow 355.56 -16.75 18.94,
lb -3.06 -2.66 8.84,
lk -0.25 0.37 0.02,
ow 355.69 -16.75 18.87,
lb -3.05 -2.66 8.80,
lk -0.23 0.37 -0.03,
ow 355.63 -16.81 18.81,
lb -3.03 -2.68 8.78,
lk -0.18 0.34 -0.09,
ow 355.63 -16.81 18.75,
lb -3.04 -2.69 8.76,
lk -0.19 0.32 -0.12,
ow 355.63 -16.87 18.75,
lb -3.00 -2.72 8.71,
lk -0.15 0.29 -0.16,
ow 355.63 -16.87 18.75,
lb -3.03 -2.71 8.70,
lk -0.15 0.29 -0.16,
ow 355.69 -16.94 18.69,
lb -3.04 -2.75 8.67,
lk -0.17 0.29 -0.17,
ow 355.69 -17.00 18.69,
lb -3.09 -2.75 8.68,
lk -0.22 0.25 -0.19,
ow 355.69 -17.00 18.69,
lb -3.15 -2.81 8.70,
lk -0.27 0.19 -0.17,
ow 355.69 -17.06 18.69,
lb -3.14 -2.79 8.71,
lk -0.25 0.20 -0.16,
ow 355.69 -17.06 18.69,
lb -3.10 -2.78 8.68,
lk -0.25 0.20 -0.16,
ow 355.69 -17.12 18.62,
lb -3.09 -2.79 8.67,
lk -0.20 0.20 -0.19,
ow 355.69 -17.12 18.62,
lb -3.04 -2.82 8.67,
lk -0.15 0.17 -0.20,
ow 355.69 -17.12 18.62,
lb -3.04 -2.82 8.73,
lk -0.14 0.17 -0.14,
ow 355.69 -17.12 18.62,
lb -3.01 -2.81 8.77,
lk -0.11 0.18 -0.10,
ow 355.69 -17.19 18.62,
lb -2.99 -2.83 8.77,
lk -0.11 0.18 -0.10,
ow 355.94 -17.19 18.62,
lb -2.97 -2.83 8.72,
lk -0.07 0.16 -0.15,
ow 355.94 -17.19 18.62,
lb -2.96 -2.83 8.66,
lk -0.06 0.15 -0.21,
ow 355.94 -17.19 18.62,
lb -2.97 -2.83 8.68,
lk -0.07 0.16 -0.18,
ow 355.94 -17.19 18.62,
lb -2.97 -2.86 8.71,
lk -0.07 0.12 -0.15,
ow 356.00 -17.19 18.62,
lb -2.97 -2.83 8.74,
lk -0.07 0.15 -0.12,
ow 356.13 -17.19 18.62,
lb -2.98 -2.84 8.78,
lk -0.08 0.14 -0.09,
ow 356.13 -17.19 18.62,
lb -2.92 -2.85 8.82,
lk -0.02 0.13 -0.05,
ow 356.13 -17.19 18.62,
lb -2.92 -2.84 8.87,
lk -0.01 0.14 0.00,
ow 356.13 -17.19 18.56,
lb -2.93 -2.82 8.90,
lk -0.03 0.16 0.03,
ow 356.13 -17.19 18.56,
lb -2.94 -2.83 8.89,
lk -0.03 0.16 0.03,
ow 356.25 -17.19 18.56,
lb -2.96 -2.82 8.88,
lk -0.04 0.14 0.01,
ow 356.25 -17.19 18.56,
lb -2.98 -2.79 8.86,
lk -0.07 0.18 -0.01,
ow 356.25 -17.25 18.56,
lb -3.00 -2.80 8.87,
lk -0.09 0.17 0.00,
ow 356.25 -17.25 18.56,
lb -3.04 -2.80 8.87,
lk -0.12 0.17 0.00,
ow 356.25 -17.25 18.50,
lb -3.10 -2.83 8.82,
lk -0.18 0.13 -0.04,
ow 356.44 -17.25 18.50,
lb -3.12 -2.80 8.79,
lk -0.20 0.17 -0.08,
ow 356.44 -17.31 18.50,
lb -3.08 -2.80 8.76,
lk -0.16 0.17 -0.11,
ow 356.44 -17.31 18.50,
lb -3.12 -2.78 8.73,
lk -0.19 0.19 -0.13,
ow 356.44 -17.31 18.50,
lb -3.06 -2.79 8.70,
lk -0.14 0.18 -0.17,
ow 356.44 -17.31 18.50,
lb -3.05 -2.76 8.73,
lk -0.14 0.18 -0.17,
ow 356.69 -17.37 18.50,
lb -3.02 -2.75 8.70,
lk -0.09 0.21 -0.17,
ow 356.69 -17.37 18.50,
lb -3.00 -2.77 8.69,
lk -0.07 0.19 -0.18,
ow 356.69 -17.37 18.50,
lb -3.00 -2.78 8.72,
lk -0.06 0.18 -0.15,
ow 356.69 -17.37 18.44,
lb -3.01 -2.76 8.70,
lk -0.07 0.20 -0.16,
ow 356.69 -17.37 18.44,
lb -3.04 -2.77 8.68,
lk -0.07 0.20 -0.16,
ow 356.88 -17.44 18.44,
lb -3.03 -2.82 8.67,
lk -0.10 0.19 -0.18,
ow 356.88 -17.44 18.44,
lb -3.06 -2.79 8.67,
lk -0.11 0.16 -0.19,
ow 356.88 -17.44 18.44,
lb -3.07 -2.80 8.73,
lk -0.12 0.16 -0.13,
ow 356.88 -17.50 18.44,
lb -3.07 -2.80 8.73,
lk -0.12 0.16 -0.13,
ow 356.88 -17.50 18.44,
lb -3.14 -2.82 8.77,
lk -0.12 0.16 -0.13,
ow 357.13 -17.50 18.44,
lb -3.08 -2.79 8.88,
lk -0.18 0.13 -0.09,
ow 357.13 -17.56 18.44,
lb -3.15 -2.82 8.78,
lk -0.19 0.13 -0.08,
ow 357.13 -17.56 18.44,
lb -3.13 -2.79 8.79,
lk -0.16 0.15 -0.07,
ow 357.13 -17.56 18.37,
lb -3.14 -2.81 8.79,
lk -0.18 0.14 -0.06,
ow 357.13 -17.56 18.37,
lb -3.15 -2.81 8.77,
lk -0.18 0.14 -0.09,
ow 357.25 -17.56 18.37,
lb -3.14 -2.81 8.74,
lk -0.16 0.14 -0.12,
ow 357.25 -17.62 18.37,
lb -3.09 -2.81 8.75,
lk -0.12 0.13 -0.11,
ow 357.25 -17.62 18.37,
lb -3.08 -2.81 8.78,
lk -0.10 0.13 -0.08,
ow 357.25 -17.62 18.37,
lb -3.04 -2.82 8.73,
lk -0.06 0.12 -0.12,
ow 357.25 -17.62 18.37,
lb -3.00 -2.84 8.73,
lk -0.06 0.12 -0.12,
ow 357.25 -17.62 18.37,
lb -2.96 -2.80 8.73,
lk 0.00 0.14 -0.13,
ow 357.25 -17.62 18.37,
lb -2.98 -2.85 8.73,
lk 0.00 0.09 -0.12,
ow 357.25 -17.62 18.37,
lb -3.00 -2.82 8.76,
lk -0.02 0.12 -0.10,
ow 357.25 -17.62 18.37,
lb -3.02 -2.79 8.76,
lk -0.04 0.15 -0.10,
ow 357.25 -17.62 18.37,
lb -3.03 -2.77 8.79,
lk -0.05 0.16 -0.07,
ow 357.50 -17.69 18.31,
lb -3.00 -2.76 8.78,
lk -0.02 0.18 -0.08,
ow 357.50 -17.69 18.31,
lb -3.01 -2.78 8.75,
lk -0.02 0.16 -0.10,
ow 357.50 -17.69 18.31,
lb -3.04 -2.76 8.77,
lk -0.05 0.17 -0.09,
ow 357.50 -17.69 18.31,
lb -3.06 -2.76 8.78,
lk -0.07 0.17 -0.07,
ow 357.50 -17.69 18.31,
lb -3.10 -2.76 8.77,
lk -0.07 0.17 -0.07,
ow 357.63 -17.75 18.31,
lb -3.13 -2.76 8.80,
lk -0.13 0.17 -0.05,
ow 357.63 -17.75 18.31,
lb -3.15 -2.75 8.77,
lk -0.15 0.18 -0.08,
ow 357.63 -17.75 18.31,
lb -3.13 -2.76 8.78,
lk -0.13 0.17 -0.08,
ow 357.63 -17.75 18.31,
lb -3.13 -2.74 8.74,
lk -0.13 0.19 -0.12,
ow 357.63 -17.75 18.31,
lb -3.12 -2.71 8.72,
lk -0.12 0.21 -0.14,
ow 357.69 -17.75 18.31,
lb -3.08 -2.76 8.66,
lk -0.08 0.16 -0.20,
ow 357.69 -17.81 18.31,
lb -3.08 -2.75 8.66,
lk -0.08 0.17 -0.20,
ow 357.69 -17.81 18.25,
lb -3.08 -2.74 8.70,
lk -0.08 0.18 -0.15,
ow 357.69 -17.81 18.25,
lb -3.08 -2.74 8.67,
lk -0.08 0.18 -0.18,
ow 357.69 -17.81 18.25,
lb -3.05 -2.81 8.73,
lk -0.08 0.18 -0.18,
ow 357.75 -17.81 18.25,
lb -3.05 -2.79 8.71,
lk -0.04 0.13 -0.15,
ow 357.75 -17.81 18.25,
lb -3.08 -2.81 8.85,
lk -0.08 0.11 0.00,
ow 357.75 -17.81 18.25,
lb -3.10 -2.83 8.89,
lk -0.09 0.09 0.02,
ow 357.75 -17.81 18.25,
lb -3.11 -2.82 8.86,
lk -0.10 0.09 0.00,
ow 357.75 -17.81 18.25,
lb -3.13 -2.82 8.86,
lk -0.12 0.10 0.00,
ow 358.00 -17.81 18.19,
lb -3.15 -2.84 8.88,
lk -0.13 0.08 0.02,
ow 358.00 -17.87 18.19,
lb -3.13 -2.80 8.88,
lk -0.12 0.11 0.01,
ow 358.00 -17.87 18.19,
lb -3.13 -2.82 8.89,
lk -0.12 0.09 0.03,
ow 358.00 -17.87 18.19,
lb -3.14 -2.81 8.92,
lk -0.13 0.10 0.06,
ow 358.00 -17.87 18.19,
lb -3.11 -2.78 8.92,
lk -0.13 0.10 0.06,
ow 358.25 -17.87 18.19,
lb -3.10 -2.82 8.85,
lk -0.08 0.09 0.00,
ow 358.25 -17.87 18.19,
lb -3.12 -2.81 8.85,
lk -0.10 0.10 0.00,
ow 358.25 -17.87 18.19,
lb -3.13 -2.81 8.89,
lk -0.11 0.10 0.03,
ow 358.25 -17.94 18.19,
lb -3.11 -2.80 8.88,
lk -0.09 0.11 0.02,
ow 358.25 -17.94 18.19,
lb -3.09 -2.80 8.88,
lk -0.07 0.11 0.02,
ow 358.31 -17.94 18.19,
lb -3.13 -2.79 8.86,
lk -0.10 0.11 0.00,
ow 358.31 -17.94 18.19,
lb -3.12 -2.81 8.84,
lk -0.09 0.09 -0.01,
ow 358.31 -17.94 18.19,
lb -3.08 -2.79 8.83,
lk -0.05 0.12 -0.02,
ow 358.31 -18.00 18.19,
lb -3.10 -2.78 8.84,
lk -0.06 0.12 -0.01,
ow 358.31 -18.00 18.19,
lb -3.09 -2.80 8.82,
lk -0.06 0.12 -0.01,
ow 358.38 -18.00 18.19,
lb -3.11 -2.81 8.82,
lk -0.07 0.10 -0.03,
ow 358.38 -18.00 18.19,
lb -3.14 -2.79 8.81,
lk -0.10 0.11 -0.04,
ow 358.38 -18.00 18.19,
lb -3.14 -2.78 8.82,
lk -0.10 0.12 -0.03,
ow 358.38 -18.06 18.19,
lb -3.17 -2.73 8.84,
lk -0.12 0.17 -0.01,
ow 358.38 -18.06 18.19,
lb -3.18 -2.76 8.81,
lk -0.14 0.14 -0.04,
ow 358.44 -18.06 18.19,
lb -3.20 -2.77 8.81,
lk -0.15 0.13 -0.03,
ow 358.44 -18.06 18.19,
lb -3.20 -2.73 8.81,
lk -0.15 0.16 -0.03,
ow 358.44 -18.06 18.12,
lb -3.19 -2.76 8.83,
lk -0.14 0.14 -0.01,
ow 358.44 -18.12 18.12,
lb -3.16 -2.78 8.84,
lk -0.10 0.11 -0.01,
ow 358.44 -18.12 18.12,
lb -3.15 -2.76 8.84,
lk -0.10 0.11 -0.01,
ow 358.69 -18.12 18.12,
lb -3.12 -2.75 8.82,
lk -0.07 0.14 -0.02,
ow 358.69 -18.12 18.12,
lb -3.13 -2.76 8.82,
lk -0.07 0.14 -0.03,
ow 358.69 -18.12 18.12,
lb -3.13 -2.76 8.83,
lk -0.07 0.13 -0.01,
ow 358.69 -18.12 18.12,
lb -3.15 -2.78 8.84,
lk -0.09 0.11 0.00,
ow 358.69 -18.19 18.12,
lb -3.12 -2.80 8.84,
lk -0.06 0.09 0.00,
ow 358.75 -18.19 18.12,
lb -3.12 -2.79 8.86,
lk -0.06 0.10 0.01,
ow 358.75 -18.19 18.12,
lb -3.14 -2.80 8.84,
lk -0.07 0.09 0.00,
ow 358.75 -18.19 18.12,
lb -3.16 -2.79 8.87,
lk -0.09 0.10 0.02,
ow 358.75 -18.19 18.12,
lb -3.18 -2.81 8.84,
lk -0.11 0.08 -0.01,
ow 358.75 -18.19 18.12,
lb -3.20 -2.83 8.88,
lk -0.11 0.08 -0.01,
ow 358.94 -18.19 18.12,
lb -3.17 -2.81 8.85,
lk -0.10 0.08 0.00,
ow 358.94 -18.25 18.12,
lb -3.16 -2.80 8.84,
lk -0.09 0.09 0.00,
ow 358.94 -18.25 18.12,
lb -3.18 -2.79 8.84,
lk -0.11 0.10 0.00,
ow 358.94 -18.25 18.12,
lb -3.15 -2.74 8.86,
lk -0.07 0.15 0.01,
ow 358.94 -18.25 18.12,
lb -3.13 -2.77 8.87,
lk -0.05 0.11 0.02,
ow 358.94 -18.25 18.06,
lb -3.11 -2.81 8.85,
lk -0.04 0.08 0.00,
ow 358.94 -18.25 18.06,
lb -3.12 -2.82 8.83,
lk -0.04 0.07 -0.01,
ow 358.94 -18.25 18.06,
lb -3.18 -2.80 8.86,
lk -0.11 0.09 0.01,
ow 358.94 -18.25 18.06,
lb -3.17 -2.75 8.81,
lk -0.09 0.13 -0.03,
ow 358.94 -18.25 18.06,
lb -3.15 -2.75 8.76,
lk -0.09 0.13 -0.03,
ow 359.13 -18.25 18.06,
lb -3.16 -2.78 8.76,
lk -0.08 0.11 -0.08,
ow 359.13 -18.25 18.06,
lb -3.15 -2.77 8.76,
lk -0.07 0.11 -0.08,
ow 359.06 -18.25 18.06,
lb -3.17 -2.77 8.79,
lk -0.09 0.11 -0.05,
ow 359.06 -18.25 18.06,
lb -3.15 -2.78 8.83,
lk -0.07 0.10 -0.01,
ow 359.06 -18.25 18.06,
lb -3.16 -2.80 8.90,
lk -0.08 0.08 0.05,
ow 359.25 -18.25 18.06,
lb -3.15 -2.77 8.89,
lk -0.07 0.11 0.04,
ow 359.25 -18.25 18.06,
lb -3.16 -2.76 8.88,
lk -0.08 0.12 0.03,
ow 359.25 -18.25 18.00,
lb -3.17 -2.77 8.86,
lk -0.08 0.10 0.01,
ow 359.25 -18.25 18.00,
lb -3.16 -2.76 8.87,
lk -0.07 0.11 0.02,
ow 359.25 -18.31 18.00,
lb -3.14 -2.78 8.84,
lk -0.07 0.11 0.02,
ow 359.31 -18.31 18.00,
lb -3.15 -2.77 8.82,
lk -0.07 0.10 -0.02,
ow 359.31 -18.31 18.00,
lb -3.13 -2.78 8.84,
lk -0.04 0.09 -0.01,
ow 359.31 -18.31 18.00,
lb -3.14 -2.78 8.87,
lk -0.05 0.09 0.02,
ow 359.31 -18.31 18.00,
lb -3.13 -2.77 8.90,
lk -0.04 0.10 0.05,
ow 359.31 -18.31 18.00,
lb -3.12 -2.76 8.89,
lk -0.03 0.11 0.04,
ow 359.50 -18.31 18.00,
lb -3.14 -2.77 8.89,
lk -0.05 0.10 0.04,
ow 359.50 -18.31 18.00,
lb -3.14 -2.76 8.87,
lk -0.05 0.11 0.02,
ow 359.50 -18.31 18.00,
lb -3.16 -2.75 8.91,
lk -0.07 0.11 0.06,
ow 359.50 -18.31 18.00,
lb -3.17 -2.75 8.90,
lk -0.08 0.12 0.05,
ow 359.50 -18.31 18.00,
lb -3.22 -2.76 8.88,
lk -0.08 0.12 0.05,
ow 359.56 -18.37 18.00,
lb -3.24 -2.75 8.81,
lk -0.15 0.12 -0.03,
ow 359.56 -18.37 18.00,
lb -3.28 -2.79 8.81,
lk -0.19 0.07 -0.03,
ow 359.56 -18.37 18.00,
lb -3.27 -2.76 8.79,
lk -0.17 0.10 -0.05,
ow 359.56 -18.37 17.94,
lb -3.22 -2.75 8.78,
lk -0.13 0.11 -0.06,
ow 359.56 -18.37 17.94,
lb -3.20 -2.76 8.78,
lk -0.11 0.11 -0.06,
ow 359.63 -18.37 17.94,
lb -3.19 -2.76 8.79,
lk -0.10 0.10 -0.05,
ow 359.63 -18.37 17.94,
lb -3.18 -2.75 8.75,
lk -0.08 0.11 -0.09,
ow 359.63 -18.37 17.94,
lb -3.15 -2.77 8.82,
lk -0.05 0.10 -0.02,
ow 359.63 -18.37 17.94,
lb -3.14 -2.76 8.85,
lk -0.04 0.10 0.00,
ow 359.63 -18.37 17.94,
lb -3.13 -2.75 8.86,
lk -0.03 0.11 0.01,
ow 359.69 -18.37 17.94,
lb -3.12 -2.79 8.84,
lk -0.02 0.07 0.00,
ow 359.69 -18.37 17.94,
lb -3.15 -2.77 8.86,
lk -0.05 0.09 0.01,
ow 359.69 -18.37 17.94,
lb -3.16 -2.81 8.85,
lk -0.06 0.06 0.00,
ow 359.69 -18.44 17.94,
lb -3.18 -2.81 8.90,
lk -0.08 0.05 0.05,
ow 359.69 -18.44 17.94,
lb -3.17 -2.78 8.92,
lk -0.08 0.05 0.05,
ow 359.75 -18.44 17.94,
lb -3.18 -2.77 8.87,
lk -0.06 0.08 0.07,
ow 359.75 -18.44 17.94,
lb -3.19 -2.80 8.86,
lk -0.08 0.07 0.01,
ow 359.75 -18.44 17.94,
lb -3.17 -2.78 8.85,
lk -0.06 0.08 0.00,
ow 359.75 -18.44 17.94,
lb -3.17 -2.77 8.87,
lk -0.06 0.09 0.02,
ow 359.75 -18.44 17.94,
lb -3.17 -2.77 8.85,
lk -0.07 0.09 0.01,
ow 359.88 -18.44 17.94,
lb -3.18 -2.77 8.84,
lk -0.08 0.09 0.00,
ow 359.88 -18.44 17.94,
lb -3.18 -2.81 8.86,
lk -0.08 0.06 0.01,
ow 359.88 -18.44 17.94,
lb -3.18 -2.78 8.85,
lk -0.08 0.08 0.01,
ow 359.88 -18.44 17.94,
lb -3.19 -2.77 8.84,
lk -0.08 0.09 0.00,
ow 359.88 -18.44 17.94,
lb -3.19 -2.76 8.84,
lk -0.08 0.10 0.00,
ow 359.94 -18.44 17.94,
lb -3.19 -2.73 8.79,
lk -0.08 0.13 -0.05,
ow 359.94 -18.50 17.94,
lb -3.18 -2.74 8.76,
lk -0.07 0.12 -0.07,
ow 359.94 -18.50 17.94,
lb -3.15 -2.76 8.80,
lk -0.04 0.10 -0.04,
ow 359.94 -18.50 17.94,
lb -3.16 -2.75 8.80,
lk -0.05 0.11 -0.04,
ow 359.94 -18.50 17.94,
lb -3.20 -2.77 8.82,
lk -0.09 0.09 -0.01,
ow 359.94 -18.50 17.94,
lb -3.21 -2.75 8.84,
lk -0.10 0.11 0.00,
ow 359.94 -18.50 17.94,
lb -3.19 -2.75 8.78,
lk -0.08 0.11 -0.06,
ow 359.94 -18.50 17.94,
lb -3.16 -2.75 8.77,
lk -0.05 0.11 -0.06,
ow 359.94 -18.44 17.94,
lb -3.16 -2.73 8.79,
lk -0.05 0.13 -0.05,
ow 359.94 -18.44 17.94,
lb -3.17 -2.73 8.79,
lk -0.07 0.13 -0.05,
ow 0.00 -18.44 17.94,
lb -3.17 -2.73 8.80,
lk -0.07 0.13 -0.04,
ow 0.00 -18.44 17.94,
lb -3.20 -2.79 8.87,
lk -0.09 0.07 0.03,
ow 0.00 -18.44 17.94,
lb -3.20 -2.79 8.91,
lk -0.09 0.07 0.06,
ow 0.00 -18.44 17.94,
lb -3.20 -2.80 8.93,
lk -0.09 0.06 0.08,
ow 0.00 -18.44 17.94,
lb -3.22 -2.81 8.95,
lk -0.09 0.06 0.08,
ow 359.94 -18.50 17.94,
lb -3.19 -2.79 8.90,
lk -0.11 0.05 0.10,
ow 359.94 -18.50 17.94,
lb -3.19 -2.78 8.85,
lk -0.08 0.07 0.00,
ow 359.94 -18.50 17.94,
lb -3.18 -2.77 8.85,
lk -0.07 0.08 0.01,
ow 359.94 -18.50 17.94,
lb -3.19 -2.77 8.89,
lk -0.08 0.08 0.04,
ow 359.94 -18.50 17.94,
lb -3.18 -2.76 8.82,
lk -0.07 0.10 -0.02,
ow 359.94 -18.50 17.94,
lb -3.15 -2.79 8.83,
lk -0.04 0.07 -0.01,
ow 359.94 -18.50 17.94,
lb -3.14 -2.76 8.84,
lk -0.02 0.10 0.00,
ow 359.94 -18.50 17.94,
lb -3.12 -2.73 8.81,
lk -0.01 0.12 -0.03,
ow 359.94 -18.50 17.94,
lb -3.13 -2.73 8.82,
lk -0.02 0.12 -0.02,
ow 359.94 -18.50 17.94,
lb -3.17 -2.73 8.81,
lk -0.02 0.12 -0.02,
ow 359.94 -18.50 17.94,
lb -3.15 -2.73 8.84,
lk -0.04 0.13 0.00,
ow 359.94 -18.50 17.94,
lb -3.17 -2.71 8.81,
lk -0.06 0.15 -0.03,
ow 359.94 -18.50 17.94,
lb -3.18 -2.73 8.82,
lk -0.07 0.12 -0.02,
ow 359.94 -18.50 17.94,
lb -3.20 -2.73 8.81,
lk -0.09 0.12 -0.03,
ow 359.94 -18.50 17.94,
lb -3.20 -2.73 8.82,
lk -0.09 0.12 -0.02,
ow 0.00 -18.50 17.94,
lb -3.20 -2.75 8.79,
lk -0.08 0.10 -0.05,
ow 0.00 -18.50 17.94,
lb -3.20 -2.72 8.80,
lk -0.09 0.14 -0.04,
ow 0.00 -18.50 17.94,
lb -3.22 -2.72 8.79,
lk -0.10 0.13 -0.05,
ow 0.00 -18.50 17.94,
lb -3.22 -2.71 8.81,
lk -0.11 0.15 -0.03,
ow 0.00 -18.50 17.94,
lb -3.21 -2.76 8.84,
lk -0.11 0.15 -0.03,
ow 0.12 -18.50 17.94,
lb -3.22 -2.75 8.80,
lk -0.10 0.10 -0.04,
ow 0.12 -18.50 17.94,
lb -3.21 -2.72 8.81,
lk -0.10 0.13 -0.03,
ow 0.12 -18.50 17.94,
lb -3.17 -2.75 8.83,
lk -0.06 0.10 -0.01,
ow 0.12 -18.50 17.94,
lb -3.20 -2.74 8.83,
lk -0.08 0.11 -0.01,
ow 0.12 -18.50 17.94,
lb -3.21 -2.76 8.83,
lk -0.10 0.09 -0.01,
ow 0.19 -18.50 17.94,
lb -3.22 -2.77 8.86,
lk -0.11 0.08 0.01,
ow 0.19 -18.50 17.94,
lb -3.24 -2.75 8.90,
lk -0.12 0.10 0.06,
ow 0.19 -18.50 17.94,
lb -3.24 -2.73 8.87,
lk -0.12 0.13 0.02,
ow 0.19 -18.50 17.94,
lb -3.18 -2.71 8.90,
lk -0.06 0.14 0.05,
ow 0.19 -18.50 17.94,
lb -3.20 -2.74 8.86,
lk -0.08 0.11 0.01,
ow 0.19 -18.50 17.94,
lb -3.14 -2.75 8.86,
lk -0.02 0.10 0.02,
ow 0.19 -18.50 17.94,
lb -3.16 -2.74 8.84,
lk -0.04 0.11 0.00,
ow 0.19 -18.50 17.94,
lb -3.20 -2.73 8.88,
lk -0.08 0.13 0.04,
ow 0.19 -18.50 17.94,
lb -3.18 -2.76 8.87,
lk -0.07 0.09 0.02,
ow 0.19 -18.50 17.94,
lb -3.17 -2.76 8.84,
lk -0.06 0.09 0.00,
ow 0.25 -18.50 17.94,
lb -3.16 -2.78 8.83,
lk -0.04 0.07 -0.01,
ow 0.25 -18.50 17.94,
lb -3.17 -2.75 8.82,
lk -0.05 0.10 -0.02,
ow 0.25 -18.50 17.94,
lb -3.13 -2.77 8.82,
lk -0.01 0.08 -0.02,
ow 0.25 -18.50 17.94,
lb -3.18 -2.77 8.79,
lk -0.06 0.08 -0.05,
ow 0.25 -18.50 17.94,
lb -3.19 -2.78 8.80,
lk -0.06 0.08 -0.05,
ow 0.25 -18.50 17.94,
lb -3.20 -2.78 8.82,
lk -0.09 0.07 -0.02,
ow 0.25 -18.50 17.94,
lb -3.20 -2.79 8.81,
lk -0.08 0.07 -0.02,
ow 0.25 -18.50 17.94,
lb -3.19 -2.79 8.84,
lk -0.07 0.07 0.00,
ow 0.25 -18.50 17.94,
lb -3.21 -2.79 8.80,
lk -0.10 0.07 -0.04,
ow 0.25 -18.50 17.94,
lb -3.20 -2.79 8.82,
lk -0.09 0.06 -0.02,
ow 0.25 -18.50 17.94,
lb -3.18 -2.77 8.80,
lk -0.06 0.09 -0.03,
ow 0.25 -18.50 17.94,
lb -3.18 -2.79 8.82,
lk -0.06 0.07 -0.02,
ow 0.25 -18.50 17.94,
lb -3.18 -2.79 8.82,
lk -0.07 0.06 -0.02,
ow 0.25 -18.50 17.94,
lb -3.17 -2.79 8.87,
lk -0.06 0.07 0.03,
ow 0.25 -18.50 17.94,
lb -3.18 -2.77 8.87,
lk -0.07 0.08 0.02,
ow 0.25 -18.50 17.87,
lb -3.19 -2.79 8.91,
lk -0.08 0.06 0.06,
ow 0.25 -18.50 17.87,
lb -3.15 -2.79 8.90,
lk -0.04 0.06 0.05,
ow 0.31 -18.50 17.87,
lb -3.17 -2.74 8.90,
lk -0.06 0.11 0.05,
ow 0.31 -18.50 17.87,
lb -3.19 -2.75 8.93,
lk -0.08 0.09 0.08,
ow 0.31 -18.50 17.87,
lb -3.17 -2.74 8.93,
lk -0.06 0.10 0.08,
ow 0.31 -18.50 17.87,
lb -3.19 -2.71 8.89,
lk -0.08 0.14 0.04,
ow 0.31 -18.50 17.87,
lb -3.17 -2.69 8.84,
lk -0.06 0.15 0.00,
ow 0.31 -18.50 17.87,
lb -3.15 -2.69 8.85,
lk -0.04 0.16 0.00,
ow 0.31 -18.50 17.87,
lb -3.17 -2.69 8.86,
lk -0.06 0.15 0.01,
ow 0.31 -18.50 17.87,
lb -3.15 -2.69 8.90,
lk -0.03 0.16 0.05,
ow 0.31 -18.50 17.87,
lb -3.17 -2.68 8.88,
lk -0.05 0.17 0.03,
ow 0.31 -18.50 17.87,
lb -3.17 -2.67 8.86,
lk -0.06 0.17 0.01,
ow 0.31 -18.50 17.87,
lb -3.17 -2.66 8.86,
lk -0.06 0.19 0.01,
ow 0.31 -18.50 17.87,
lb -3.19 -2.73 8.81,
lk -0.08 0.12 -0.03,
ow 0.31 -18.50 17.87,
lb -3.21 -2.70 8.80,
lk -0.10 0.15 -0.04,
ow 0.31 -18.50 17.87,
lb -3.21 -2.70 8.80,
lk -0.10 0.15 -0.04,
ow 0.31 -18.50 17.87,
lb -3.18 -2.71 8.79,
lk -0.07 0.14 -0.05,
ow 0.31 -18.50 17.87,
lb -3.20 -2.73 8.77,
lk -0.09 0.12 -0.07,
ow 0.31 -18.50 17.87,
lb -3.18 -2.72 8.78,
lk -0.07 0.13 -0.06,
ow 0.31 -18.50 17.87,
lb -3.21 -2.75 8.80,
lk -0.10 0.10 -0.04,
ow 0.31 -18.50 17.87,
lb -3.17 -2.78 8.81,
lk -0.06 0.07 -0.03,
ow 0.31 -18.50 17.87,
lb -3.17 -2.79 8.81,
lk -0.06 0.06 -0.03,
ow 0.31 -18.50 17.87,
lb -3.18 -2.78 8.81,
lk -0.07 0.07 -0.03,
ow 0.31 -18.50 17.87,
lb -3.20 -2.78 8.85,
lk -0.08 0.07 0.00,
ow 0.31 -18.50 17.87,
lb -3.20 -2.80 8.88,
lk -0.08 0.05 0.03,
ow 0.31 -18.50 17.87,
lb -3.20 -2.81 8.92,
lk -0.09 0.04 0.07,
ow 0.31 -18.50 17.87,
lb -3.21 -2.78 8.88,
lk -0.10 0.07 0.04,
ow 0.31 -18.50 17.87,
lb -3.22 -2.80 8.90,
lk -0.10 0.05 0.05,
ow 0.31 -18.50 17.87,
lb -3.22 -2.79 8.90,
lk -0.11 0.06 0.05,
ow 0.31 -18.50 17.87,
lb -3.22 -2.78 8.90,
lk -0.10 0.07 0.05,
ow 0.31 -18.50 17.87,
lb -3.19 -2.78 8.88,
lk -0.08 0.07 0.04,
ow 0.31 -18.50 17.87,
lb -3.15 -2.79 8.85,
lk -0.03 0.06 0.01,
ow 0.31 -18.50 17.87,
lb -3.15 -2.79 8.85,
lk -0.03 0.06 0.00,
ow 0.31 -18.50 17.87,
lb -3.18 -2.79 8.86,
lk -0.07 0.06 0.01,
ow 0.31 -18.50 17.87,
lb -3.17 -2.79 8.84,
lk -0.06 0.06 0.00,
ow 0.31 -18.50 17.87,
lb -3.20 -2.82 8.81,
lk -0.08 0.03 -0.03,
ow 0.31 -18.50 17.87,
lb -3.20 -2.77 8.78,
lk -0.08 0.08 -0.05,
ow 0.31 -18.50 17.87,
lb -3.20 -2.75 8.81,
lk -0.08 0.10 -0.03,
ow 0.31 -18.50 17.87,
lb -3.22 -2.78 8.81,
lk -0.10 0.07 -0.03,
ow 0.31 -18.50 17.87,
lb -3.18 -2.74 8.79,
lk -0.06 0.11 -0.04,
ow 0.31 -18.50 17.87,
lb -3.17 -2.73 8.80,
lk -0.05 0.12 -0.04,
ow 0.31 -18.50 17.87,
lb -3.17 -2.74 8.75,
lk -0.05 0.11 -0.09,
ow 0.31 -18.50 17.87,
lb -3.16 -2.71 8.81,
lk -0.04 0.14 -0.03,
ow 0.31 -18.50 17.87,
lb -3.16 -2.69 8.81,
lk -0.04 0.16 -0.03,
ow 0.31 -18.50 17.87,
lb -3.17 -2.70 8.83,
lk -0.05 0.15 -0.01,
ow 0.31 -18.50 17.87,
lb -3.17 -2.73 8.82,
lk -0.05 0.12 -0.02,
ow 0.31 -18.50 17.87,
lb -3.18 -2.73 8.79,
lk -0.06 0.12 -0.05,
ow 0.31 -18.50 17.87,
lb -3.24 -2.70 8.80,
lk -0.12 0.15 -0.03,
ow 0.31 -18.50 17.87,
lb -3.23 -2.68 8.77,
lk -0.11 0.17 -0.06,
ow 0.31 -18.50 17.87,
lb -3.26 -2.66 8.80,
lk -0.14 0.19 -0.04,
ow 0.31 -18.50 17.87,
lb -3.25 -2.68 8.76,
lk -0.13 0.17 -0.07,
ow 0.31 -18.50 17.87,
lb -3.24 -2.70 8.80,
lk -0.12 0.15 -0.04,
ow 0.31 -18.50 17.87,
lb -3.24 -2.70 8.85,
lk -0.12 0.15 0.00,
ow 0.31 -18.50 17.87,
lb -3.21 -2.71 8.87,
lk -0.10 0.14 0.03,
ow 0.31 -18.50 17.87,
lb -3.17 -2.71 8.94,
lk -0.06 0.14 0.09,
ow 0.31 -18.50 17.87,
lb -3.17 -2.72 8.94,
lk -0.05 0.13 0.09,
ow 0.31 -18.50 17.87,
lb -3.16 -2.73 8.94,
lk -0.04 0.11 0.09,
ow 0.31 -18.50 17.87,
lb -3.13 -2.73 8.97,
lk -0.01 0.12 0.12,
ow 0.31 -18.50 17.87,
lb -3.11 -2.73 8.90,
lk 0.00 0.11 0.05,
ow 0.31 -18.50 17.87,
lb -3.11 -2.73 8.84,
lk 0.00 0.11 0.00,
ow 0.31 -18.50 17.87,
lb -3.10 -2.75 8.85,
lk 0.00 0.10 0.01,
ow 0.31 -18.50 17.87,
lb -3.12 -2.77 8.82,
lk 0.00 0.08 -0.02,
ow 0.31 -18.50 17.87,
lb -3.14 -2.74 8.84,
lk -0.02 0.11 0.00,
ow 0.31 -18.50 17.87,
lb -3.16 -2.76 8.82,
lk -0.04 0.08 -0.02,
ow 0.31 -18.50 17.87,
lb -3.17 -2.75 8.84,
lk -0.06 0.10 0.00,
ow 0.31 -18.50 17.87,
lb -3.19 -2.73 8.82,
lk -0.08 0.12 -0.02,
ow 0.31 -18.50 17.87,
lb -3.19 -2.74 8.82,
lk -0.08 0.11 -0.02,
ow 0.31 -18.50 17.87,
lb -3.19 -2.75 8.82,
lk -0.08 0.10 -0.02,
ow 0.31 -18.50 17.87,
lb -3.20 -2.73 8.81,
lk -0.08 0.11 -0.03,
ow 0.31 -18.50 17.87,
lb -3.19 -2.72 8.83,
lk -0.08 0.13 -0.01,
ow 0.31 -18.50 17.87,
lb -3.19 -2.73 8.79,
lk -0.08 0.12 -0.05,
ow 0.31 -18.50 17.87,
lb -3.18 -2.77 8.80,
lk -0.07 0.08 -0.04,
ow 0.31 -18.50 17.87,
lb -3.23 -2.77 8.82,
lk -0.11 0.08 -0.02,
ow 0.31 -18.50 17.87,
lb -3.21 -2.77 8.88,
lk -0.10 0.08 0.04,
ow 0.31 -18.50 17.87,
lb -3.19 -2.75 8.87,
lk -0.08 0.10 0.02,
ow 0.31 -18.50 17.87,
lb -3.19 -2.73 8.85,
lk -0.08 0.11 0.00,
ow 0.31 -18.50 17.87,
lb -3.20 -2.76 8.83,
lk -0.08 0.09 -0.01,
ow 0.31 -18.50 17.87,
lb -3.19 -2.75 8.87,
lk -0.08 0.10 0.03,
ow 0.31 -18.50 17.87,
lb -3.19 -2.74 8.87,
lk -0.08 0.11 0.03,
ow 0.31 -18.50 17.87,
lb -3.17 -2.75 8.91,
lk -0.06 0.09 0.06,
ow 0.31 -18.50 17.87,
lb -3.18 -2.73 8.86,
lk -0.06 0.12 0.02,
ow 0.31 -18.50 17.87,
lb -3.19 -2.73 8.86,
lk -0.07 0.12 0.01,
ow 0.31 -18.50 17.87,
lb -3.17 -2.72 8.89,
lk -0.05 0.13 0.04,
ow 0.31 -18.50 17.87,
lb -3.17 -2.74 8.88,
lk -0.05 0.11 0.04,
ow 0.31 -18.50 17.87,
lb -3.19 -2.74 8.90,
lk -0.07 0.10 0.06,
ow 0.31 -18.50 17.87,
lb -3.20 -2.76 8.87,
lk -0.08 0.09 0.03,
ow 0.31 -18.50 17.87,
lb -3.18 -2.79 8.87,
lk -0.06 0.06 0.03,
ow 0.31 -18.50 17.87,
lb -3.19 -2.78 8.86,
lk -0.07 0.07 0.02,
ow 0.31 -18.50 17.87,
lb -3.18 -2.81 8.86,
lk -0.06 0.04 0.01,
ow 0.31 -18.56 17.87,
lb -3.22 -2.79 8.83,
lk -0.09 0.06 0.00,
ow 0.31 -18.56 17.87,
lb -3.18 -2.80 8.82,
lk -0.06 0.05 -0.02,
ow 0.25 -18.56 17.87,
lb -3.18 -2.78 8.77,
lk -0.06 0.07 -0.07,
ow 0.25 -18.56 17.87,
lb -3.16 -2.78 8.74,
lk -0.03 0.07 -0.09,
ow 0.25 -18.56 17.87,
lb -3.14 -2.78 8.76,
lk -0.01 0.07 -0.07,
ow 0.25 -18.56 17.87,
lb -3.14 -2.75 8.77,
lk -0.02 0.10 -0.07,
ow 0.25 -18.56 17.87,
lb -3.13 -2.70 8.80,
lk 0.00 0.15 -0.03,
ow 0.25 -18.56 17.87,
lb -3.17 -2.71 8.80,
lk -0.05 0.14 -0.04,
ow 0.25 -18.56 17.87,
lb -3.18 -2.67 8.80,
lk -0.06 0.18 -0.03,
ow 0.25 -18.56 17.87,
lb -3.19 -2.69 8.76,
lk -0.07 0.16 -0.07,
ow 0.25 -18.56 17.87,
lb -3.25 -2.69 8.76,
lk -0.12 0.16 -0.07,
ow 0.25 -18.56 17.87,
lb -3.28 -2.67 8.80,
lk -0.16 0.17 -0.04,
ow 0.25 -18.56 17.87,
lb -3.29 -2.66 8.77,
lk -0.17 0.19 -0.07,
ow 0.25 -18.56 17.87,
lb -3.29 -2.67 8.80,
lk -0.17 0.17 -0.04,
ow 0.25 -18.56 17.87,
lb -3.25 -2.66 8.83,
lk -0.13 0.18 -0.01,
ow 0.25 -18.50 17.87,
lb -3.22 -2.67 8.85,
lk -0.10 0.17 0.00,
ow 0.25 -18.50 17.87,
lb -3.23 -2.64 8.89,
lk -0.11 0.20 0.04,
ow 0.25 -18.50 17.87,
lb -3.20 -2.71 8.89,
lk -0.08 0.14 0.04,
ow 0.25 -18.50 17.81,
lb -3.18 -2.68 8.93,
lk -0.06 0.16 0.08,
ow 0.31 -18.50 17.81,
lb -3.16 -2.67 8.92,
lk -0.04 0.17 0.07,
ow 0.31 -18.50 17.81,
lb -3.17 -2.70 8.93,
lk -0.05 0.14 0.08,
ow 0.31 -18.50 17.81,
lb -3.17 -2.71 8.91,
lk -0.06 0.13 0.06,
ow 0.31 -18.50 17.81,
lb -3.18 -2.73 8.86,
lk -0.06 0.11 0.01,
ow 0.31 -18.50 17.81,
lb -3.17 -2.71 8.86,
lk -0.05 0.13 0.01,
ow 0.31 -18.50 17.81,
lb -3.15 -2.70 8.85,
lk -0.04 0.15 0.00,
ow 0.31 -18.50 17.81,
lb -3.14 -2.68 8.77,
lk -0.03 0.17 -0.07,
ow 0.31 -18.50 17.81,
lb -3.14 -2.70 8.78,
lk -0.02 0.15 -0.06,
ow 0.31 -18.50 17.87,
lb -3.15 -2.73 8.79,
lk -0.03 0.12 -0.05,
ow 0.31 -18.50 17.87,
lb -3.14 -2.78 8.82,
lk -0.02 0.07 -0.02,
ow 0.31 -18.50 17.87,
lb -3.15 -2.76 8.84,
lk -0.03 0.08 -0.01,
ow 0.31 -18.50 17.87,
lb -3.18 -2.81 8.85,
lk -0.07 0.04 0.00,
ow 0.31 -18.50 17.87,
lb -3.17 -2.77 8.89,
lk -0.06 0.08 0.04,
ow 0.31 -18.50 17.87,
lb -3.17 -2.79 8.83,
lk -0.06 0.05 -0.01,
ow 0.31 -18.50 17.87,
lb -3.17 -2.79 8.85,
lk -0.06 0.06 0.00,
ow 0.31 -18.50 17.87,
lb -3.18 -2.81 8.89,
lk -0.07 0.04 0.04,
ow 0.31 -18.50 17.87,
lb -3.17 -2.81 8.88,
lk -0.06 0.04 0.03,
ow 0.31 -18.50 17.87,
lb -3.16 -2.79 8.90,
lk -0.05 0.05 0.05,
ow 0.31 -18.50 17.87,
lb -3.16 -2.79 8.89,
lk -0.05 0.05 0.04,
ow 0.31 -18.50 17.87,
lb -3.17 -2.76 8.89,
lk -0.06 0.09 0.04,
ow 0.31 -18.50 17.87,
lb -3.16 -2.75 8.86,
lk -0.04 0.10 0.01,
ow 0.31 -18.50 17.87,
lb -3.17 -2.74 8.88,
lk -0.06 0.10 0.03,
ow 0.31 -18.50 17.87,
lb -3.16 -2.76 8.89,
lk -0.05 0.08 0.04,
ow 0.31 -18.50 17.87,
lb -3.15 -2.79 8.89,
lk -0.04 0.06 0.04,
ow 0.31 -18.50 17.81,
lb -3.17 -2.74 8.90,
lk -0.05 0.10 0.05,
ow 0.31 -18.50 17.81,
lb -3.17 -2.75 8.91,
lk -0.06 0.09 0.06,
ow 0.31 -18.50 17.81,
lb -3.18 -2.73 8.87,
lk -0.06 0.09 0.06,
ow 0.31 -18.50 17.81,
lb -3.19 -2.71 8.84,
lk -0.07 0.11 0.02,
ow 0.31 -18.50 17.81,
lb -3.21 -2.71 8.81,
lk -0.09 0.12 -0.03,
ow 0.31 -18.50 17.81,
lb -3.20 -2.68 8.79,
lk -0.08 0.16 -0.05,
ow 0.31 -18.56 17.81,
lb -3.20 -2.67 8.84,
lk -0.08 0.16 -0.01,
ow 0.31 -18.56 17.81,
lb -3.19 -2.66 8.83,
lk -0.07 0.18 -0.01,
ow 0.31 -18.56 17.81,
lb -3.19 -2.67 8.84,
lk -0.07 0.16 0.00,
ow 0.31 -18.56 17.81,
lb -3.19 -2.66 8.83,
lk -0.07 0.18 -0.01,
ow 0.31 -18.56 17.81,
lb -3.20 -2.62 8.84,
lk -0.08 0.22 -0.01,
ow 0.31 -18.56 17.81,
lb -3.23 -2.63 8.86,
lk -0.10 0.20 0.01,
ow 0.31 -18.56 17.81,
lb -3.23 -2.63 8.86,
lk -0.11 0.20 0.01,
ow 0.31 -18.56 17.75,
lb -3.24 -2.63 8.89,
lk -0.11 0.20 0.04,
ow 0.31 -18.56 17.75,
lb -3.24 -2.64 8.87,
lk -0.11 0.19 0.02,
ow 0.31 -18.56 17.75,
lb -3.17 -2.65 8.88,
lk -0.04 0.18 0.03,
ow 0.31 -18.56 17.75,
lb -3.17 -2.68 8.89,
lk -0.04 0.14 0.04,
ow 0.31 -18.56 17.75,
lb -3.16 -2.67 8.91,
lk -0.03 0.16 0.06,
ow 0.31 -18.56 17.75,
lb -3.17 -2.67 8.91,
lk -0.04 0.15 0.06,
ow 0.31 -18.56 17.75,
lb -3.16 -2.70 8.88,
lk -0.02 0.13 0.03,
ow 0.31 -18.56 17.75,
lb -3.16 -2.69 8.89,
lk -0.02 0.14 0.04,
ow 0.31 -18.56 17.75,
lb -3.18 -2.72 8.88,
lk -0.05 0.11 0.03,
ow 0.31 -18.62 17.75,
lb -3.24 -2.75 8.82,
lk -0.10 0.08 -0.02,
ow 0.31 -18.62 17.75,
lb -3.26 -2.74 8.82,
lk -0.13 0.09 -0.02,
ow 0.31 -18.62 17.75,
lb -3.27 -2.74 8.80,
lk -0.13 0.08 -0.04,
ow 0.31 -18.62 17.75,
lb -3.25 -2.72 8.75,
lk -0.11 0.11 -0.08,
ow 0.31 -18.62 17.75,
lb -3.20 -2.73 8.77,
lk -0.06 0.10 -0.06,
ow 0.25 -18.62 17.75,
lb -3.22 -2.75 8.76,
lk -0.08 0.08 -0.07,
ow 0.25 -18.62 17.75,
lb -3.20 -2.76 8.83,
lk -0.06 0.07 -0.01,
ow 0.25 -18.62 17.75,
lb -3.17 -2.77 8.83,
lk -0.03 0.06 -0.01,
ow 0.25 -18.62 17.75,
lb -3.17 -2.76 8.90,
lk -0.02 0.07 0.06,
ow 0.25 -18.62 17.75,
lb -3.15 -2.73 8.88,
lk -0.01 0.10 0.04,
ow 0.25 -18.62 17.75,
lb -3.16 -2.74 8.83,
lk -0.02 0.09 -0.01,
ow 0.25 -18.62 17.75,
lb -3.14 -2.73 8.78,
lk 0.00 0.10 -0.06,
ow 0.25 -18.62 17.75,
lb -3.17 -2.74 8.78,
lk -0.03 0.08 -0.05,
ow 0.25 -18.62 17.75,
lb -3.19 -2.74 8.80,
lk -0.06 0.08 -0.04,
ow 0.25 -18.62 17.75,
lb -3.19 -2.75 8.77,
lk -0.05 0.07 -0.07,
ow 0.25 -18.62 17.75,
lb -3.20 -2.75 8.74,
lk -0.07 0.07 -0.10,
ow 0.25 -18.62 17.75,
lb -3.24 -2.73 8.72,
lk -0.10 0.10 -0.12,
ow 0.25 -18.62 17.75,
lb -3.23 -2.73 8.72,
lk -0.10 0.09 -0.12,
ow 0.25 -18.62 17.75,
lb -3.27 -2.71 8.80,
lk -0.13 0.12 -0.04,
ow 0.25 -18.62 17.75,
lb -3.34 -2.69 9.02,
lk -0.20 0.14 0.17,
ow 0.25 -18.62 17.75,
lb -3.33 -2.68 9.06,
lk -0.19 0.15 0.22,
ow 0.25 -18.62 17.75,
lb -3.34 -2.61 9.15,
lk -0.20 0.21 0.30,
ow 0.25 -18.62 17.75,
lb -3.35 -2.62 9.13,
lk -0.21 0.21 0.29,
ow 0.25 -18.62 17.75,
lb -3.36 -2.58 9.01,
lk -0.21 0.25 0.16,
ow 0.25 -18.62 17.75,
lb -3.36 -2.58 8.92,
lk -0.22 0.26 0.07,
ow 0.25 -18.62 17.81,
lb -3.39 -2.59 8.84,
lk -0.22 0.26 0.07,
ow 0.25 -18.62 17.81,
lb -3.36 -2.57 8.59,
lk -0.25 0.24 0.00,
ow 0.25 -18.56 17.81,
lb -3.33 -2.59 8.50,
lk -0.21 0.25 -0.33,
ow 0.31 -18.56 17.81,
lb -3.24 -2.59 8.47,
lk -0.13 0.26 -0.38,
ow 0.31 -18.44 17.81,
lb -3.14 -2.63 8.50,
lk -0.04 0.22 -0.35,
ow 0.31 -18.37 17.87,
lb -2.94 -2.73 8.45,
lk -0.04 0.22 -0.35,
ow 0.31 -18.31 17.87,
lb -2.85 -2.75 8.48,
lk 0.13 0.13 -0.39,
ow 0.37 -18.31 17.94,
lb -2.78 -2.81 8.50,
lk 0.29 0.05 -0.35,
ow 0.37 -18.25 17.94,
lb -2.74 -2.83 8.57,
lk 0.33 0.03 -0.28,
ow 0.37 -18.25 17.94,
lb -2.76 -2.92 8.78,
lk 0.31 -0.05 -0.07,
ow 0.37 -18.25 17.94,
lb -2.83 -2.91 8.90,
lk 0.31 -0.05 -0.07,
ow 0.37 -18.25 17.87,
lb -2.97 -2.91 8.98,
lk 0.23 -0.05 0.04,
ow 0.37 -18.31 17.81,
lb -3.06 -2.91 9.05,
lk 0.01 -0.06 0.18,
ow 0.37 -18.31 17.81,
lb -3.26 -2.92 9.18,
lk -0.17 -0.07 0.31,
ow 0.37 -18.31 17.75,
lb -3.33 -2.90 9.19,
lk -0.24 -0.06 0.33,
ow 0.37 -18.37 17.75,
lb -3.41 -2.89 9.23,
lk -0.24 -0.06 0.33,
ow 0.37 -18.37 17.69,
lb -3.45 -2.87 9.14,
lk -0.32 -0.05 0.36,
ow 0.37 -18.37 17.69,
lb -3.41 -2.84 9.11,
lk -0.32 0.00 0.24,
ow 0.37 -18.37 17.69,
lb -3.36 -2.82 9.06,
lk -0.26 0.00 0.20,
ow 0.37 -18.37 17.69,
lb -3.27 -2.77 9.05,
lk -0.18 0.05 0.19,
ow 0.37 -18.37 17.69,
lb -3.12 -2.73 8.98,
lk -0.18 0.05 0.19,
ow 0.37 -18.31 17.69,
lb -3.06 -2.70 8.93,
lk -0.03 0.09 0.11,
ow 0.44 -18.31 17.69,
lb -2.97 -2.65 8.89,
lk 0.11 0.17 0.02,
ow 0.44 -18.31 17.69,
lb -2.92 -2.64 8.92,
lk 0.16 0.17 0.05,
ow 0.44 -18.31 17.62,
lb -2.84 -2.61 8.89,
lk 0.23 0.21 0.02,
ow 0.44 -18.31 17.62,
lb -2.82 -2.56 8.87,
lk 0.23 0.21 0.02,
ow 0.44 -18.31 17.62,
lb -2.84 -2.55 8.82,
lk 0.25 0.25 0.00,
ow 0.44 -18.31 17.56,
lb -2.97 -2.59 8.81,
lk 0.10 0.22 -0.05,
ow 0.44 -18.31 17.56,
lb -3.03 -2.60 8.84,
lk 0.05 0.20 -0.02,
ow 0.44 -18.31 17.56,
lb -3.08 -2.62 8.85,
lk 0.00 0.18 -0.01,
ow 0.44 -18.31 17.56,
lb -3.13 -2.63 8.89,
lk -0.04 0.17 0.01,
ow 0.44 -18.31 17.56,
lb -3.28 -2.66 8.81,
lk -0.20 0.15 -0.06,
ow 0.44 -18.31 17.56,
lb -3.18 -2.62 8.89,
lk -0.09 0.18 0.02,
ow 0.44 -18.31 17.56,
lb -3.31 -2.64 8.71,
lk -0.22 0.16 -0.16,
ow 0.44 -18.31 17.56,
lb -3.27 -2.66 8.79,
lk -0.18 0.15 -0.07,
ow 0.44 -18.31 17.62,
lb -3.25 -2.70 8.78,
lk -0.18 0.15 -0.07,
ow 0.44 -18.31 17.62,
lb -3.28 -2.68 8.81,
lk -0.16 0.11 -0.08,
ow 0.44 -18.31 17.62,
lb -3.24 -2.71 8.80,
lk -0.15 0.10 -0.06,
ow 0.44 -18.31 17.62,
lb -3.19 -2.72 8.80,
lk -0.10 0.09 -0.06,
ow 0.44 -18.37 17.62,
lb -3.11 -2.71 8.89,
lk -0.02 0.10 0.02,
ow 0.44 -18.37 17.56,
lb -3.06 -2.73 8.89,
lk -0.02 0.10 0.02,
ow 0.44 -18.31 17.56,
lb -3.07 -2.77 8.88,
lk 0.02 0.08 0.02,
ow 0.44 -18.31 17.56,
lb -3.01 -2.73 8.87,
lk 0.07 0.08 0.00,
ow 0.44 -18.31 17.56,
lb -3.03 -2.73 8.91,
lk 0.05 0.07 0.03,
ow 0.44 -18.31 17.56,
lb -3.04 -2.72 8.96,
lk 0.03 0.08 0.08,
ow 0.44 -18.25 17.56,
lb -3.07 -2.73 8.98,
lk 0.03 0.08 0.08,
ow 0.37 -18.25 17.50,
lb -3.10 -2.84 9.04,
lk 0.00 0.07 0.10,
ow 0.37 -18.19 17.50,
lb -3.12 -2.86 9.02,
lk -0.05 -0.05 0.14,
ow 0.37 -18.19 17.50,
lb -3.11 -2.88 9.02,
lk -0.05 -0.07 0.14,
ow 0.37 -18.12 17.50,
lb -3.14 -2.93 8.99,
lk -0.08 -0.12 0.10,
ow 0.37 -18.12 17.50,
lb -3.13 -2.86 8.86,
lk -0.08 -0.12 0.10,
ow 0.37 -18.12 17.50,
lb -3.13 -2.80 8.78,
lk -0.07 -0.06 -0.02,
ow 0.37 -18.12 17.44,
lb -3.17 -2.78 8.69,
lk -0.11 0.01 -0.19,
ow 0.37 -18.12 17.44,
lb -3.15 -2.73 8.62,
lk -0.09 0.06 -0.26,
ow 0.37 -18.12 17.44,
lb -3.17 -2.69 8.60,
lk -0.11 0.10 -0.28,
ow 0.37 -18.19 17.44,
lb -3.18 -2.66 8.61,
lk -0.11 0.10 -0.28,
ow 0.44 -18.19 17.44,
lb -3.19 -2.63 8.66,
lk -0.12 0.16 -0.22,
ow 0.44 -18.19 17.44,
lb -3.23 -2.64 8.84,
lk -0.15 0.14 -0.04,
ow 0.44 -18.25 17.44,
lb -3.24 -2.61 8.93,
lk -0.16 0.17 0.04,
ow 0.37 -18.25 17.37,
lb -3.26 -2.60 9.02,
lk -0.18 0.17 0.13,
ow 0.37 -18.31 17.31,
lb -3.22 -2.60 9.10,
lk -0.18 0.17 0.13,
ow 0.37 -18.31 17.31,
lb -3.18 -2.57 9.12,
lk -0.14 0.16 0.21,
ow 0.44 -18.31 17.25,
lb -3.13 -2.60 9.13,
lk -0.04 0.15 0.24,
ow 0.44 -18.31 17.25,
lb -3.07 -2.64 9.11,
lk 0.00 0.11 0.22,
ow 0.44 -18.31 17.19,
lb -3.05 -2.64 9.13,
lk 0.02 0.11 0.24,
ow 0.44 -18.25 17.19,
lb -3.00 -2.64 9.02,
lk 0.07 0.11 0.13,
ow 0.44 -18.25 17.19,
lb -2.97 -2.65 9.00,
lk 0.10 0.10 0.11,
ow 0.44 -18.25 17.19,
lb -2.94 -2.63 8.94,
lk 0.13 0.11 0.04,
ow 0.44 -18.25 17.19,
lb -2.91 -2.62 8.87,
lk 0.16 0.13 -0.01,
ow 0.44 -18.25 17.19,
lb -2.94 -2.62 8.86,
lk 0.14 0.13 -0.02,
ow 0.44 -18.31 17.19,
lb -2.96 -2.62 8.85,
lk 0.14 0.13 -0.02,
ow 0.44 -18.31 17.19,
lb -2.99 -2.64 8.85,
lk 0.12 0.12 -0.03,
ow 0.37 -18.31 17.19,
lb -3.09 -2.62 8.89,
lk 0.00 0.12 0.00,
ow 0.37 -18.37 17.19,
lb -3.14 -2.66 8.93,
lk -0.04 0.08 0.04,
ow 0.37 -18.37 17.19,
lb -3.24 -2.64 8.92,
lk -0.13 0.10 0.03,
ow 0.37 -18.44 17.19,
lb -3.26 -2.63 8.92,
lk -0.13 0.10 0.03,
ow 0.37 -18.44 17.19,
lb -3.30 -2.60 8.85,
lk -0.15 0.10 0.03,
ow 0.37 -18.50 17.12,
lb -3.29 -2.60 8.80,
lk -0.17 0.14 -0.07,
ow 0.37 -18.50 17.12,
lb -3.27 -2.56 8.76,
lk -0.15 0.17 -0.11,
ow 0.31 -18.50 17.12,
lb -3.18 -2.59 8.74,
lk -0.07 0.15 -0.13,
ow 0.31 -18.50 17.19,
lb -3.22 -2.58 8.74,
lk -0.07 0.15 -0.13,
ow 0.31 -18.50 17.19,
lb -3.15 -2.61 8.80,
lk -0.10 0.16 -0.13,
ow 0.31 -18.50 17.19,
lb -3.14 -2.60 8.77,
lk -0.02 0.14 -0.10,
ow 0.31 -18.50 17.19,
lb -3.07 -2.62 8.88,
lk 0.04 0.13 0.00,
ow 0.31 -18.50 17.19,
lb -3.05 -2.61 8.88,
lk 0.07 0.13 0.00,
ow 0.31 -18.50 17.19,
lb -3.07 -2.63 8.88,
lk 0.04 0.10 0.00,
ow 0.31 -18.56 17.12,
lb -3.06 -2.64 8.89,
lk 0.05 0.09 0.01,
ow 0.31 -18.56 17.12,
lb -3.16 -2.68 8.86,
lk -0.03 0.05 -0.01,
ow 0.31 -18.56 17.12,
lb -3.18 -2.66 8.88,
lk -0.06 0.08 0.00,
ow 0.31 -18.56 17.12,
lb -3.23 -2.63 8.89,
lk -0.10 0.10 0.01,
ow 0.31 -18.56 17.12,
lb -3.26 -2.66 8.89,
lk -0.10 0.10 0.01,
ow 0.31 -18.56 17.12,
lb -3.27 -2.68 8.88,
lk -0.12 0.08 0.01,
ow 0.31 -18.62 17.19,
lb -3.26 -2.66 8.86,
lk -0.12 0.08 -0.01,
ow 0.31 -18.62 17.19,
lb -3.23 -2.68 8.84,
lk -0.10 0.06 -0.02,
ow 0.31 -18.62 17.19,
lb -3.18 -2.70 8.83,
lk -0.05 0.04 -0.04,
ow 0.31 -18.62 17.19,
lb -3.17 -2.70 8.83,
lk -0.04 0.04 -0.04,
ow 0.31 -18.62 17.19,
lb -3.16 -2.67 8.82,
lk -0.02 0.07 -0.05,
ow 0.31 -18.62 17.19,
lb -3.15 -2.66 8.83,
lk -0.01 0.07 -0.04,
ow 0.31 -18.62 17.19,
lb -3.14 -2.71 8.82,
lk 0.00 0.03 -0.05,
ow 0.31 -18.62 17.19,
lb -3.16 -2.71 8.82,
lk -0.02 0.03 -0.05,
ow 0.31 -18.62 17.19,
lb -3.15 -2.70 8.76,
lk -0.01 0.04 -0.10,
ow 0.31 -18.62 17.19,
lb -3.15 -2.68 8.79,
lk -0.01 0.06 -0.08,
ow 0.31 -18.62 17.19,
lb -3.17 -2.70 8.81,
lk -0.03 0.04 -0.05,
ow 0.31 -18.62 17.19,
lb -3.17 -2.67 8.84,
lk -0.03 0.06 -0.03,
ow 0.31 -18.62 17.19,
lb -3.18 -2.68 8.85,
lk -0.05 0.06 -0.01,
ow 0.31 -18.62 17.19,
lb -3.17 -2.67 8.89,
lk -0.03 0.07 0.01,
ow 0.31 -18.62 17.19,
lb -3.17 -2.64 8.91,
lk -0.03 0.10 0.04,
ow 0.31 -18.62 17.12,
lb -3.16 -2.63 8.91,
lk -0.02 0.10 0.04,
ow 0.31 -18.62 17.12,
lb -3.16 -2.61 8.89,
lk -0.02 0.12 0.02,
ow 0.31 -18.62 17.12,
lb -3.18 -2.61 8.92,
lk -0.05 0.13 0.04,
ow 0.31 -18.62 17.12,
lb -3.19 -2.60 8.89,
lk -0.05 0.13 0.02,
ow 0.31 -18.62 17.12,
lb -3.19 -2.61 8.87,
lk -0.06 0.12 0.00,
ow 0.31 -18.62 17.12,
lb -3.20 -2.62 8.86,
lk -0.06 0.12 0.00,
ow 0.31 -18.62 17.12,
lb -3.22 -2.63 8.88,
lk -0.08 0.10 0.00,
ow 0.31 -18.62 17.12,
lb -3.21 -2.63 8.85,
lk -0.07 0.10 -0.01,
ow 0.31 -18.62 17.12,
lb -3.22 -2.64 8.85,
lk -0.08 0.09 -0.02,
ow 0.31 -18.62 17.12,
lb -3.20 -2.64 8.85,
lk -0.06 0.09 -0.02,
ow 0.31 -18.62 17.12,
lb -3.15 -2.65 8.80,
lk -0.01 0.08 -0.07,
ow 0.31 -18.62 17.12,
lb -3.14 -2.67 8.81,
lk 0.00 0.06 -0.06,
ow 0.31 -18.62 17.12,
lb -3.14 -2.65 8.85,
lk 0.00 0.08 -0.01,
ow 0.31 -18.62 17.12,
lb -3.11 -2.68 8.89,
lk 0.02 0.05 0.01,
ow 0.31 -18.62 17.12,
lb -3.11 -2.68 8.91,
lk 0.02 0.05 0.03,
ow 0.31 -18.62 17.12,
lb -3.12 -2.70 8.91,
lk 0.01 0.03 0.03,
ow 0.31 -18.62 17.12,
lb -3.13 -2.69 8.92,
lk 0.00 0.04 0.04,
ow 0.31 -18.62 17.12,
lb -3.15 -2.70 8.96,
lk -0.01 0.03 0.09,
ow 0.31 -18.62 17.12,
lb -3.14 -2.70 8.91,
lk -0.01 0.03 0.09,
ow 0.31 -18.62 17.12,
lb -3.14 -2.67 8.87,
lk 0.00 0.03 0.03,
ow 0.31 -18.62 17.12,
lb -3.12 -2.67 8.84,
lk 0.00 0.06 -0.02,
ow 0.31 -18.62 17.12,
lb -3.10 -2.65 8.81,
lk 0.02 0.08 -0.06,
ow 0.31 -18.56 17.12,
lb -3.12 -2.63 8.77,
lk 0.00 0.09 -0.10,
ow 0.31 -18.56 17.12,
lb -3.13 -2.64 8.76,
lk 0.00 0.09 -0.11,
ow 0.31 -18.56 17.12,
lb -3.13 -2.64 8.74,
lk 0.00 0.08 -0.13,
ow 0.31 -18.56 17.06,
lb -3.17 -2.60 8.74,
lk -0.03 0.12 -0.13,
ow 0.31 -18.62 17.06,
lb -3.16 -2.61 8.80,
lk -0.02 0.12 -0.08,
ow 0.31 -18.62 17.06,
lb -3.19 -2.61 8.78,
lk -0.06 0.12 -0.09,
ow 0.31 -18.62 17.06,
lb -3.20 -2.61 8.88,
lk -0.07 0.11 0.00,
ow 0.31 -18.62 17.06,
lb -3.21 -2.62 8.89,
lk -0.08 0.10 0.00,
ow 0.31 -18.62 17.06,
lb -3.22 -2.62 8.87,
lk -0.08 0.10 0.00,
ow 0.31 -18.62 17.00,
lb -3.23 -2.62 8.94,
lk -0.10 0.09 0.06,
ow 0.31 -18.62 17.00,
lb -3.24 -2.65 8.97,
lk -0.10 0.06 0.09,
ow 0.31 -18.62 17.00,
lb -3.23 -2.65 8.99,
lk -0.09 0.06 0.10,
ow 0.31 -18.62 17.00,
lb -3.27 -2.66 8.93,
lk -0.13 0.04 0.05,
ow 0.31 -18.62 17.00,
lb -3.19 -2.62 9.03,
lk -0.05 0.08 0.14,
ow 0.31 -18.62 17.00,
lb -3.16 -2.64 8.93,
lk -0.02 0.07 0.04,
ow 0.31 -18.62 17.00,
lb -3.09 -2.65 8.97,
lk 0.04 0.05 0.09,
ow 0.31 -18.62 17.00,
lb -3.10 -2.63 8.93,
lk 0.02 0.07 0.05,
ow 0.31 -18.62 17.00,
lb -3.13 -2.64 8.89,
lk 0.00 0.06 0.00,
ow 0.31 -18.62 17.00,
lb -3.11 -2.63 8.87,
lk 0.01 0.07 0.00,
ow 0.31 -18.62 17.00,
lb -3.10 -2.63 8.88,
lk 0.02 0.07 0.00,
ow 0.31 -18.62 17.00,
lb -3.11 -2.64 8.89,
lk 0.01 0.06 0.00,
ow 0.31 -18.62 17.00,
lb -3.10 -2.63 8.87,
lk 0.02 0.07 0.00,
ow 0.31 -18.62 17.00,
lb -3.11 -2.62 8.87,
lk 0.01 0.09 0.00,
ow 0.31 -18.62 16.94,
lb -3.13 -2.64 8.85,
lk 0.00 0.06 -0.03,
ow 0.31 -18.62 16.94,
lb -3.14 -2.66 8.87,
lk 0.00 0.05 0.00,
ow 0.31 -18.62 16.94,
lb -3.16 -2.69 8.89,
lk -0.02 0.02 0.01,
ow 0.31 -18.62 16.94,
lb -3.15 -2.70 8.92,
lk -0.01 0.01 0.03,
ow 0.31 -18.62 16.94,
lb -3.14 -2.69 8.94,
lk 0.00 0.02 0.06,
ow 0.31 -18.62 16.94,
lb -3.11 -2.67 8.94,
lk 0.02 0.03 0.06,
ow 0.31 -18.62 16.94,
lb -3.13 -2.64 8.94,
lk 0.01 0.06 0.06,
ow 0.31 -18.69 16.94,
lb -3.12 -2.67 8.95,
lk 0.01 0.03 0.06,
ow 0.31 -18.69 16.94,
lb -3.13 -2.67 8.95,
lk 0.00 0.03 0.06,
ow 0.31 -18.69 16.94,
lb -3.16 -2.64 8.93,
lk -0.01 0.05 0.04,
ow 0.31 -18.69 16.94,
lb -3.16 -2.63 8.88,
lk -0.01 0.06 0.00,
ow 0.31 -18.69 16.94,
lb -3.16 -2.59 8.88,
lk -0.01 0.11 0.00,
ow 0.31 -18.69 16.94,
lb -3.17 -2.57 8.88,
lk -0.02 0.12 0.00,
ow 0.31 -18.69 16.94,
lb -3.20 -2.56 8.85,
lk -0.05 0.13 -0.02,
ow 0.31 -18.69 16.94,
lb -3.21 -2.56 8.81,
lk -0.06 0.13 -0.06,
ow 0.31 -18.69 16.94,
lb -3.23 -2.59 8.83,
lk -0.08 0.11 -0.05,
ow 0.31 -18.69 16.94,
lb -3.24 -2.61 8.79,
lk -0.09 0.09 -0.09,
ow 0.31 -18.69 16.94,
lb -3.23 -2.58 8.81,
lk -0.08 0.12 -0.06,
ow 0.31 -18.69 16.94,
lb -3.21 -2.56 8.81,
lk -0.06 0.14 -0.07,
ow 0.31 -18.69 16.94,
lb -3.21 -2.60 8.81,
lk -0.06 0.10 -0.06,
ow 0.31 -18.69 16.94,
lb -3.18 -2.59 8.79,
lk -0.03 0.11 -0.09,
ow 0.31 -18.69 16.94,
lb -3.17 -2.58 8.81,
lk -0.02 0.12 -0.07,
ow 0.31 -18.69 16.94,
lb -3.16 -2.62 8.84,
lk -0.01 0.08 -0.03,
ow 0.31 -18.69 16.94,
lb -3.16 -2.62 8.84,
lk -0.01 0.08 -0.03,
ow 0.31 -18.69 16.94,
lb -3.17 -2.63 8.91,
lk -0.02 0.06 0.02,
ow 0.31 -18.69 16.94,
lb -3.14 -2.63 8.91,
lk 0.00 0.07 0.03,
ow 0.31 -18.69 16.94,
lb -3.16 -2.62 8.92,
lk -0.01 0.08 0.03,
ow 0.31 -18.69 16.87,
lb -3.14 -2.63 8.95,
lk 0.00 0.07 0.07,
ow 0.31 -18.69 16.87,
lb -3.11 -2.57 8.93,
lk 0.03 0.12 0.04,
ow 0.31 -18.69 16.87,
lb -3.12 -2.58 8.90,
lk 0.01 0.12 0.01,
ow 0.31 -18.69 16.87,
lb -3.13 -2.55 8.87,
lk 0.01 0.14 0.00,
ow 0.31 -18.69 16.87,
lb -3.12 -2.58 8.89,
lk 0.01 0.11 0.01,
ow 0.31 -18.69 16.87,
lb -3.13 -2.62 8.96,
lk 0.01 0.08 0.07,
ow 0.31 -18.69 16.87,
lb -3.18 -2.62 8.97,
lk -0.03 0.07 0.08,
ow 0.31 -18.69 16.87,
lb -3.21 -2.58 8.98,
lk -0.06 0.11 0.09,
ow 0.31 -18.69 16.94,
lb -3.20 -2.62 8.93,
lk -0.05 0.08 0.05,
ow 0.31 -18.69 16.94,
lb -3.20 -2.66 8.91,
lk -0.05 0.04 0.02,
ow 0.31 -18.69 16.94,
lb -3.21 -2.70 8.92,
lk -0.06 0.00 0.03,
ow 0.31 -18.69 16.94,
lb -3.17 -2.71 8.90,
lk -0.03 0.00 0.02,
ow 0.31 -18.69 16.94,
lb -3.14 -2.74 8.89,
lk 0.00 -0.04 0.01,
ow 0.31 -18.69 16.94,
lb -3.13 -2.73 8.86,
lk 0.01 -0.02 -0.02,
ow 0.31 -18.69 16.94,
lb -3.10 -2.70 8.84,
lk 0.03 0.00 -0.04,
ow 0.31 -18.69 16.94,
lb -3.11 -2.68 8.83,
lk 0.03 0.02 -0.05,
ow 0.31 -18.69 16.94,
lb -3.08 -2.66 8.80,
lk 0.06 0.04 -0.07,
ow 0.31 -18.69 16.94,
lb -3.07 -2.65 8.77,
lk 0.07 0.04 -0.10,
ow 0.31 -18.69 16.94,
lb -3.08 -2.67 8.75,
lk 0.05 0.03 -0.13,
ow 0.31 -18.69 16.94,
lb -3.15 -2.62 8.83,
lk 0.00 0.07 -0.04,
ow 0.31 -18.69 16.94,
lb -3.17 -2.61 8.91,
lk -0.02 0.09 0.03,
ow 0.31 -18.69 16.94,
lb -3.18 -2.62 8.92,
lk -0.04 0.07 0.03,
ow 0.31 -18.69 16.94,
lb -3.18 -2.61 8.88,
lk -0.03 0.09 0.00,
ow 0.31 -18.69 16.94,
lb -3.16 -2.57 8.85,
lk -0.01 0.12 -0.02,
ow 0.31 -18.69 16.87,
lb -3.14 -2.57 8.88,
lk 0.00 0.12 0.00,
ow 0.31 -18.75 16.87,
lb -3.16 -2.59 8.86,
lk 0.00 0.10 -0.01,
ow 0.31 -18.75 16.87,
lb -3.17 -2.57 8.85,
lk -0.02 0.12 -0.02,
ow 0.31 -18.75 16.87,
lb -3.17 -2.57 8.86,
lk -0.02 0.12 -0.01,
ow 0.31 -18.75 16.87,
lb -3.22 -2.56 8.89,
lk -0.06 0.13 0.01,
ow 0.31 -18.75 16.87,
lb -3.23 -2.59 8.92,
lk -0.08 0.10 0.03,
ow 0.31 -18.75 16.87,
lb -3.25 -2.59 8.93,
lk -0.09 0.10 0.05,
ow 0.31 -18.75 16.87,
lb -3.24 -2.59 8.95,
lk -0.09 0.10 0.07,
ow 0.31 -18.75 16.87,
lb -3.24 -2.59 8.95,
lk -0.09 0.10 0.07,
ow 0.31 -18.75 16.87,
lb -3.21 -2.58 8.91,
lk -0.06 0.11 0.03,
ow 0.31 -18.75 16.87,
lb -3.17 -2.60 8.95,
lk -0.02 0.09 0.07,
ow 0.31 -18.75 16.87,
lb -3.17 -2.63 8.92,
lk -0.02 0.06 0.04,
ow 0.31 -18.75 16.87,
lb -3.17 -2.65 8.90,
lk -0.02 0.04 0.01,
ow 0.31 -18.75 16.87,
lb -3.14 -2.61 8.89,
lk 0.00 0.09 0.00,
ow 0.31 -18.75 16.87,
lb -3.13 -2.64 8.92,
lk 0.01 0.05 0.03,
ow 0.31 -18.75 16.87,
lb -3.12 -2.62 8.94,
lk 0.03 0.07 0.06,
ow 0.31 -18.75 16.87,
lb -3.10 -2.62 8.94,
lk 0.05 0.07 0.05,
ow 0.31 -18.75 16.87,
lb -3.11 -2.63 8.94,
lk 0.05 0.07 0.05,
ow 0.31 -18.75 16.87,
lb -3.10 -2.62 8.95,
lk 0.04 0.06 0.05,
ow 0.37 -18.81 16.87,
lb -3.11 -2.61 8.94,
lk 0.05 0.09 0.06,
ow 0.37 -18.81 16.87,
lb -3.12 -2.61 8.94,
lk 0.03 0.08 0.06,
ow 0.37 -18.81 16.87,
lb -3.14 -2.62 8.94,
lk 0.02 0.07 0.06,
ow 0.37 -18.81 16.87,
lb -3.17 -2.62 8.91,
lk 0.00 0.07 0.03,
ow 0.37 -18.81 16.94,
lb -3.17 -2.61 8.87,
lk 0.00 0.09 0.00,
ow 0.37 -18.81 16.94,
lb -3.18 -2.62 8.84,
lk -0.01 0.07 -0.03,
ow 0.37 -18.81 16.94,
lb -3.24 -2.62 8.84,
lk -0.06 0.08 -0.03,
ow 0.37 -18.87 16.94,
lb -3.24 -2.62 8.82,
lk -0.07 0.08 -0.05,
ow 0.37 -18.87 16.94,
lb -3.24 -2.62 8.81,
lk -0.06 0.07 -0.05,
ow 0.37 -18.87 16.94,
lb -3.26 -2.59 8.81,
lk -0.08 0.11 -0.05,
ow 0.37 -18.87 16.94,
lb -3.23 -2.58 8.79,
lk -0.05 0.12 -0.07,
ow 0.37 -18.87 16.94,
lb -3.21 -2.59 8.81,
lk -0.03 0.11 -0.06,
ow 0.37 -18.87 16.94,
lb -3.18 -2.61 8.84,
lk 0.00 0.09 -0.02,
ow 0.37 -18.87 16.94,
lb -3.21 -2.60 8.81,
lk -0.02 0.10 -0.05,
ow 0.37 -18.94 16.94,
lb -3.22 -2.59 8.86,
lk -0.03 0.11 0.00,
ow 0.37 -18.94 16.94,
lb -3.19 -2.62 8.86,
lk -0.01 0.08 0.00,
ow 0.37 -18.94 16.94,
lb -3.21 -2.62 8.89,
lk -0.02 0.08 0.02,
ow 0.37 -18.94 16.94,
lb -3.19 -2.61 8.87,
lk -0.01 0.09 0.00,
ow 0.37 -18.94 16.94,
lb -3.19 -2.59 8.86,
lk -0.01 0.11 0.00,
ow 0.37 -18.94 16.94,
lb -3.19 -2.61 8.83,
lk -0.01 0.09 -0.03,
ow 0.37 -18.94 16.94,
lb -3.19 -2.60 8.81,
lk -0.01 0.10 -0.05,
ow 0.37 -18.94 16.94,
lb -3.18 -2.58 8.86,
lk 0.00 0.12 0.00,
ow 0.37 -18.94 16.94,
lb -3.17 -2.60 8.86,
lk 0.01 0.10 0.00,
ow 0.37 -18.94 17.00,
lb -3.17 -2.62 8.89,
lk 0.01 0.09 0.02,
ow 0.37 -18.94 17.00,
lb -3.18 -2.57 8.90,
lk 0.00 0.14 0.03,
ow 0.37 -18.94 17.00,
lb -3.18 -2.62 8.91,
lk 0.00 0.09 0.04,
ow 0.37 -18.94 17.00,
lb -3.22 -2.63 8.90,
lk -0.04 0.07 0.03,
ow 0.37 -18.94 17.00,
lb -3.20 -2.65 8.91,
lk -0.01 0.05 0.04,
ow 0.37 -18.94 17.00,
lb -3.21 -2.64 8.93,
lk -0.02 0.06 0.06,
ow 0.37 -18.94 17.00,
lb -3.21 -2.65 8.87,
lk -0.03 0.06 0.00,
ow 0.37 -18.94 17.00,
lb -3.22 -2.66 8.87,
lk -0.03 0.04 0.00,
ow 0.37 -18.94 17.00,
lb -3.17 -2.68 8.89,
lk 0.01 0.03 0.02,
ow 0.37 -18.94 17.00,
lb -3.19 -2.69 8.91,
lk 0.00 0.02 0.04,
ow 0.37 -18.94 17.00,
lb -3.19 -2.70 8.90,
lk 0.00 0.01 0.03,
ow 0.37 -18.94 17.00,
lb -3.19 -2.72 8.92,
lk 0.00 0.00 0.05,
ow 0.37 -18.94 17.00,
lb -3.21 -2.73 8.87,
lk -0.02 -0.01 0.01,
ow 0.37 -18.94 17.00,
lb -3.22 -2.73 8.84,
lk -0.03 -0.01 -0.02,
ow 0.31 -18.94 17.00,
lb -3.23 -2.72 8.83,
lk -0.03 0.00 -0.02,
ow 0.31 -19.00 17.00,
lb -3.24 -2.71 8.80,
lk -0.04 0.00 -0.06,
ow 0.31 -19.00 17.00,
lb -3.25 -2.70 8.77,
lk -0.05 0.01 -0.08,
ow 0.31 -19.00 17.00,
lb -3.23 -2.67 8.73,
lk -0.03 0.04 -0.13,
ow 0.31 -19.00 17.00,
lb -3.25 -2.66 8.77,
lk -0.05 0.04 -0.09,
ow 0.31 -19.00 17.00,
lb -3.25 -2.66 8.78,
lk -0.06 0.04 -0.08,
ow 0.31 -19.00 17.00,
lb -3.27 -2.64 8.82,
lk -0.08 0.07 -0.04,
ow 0.31 -19.00 17.00,
lb -3.26 -2.61 8.82,
lk -0.06 0.09 -0.04,
ow 0.31 -19.00 17.00,
lb -3.22 -2.58 8.83,
lk -0.03 0.12 -0.03,
ow 0.31 -19.00 16.94,
lb -3.24 -2.57 8.87,
lk -0.04 0.13 0.00,
ow 0.37 -19.00 16.94,
lb -3.22 -2.58 8.90,
lk -0.03 0.11 0.03,
ow 0.37 -19.00 16.94,
lb -3.22 -2.58 8.88,
lk -0.03 0.11 0.01,
ow 0.37 -19.00 16.94,
lb -3.22 -2.59 8.90,
lk -0.02 0.11 0.03,
ow 0.37 -19.00 16.94,
lb -3.20 -2.58 8.88,
lk -0.01 0.11 0.01,
ow 0.37 -19.00 16.94,
lb -3.23 -2.58 8.89,
lk -0.03 0.11 0.02,
ow 0.37 -19.00 16.94,
lb -3.24 -2.56 8.87,
lk -0.04 0.14 0.00,
ow 0.37 -19.00 16.94,
lb -3.24 -2.51 8.88,
lk -0.05 0.18 0.01,
ow 0.37 -19.00 16.94,
lb -3.26 -2.55 8.89,
lk -0.06 0.14 0.02,
ow 0.37 -19.00 16.94,
lb -3.22 -2.58 8.88,
lk -0.03 0.12 0.01,
ow 0.37 -19.00 16.94,
lb -3.23 -2.57 8.87,
lk -0.03 0.13 0.00,
ow 0.37 -19.00 16.94,
lb -3.22 -2.56 8.90,
lk -0.02 0.14 0.03,
ow 0.37 -19.00 16.94,
lb -3.22 -2.54 8.90,
lk -0.03 0.15 0.03,
ow 0.37 -19.00 16.94,
lb -3.20 -2.54 8.89,
lk -0.01 0.15 0.02,
ow 0.37 -19.00 16.94,
lb -3.20 -2.57 8.84,
lk -0.01 0.12 -0.01,
ow 0.37 -19.00 16.94,
lb -3.23 -2.58 8.85,
lk -0.04 0.12 -0.01,
ow 0.37 -19.00 16.94,
lb -3.22 -2.58 8.86,
lk -0.03 0.12 0.00,
ow 0.37 -19.00 16.94,
lb -3.22 -2.59 8.88,
lk -0.03 0.10 0.01,
ow 0.37 -19.00 16.94,
lb -3.20 -2.62 8.88,
lk -0.01 0.07 0.01,
ow 0.37 -19.00 16.94,
lb -3.20 -2.60 8.88,
lk -0.01 0.09 0.01,
ow 0.37 -19.00 16.94,
lb -3.16 -2.64 8.91,
lk 0.03 0.06 0.04,
ow 0.37 -19.00 16.94,
lb -3.17 -2.65 8.89,
lk 0.02 0.05 0.02,
ow 0.37 -19.00 16.94,
lb -3.17 -2.68 8.92,
lk 0.01 0.01 0.05,
ow 0.37 -19.00 16.94,
lb -3.16 -2.64 8.91,
lk 0.03 0.05 0.04,
ow 0.37 -19.00 16.94,
lb -3.16 -2.68 8.88,
lk 0.03 0.02 0.01,
ow 0.37 -19.00 16.94,
lb -3.17 -2.69 8.90,
lk 0.02 0.01 0.03,
ow 0.37 -19.00 16.94,
lb -3.18 -2.66 8.92,
lk 0.01 0.03 0.05,
ow 0.37 -19.00 16.94,
lb -3.17 -2.63 8.89,
lk 0.01 0.06 0.02,
ow 0.37 -19.00 16.94,
lb -3.18 -2.67 8.87,
lk 0.00 0.02 0.00,
ow 0.37 -19.00 16.94,
lb -3.20 -2.66 8.87,
lk -0.01 0.04 0.01,
ow 0.37 -19.00 16.94,
lb -3.22 -2.65 8.87,
lk -0.02 0.05 0.01,
ow 0.37 -19.00 16.94,
lb -3.24 -2.58 8.87,
lk -0.04 0.12 0.01,
ow 0.37 -19.00 16.94,
lb -3.23 -2.59 8.85,
lk -0.04 0.10 0.00,
ow 0.37 -19.00 16.94,
lb -3.23 -2.59 8.84,
lk -0.04 0.10 -0.02,
ow 0.37 -19.00 16.94,
lb -3.26 -2.60 8.83,
lk -0.07 0.10 -0.03,
ow 0.37 -19.00 16.94,
lb -3.25 -2.62 8.84,
lk -0.06 0.08 -0.02,
ow 0.37 -19.00 16.94,
lb -3.26 -2.61 8.83,
lk -0.06 0.09 -0.03,
ow 0.37 -19.00 16.94,
lb -3.24 -2.62 8.84,
lk -0.05 0.08 -0.02,
ow 0.37 -19.00 16.94,
lb -3.21 -2.58 8.79,
lk -0.02 0.11 -0.07,
ow 0.37 -19.00 16.94,
lb -3.24 -2.58 8.77,
lk -0.04 0.11 -0.09,
ow 0.37 -19.00 16.94,
lb -3.22 -2.62 8.80,
lk -0.02 0.08 -0.06,
ow 0.37 -19.00 16.94,
lb -3.24 -2.62 8.89,
lk -0.05 0.07 0.02,
ow 0.37 -19.00 16.94,
lb -3.28 -2.68 8.93,
lk -0.08 0.01 0.06,
ow 0.37 -19.00 16.94,
lb -3.28 -2.66 8.92,
lk -0.08 0.03 0.05,
ow 0.37 -19.00 16.94,
lb -3.26 -2.64 8.89,
lk -0.06 0.05 0.02,
ow 0.37 -19.00 16.94,
lb -3.25 -2.66 8.87,
lk -0.05 0.03 0.00,
ow 0.37 -19.00 16.94,
lb -3.22 -2.67 8.84,
lk -0.03 0.02 -0.01,
ow 0.37 -19.00 16.94,
lb -3.24 -2.67 8.84,
lk -0.05 0.02 -0.02,
ow 0.37 -19.00 16.94,
lb -3.25 -2.67 8.83,
lk -0.05 0.03 -0.03,
ow 0.37 -19.00 16.94,
lb -3.25 -2.64 8.78,
lk -0.05 0.05 -0.08,
ow 0.37 -19.00 16.94,
lb -3.26 -2.63 8.80,
lk -0.06 0.06 -0.06,
ow 0.37 -19.00 16.94,
lb -3.27 -2.64 8.83,
lk -0.07 0.05 -0.03,
ow 0.37 -19.00 16.94,
lb -3.27 -2.62 8.82,
lk -0.07 0.07 -0.04,
ow 0.37 -19.00 16.94,
lb -3.22 -2.62 8.84,
lk -0.02 0.08 -0.02,
ow 0.37 -19.00 16.94,
lb -3.20 -2.62 8.88,
lk 0.00 0.08 0.01,
ow 0.37 -19.00 16.94,
lb -3.18 -2.61 8.91,
lk 0.00 0.08 0.04,
ow 0.37 -19.00 16.87,
lb -3.19 -2.59 8.89,
lk 0.00 0.10 0.02,
ow 0.37 -19.00 16.87,
lb -3.18 -2.60 8.94,
lk 0.00 0.09 0.06,
ow 0.37 -19.00 16.87,
lb -3.18 -2.61 8.94,
lk 0.00 0.08 0.07,
ow 0.37 -19.00 16.87,
lb -3.19 -2.60 8.93,
lk 0.00 0.09 0.06,
ow 0.37 -19.00 16.87,
lb -3.17 -2.60 8.93,
lk 0.01 0.09 0.06,
ow 0.37 -19.00 16.87,
lb -3.16 -2.55 8.94,
lk 0.03 0.14 0.07,
ow 0.37 -19.00 16.87,
lb -3.15 -2.54 8.95,
lk 0.03 0.15 0.07,
ow 0.37 -19.00 16.87,
lb -3.17 -2.54 8.93,
lk 0.02 0.15 0.06,
ow 0.37 -19.00 16.87,
lb -3.14 -2.55 8.92,
lk 0.04 0.14 0.05,
ow 0.37 -19.00 16.87,
lb -3.17 -2.55 8.90,
lk 0.01 0.14 0.03,
ow 0.37 -19.00 16.87,
lb -3.21 -2.56 8.89,
lk -0.01 0.13 0.02,
ow 0.37 -19.00 16.87,
lb -3.21 -2.56 8.90,
lk -0.01 0.13 0.03,
ow 0.37 -19.00 16.87,
lb -3.20 -2.58 8.87,
lk -0.01 0.12 0.00,
ow 0.37 -19.00 16.94,
lb -3.23 -2.59 8.84,
lk -0.03 0.10 -0.02,
ow 0.37 -19.00 16.94,
lb -3.21 -2.60 8.84,
lk -0.01 0.10 -0.01,
ow 0.37 -19.00 16.94,
lb -3.22 -2.61 8.81,
lk -0.02 0.09 -0.05,
ow 0.37 -19.00 16.94,
lb -3.24 -2.65 8.80,
lk -0.05 0.05 -0.06,
ow 0.37 -19.00 16.94,
lb -3.22 -2.66 8.81,
lk -0.02 0.04 -0.05,
ow 0.37 -19.00 16.94,
lb -3.21 -2.68 8.78,
lk -0.01 0.02 -0.07,
ow 0.31 -19.00 16.94,
lb -3.21 -2.70 8.83,
lk -0.02 0.00 -0.03,
ow 0.31 -19.00 17.00,
lb -3.25 -2.73 8.83,
lk -0.05 -0.01 -0.03,
ow 0.31 -19.00 17.00,
lb -3.24 -2.75 8.87,
lk -0.05 -0.04 0.01,
ow 0.37 -19.00 17.00,
lb -3.24 -2.76 8.84,
lk -0.04 -0.05 -0.01,
ow 0.37 -19.00 16.94,
lb -3.27 -2.77 8.89,
lk -0.07 -0.06 0.03,
ow 0.37 -19.00 16.94,
lb -3.26 -2.77 8.94,
lk -0.05 -0.07 0.07,
ow 0.37 -19.06 16.94,
lb -3.24 -2.76 8.92,
lk -0.04 -0.06 0.06,
ow 0.37 -19.06 16.94,
lb -3.27 -2.76 8.90,
lk -0.06 -0.05 0.03,
ow 0.37 -19.06 16.94,
lb -3.27 -2.71 8.87,
lk -0.06 -0.01 0.01,
ow 0.37 -19.06 16.94,
lb -3.26 -2.67 8.87,
lk -0.05 0.02 0.00,
ow 0.37 -19.06 16.94,
lb -3.29 -2.62 8.88,
lk -0.08 0.08 0.02,
ow 0.37 -19.06 16.94,
lb -3.28 -2.59 8.91,
lk -0.07 0.10 0.04,
ow 0.37 -19.06 16.94,
lb -3.27 -2.53 8.96,
lk -0.06 0.16 0.09,
ow 0.37 -19.06 16.94,
lb -3.25 -2.52 8.92,
lk -0.04 0.17 0.06,
ow 0.37 -19.06 16.94,
lb -3.25 -2.51 8.89,
lk -0.04 0.18 0.03,
ow 0.37 -19.06 16.87,
lb -3.19 -2.55 8.85,
lk 0.00 0.14 0.00,
ow 0.37 -19.06 16.87,
lb -3.17 -2.54 8.86,
lk 0.03 0.14 0.00,
ow 0.37 -19.06 16.87,
lb -3.16 -2.56 8.82,
lk 0.04 0.12 -0.04,
ow 0.37 -19.06 16.87,
lb -3.16 -2.58 8.80,
lk 0.04 0.10 -0.06,
ow 0.37 -19.06 16.87,
lb -3.20 -2.54 8.71,
lk 0.00 0.14 -0.15,
et 15002,