ow 26.94 -78.81 80.62,
lb -9.75 -1.75 -0.24,
lk 0.08 0.13 -0.26,
ow 27.62 -78.31 84.94,
lb -9.75 -1.75 -0.24,
lk -0.15 0.21 -0.41,
ow 28.25 -77.75 88.87,
lb -10.00 -1.91 -0.76,
lk -0.30 -0.09 -0.65,
ow 28.81 -77.25 92.37,
lb -10.06 -1.58 -0.80,
lk -0.44 0.24 -0.67,
ow 29.25 -76.75 95.69,
lb -10.07 -1.33 -0.92,
lk -0.51 0.65 -0.58,
ow 29.62 -76.31 98.75,
lb -10.07 -1.33 -0.92,
lk -0.54 0.95 -0.57,
ow 29.94 -75.87 101.69,
lb -10.20 -0.95 -1.19,
lk -0.69 1.38 -0.71,
ow 30.19 -75.37 104.44,
lb -10.26 -1.08 -1.38,
lk -0.70 1.41 -0.71,
ow 30.37 -74.94 107.06,
lb -10.18 -0.83 -1.81,
lk -0.78 1.34 -0.63,
ow 30.50 -74.56 109.56,
lb -10.24 -1.30 -2.34,
lk -0.73 1.61 -0.94,
ow 30.56 -74.12 111.94,
lb -10.24 -1.30 -2.34,
lk -0.80 1.17 -1.34,
ow 30.56 -73.75 114.06,
lb -10.33 -2.05 -2.72,
lk -0.92 0.44 -1.60,
ow 30.50 -73.44 116.06,
lb -10.57 -3.82 -2.61,
lk -0.79 0.36 -1.76,
ow 30.37 -73.12 117.94,
lb -10.57 -2.87 -2.14,
lk -1.19 -1.31 -1.28,
ow 30.19 -72.94 119.87,
lb -10.80 -3.05 -1.66,
lk -1.19 -0.38 -0.71,
ow 29.81 -72.81 121.87,
lb -10.80 -3.05 -1.66,
lk -1.43 -0.60 -0.13,
ow 29.44 -72.69 124.00,
lb -11.11 -3.27 -1.59,
lk -1.75 -0.85 0.03,
ow 29.00 -72.56 126.19,
lb -11.47 -2.78 -2.57,
lk -2.05 -0.72 -0.52,
ow 28.44 -72.50 128.44,
lb -11.49 -2.50 -2.91,
lk -2.11 -0.48 -0.74,
ow 27.75 -72.50 130.69,
lb -11.46 -2.22 -3.07,
lk -2.13 -0.27 -0.99,
ow 27.06 -72.56 132.94,
lb -11.46 -2.22 -3.07,
lk -2.10 -0.07 -1.07,
ow 26.25 -72.62 135.19,
lb -11.42 -1.76 -3.84,
lk -2.06 0.29 -1.77,
ow 25.44 -72.75 137.44,
lb -11.28 -1.53 -4.23,
lk -2.06 0.32 -2.03,
ow 24.50 -72.94 139.56,
lb -10.80 -1.42 -3.67,
lk -1.90 0.32 -2.05,
ow 23.50 -73.25 141.56,
lb -10.50 -1.35 -3.18,
lk -1.41 0.32 -1.46,
ow 22.44 -73.56 143.56,
lb -10.50 -1.35 -3.18,
lk -1.09 0.28 -0.96,
ow 21.31 -74.00 145.69,
lb -10.28 -1.42 -2.87,
lk -0.85 0.09 -0.64,
ow 20.19 -74.44 147.88,
lb -10.01 -1.58 -2.36,
lk -0.78 -0.14 -0.41,
ow 19.00 -74.87 150.25,
lb -10.06 -1.64 -2.47,
lk -0.54 -0.31 -0.14,
ow 17.81 -75.31 152.69,
lb -10.11 -1.75 -2.50,
lk -0.57 -0.50 -0.26,
ow 16.56 -75.75 155.25,
lb -10.11 -1.75 -2.50,
lk -0.60 -0.74 -0.32,
ow 15.31 -76.25 157.94,
lb -10.14 -1.70 -2.63,
lk -0.61 -0.83 -0.48,
ow 14.06 -76.75 160.75,
lb -10.12 -1.26 -2.63,
lk -0.60 -0.79 -0.67,
ow 12.81 -77.37 163.75,
lb -10.07 -1.00 -2.34,
lk -0.55 -0.66 -0.58,
ow 11.56 -77.94 166.94,
lb -9.77 -0.67 -2.04,
lk -0.48 -0.54 -0.35,
ow 10.38 -78.56 170.44,
lb -9.77 -0.67 -2.04,
lk -0.16 -0.35 -0.13,
ow 9.19 -79.12 174.19,
lb -9.70 -0.68 -2.12,
lk -0.07 -0.49 -0.29,
ow 8.00 -79.75 178.25,
lb -9.50 -0.49 -1.84,
lk 0.03 -0.53 -0.23,
ow 6.88 -80.25 -177.19,
lb -9.57 -0.40 -1.68,
lk 0.15 -0.57 -0.19,
ow 5.81 -80.81 -172.31,
lb -9.61 -0.42 -1.51,
lk 0.10 -0.61 -0.12,
ow 4.88 -81.25 -166.94,
lb -9.61 -0.42 -1.51,
lk 0.08 -0.75 -0.06,
ow 3.88 -81.62 -161.19,
lb -9.60 -0.39 -1.49,
lk 0.10 -0.85 -0.14,
ow 3.00 -82.00 -154.94,
lb -9.32 -0.17 -0.80,
lk 0.18 -0.90 -0.09,
ow 2.13 -82.25 -148.38,
lb -9.27 0.02 -0.60,
lk 0.39 -0.86 0.31,
ow 1.31 -82.44 -141.63,
lb -9.26 0.08 -0.51,
lk 0.44 -0.77 0.40,
ow 0.69 -82.56 -134.75,
lb -9.26 0.08 -0.51,
lk 0.46 -0.81 0.37,
ow 0.06 -82.62 -127.50,
lb -9.33 -0.14 -0.16,
lk 0.38 -1.13 0.59,
ow 359.56 -82.62 -120.00,
lb -8.83 -0.09 0.36,
lk 0.69 -1.11 0.79,
ow 359.06 -82.50 -112.31,
lb -8.78 -0.13 0.51,
lk 0.88 -1.27 0.85,
ow 358.63 -82.25 -104.87,
lb -8.79 -0.21 0.54,
lk 0.93 -1.40 0.84,
ow 358.31 -82.00 -97.81,
lb -8.79 -0.21 0.54,
lk 0.91 -1.56 0.72,
ow 358.00 -81.56 -91.37,
lb -8.57 -0.18 0.50,
lk 1.13 -1.61 0.53,
ow 357.81 -81.12 -85.75,
lb -8.58 0.25 0.60,
lk 0.90 -1.36 0.47,
ow 357.69 -80.62 -81.00,
lb -8.57 0.70 0.58,
lk 1.09 -1.31 0.35,
ow 357.63 -80.06 -77.25,
lb -8.48 0.72 0.73,
lk 1.08 -0.94 0.21,
ow 357.56 -79.50 -74.44,
lb -8.48 0.72 0.73,
lk 1.15 -0.98 0.26,
ow 357.56 -79.00 -72.31,
lb -8.58 0.99 0.84,
lk 1.04 -0.78 0.28,
ow 357.63 -78.56 -70.75,
lb -8.54 1.27 0.56,
lk 1.08 -0.77 0.36,
ow 357.69 -78.12 -69.56,
lb -8.51 1.10 0.33,
lk 1.05 -0.60 -0.14,
ow 357.75 -77.75 -68.62,
lb -8.64 1.21 0.29,
lk 1.06 -0.82 -0.41,
ow 357.88 -77.37 -67.69,
lb -8.64 1.21 0.29,
lk 0.92 -0.76 -0.51,
ow 358.00 -77.06 -66.81,
lb -8.90 1.26 0.95,
lk 0.65 -0.74 0.09,
ow 358.06 -76.81 -65.94,
lb -9.11 1.67 1.07,
lk 0.54 -0.56 0.24,
ow 358.19 -76.50 -65.25,
lb -9.25 1.87 0.95,
lk 0.42 -0.40 0.12,
ow 358.38 -76.31 -64.81,
lb -9.33 1.92 0.86,
lk 0.27 -0.22 -0.02,
ow 358.44 -76.06 -64.50,
lb -9.33 1.92 0.86,
lk 0.18 -0.19 -0.14,
ow 358.56 -75.87 -64.31,
lb -9.24 1.92 1.24,
lk 0.26 -0.22 0.20,
ow 358.69 -75.69 -64.25,
lb -7.31 5.53 3.23,
lk 0.50 -0.42 0.99,
ow 358.69 -75.56 -64.31,
lb -9.56 -0.11 0.42,
lk 2.18 3.33 2.18,
ow 358.94 -75.69 -64.44,
lb -9.70 0.44 0.22,
lk -0.05 -2.29 -0.61,
ow 359.19 -75.81 -64.56,
lb -9.70 0.44 0.22,
lk -0.19 -1.72 -0.80,
ow 359.50 -75.81 -64.50,
lb -9.59 1.59 0.44,
lk -0.08 -0.56 -0.58,
ow 359.81 -75.87 -64.25,
lb -9.41 3.06 0.89,
lk 0.08 0.46 -0.41,
ow 0.25 -75.94 -63.81,
lb -9.52 2.15 1.20,
lk 0.10 0.93 -0.15,
ow 0.88 -76.19 -63.19,
lb -9.55 1.80 1.26,
lk 0.00 0.07 0.14,
ow 1.50 -76.44 -62.63,
lb -9.55 1.80 1.26,
lk -0.02 -0.23 0.21,
ow 2.19 -76.69 -62.25,
lb -9.24 2.14 1.31,
lk 0.30 0.15 0.27,
ow 2.94 -77.06 -61.88,
lb -8.98 1.94 1.13,
lk 0.46 0.04 0.22,
ow 3.69 -77.37 -61.75,
lb -8.90 1.99 1.10,
lk 0.58 0.06 0.12,
ow 4.44 -77.81 -61.75,
lb -8.83 2.44 0.55,
lk 0.68 0.17 0.12,
ow 5.19 -78.25 -62.00,
lb -8.83 2.44 0.55,
lk 0.76 0.68 -0.38,
ow 6.00 -78.69 -62.25,
lb -8.98 2.50 -0.69,
lk 0.63 0.80 -1.58,
ow 6.88 -79.12 -62.13,
lb -8.66 2.13 0.86,
lk 0.76 0.80 -0.98,
ow 7.75 -79.62 -61.63,
lb -8.34 2.43 1.85,
lk 0.98 0.58 0.02,
ow 8.63 -80.12 -61.06,
lb -8.40 2.37 1.42,
lk 1.31 0.96 1.04,
ow 9.56 -80.75 -60.75,
lb -8.40 2.37 1.42,
lk 1.27 1.00 0.65,
ow 10.56 -81.44 -60.56,
lb -8.39 2.27 1.00,
lk 1.29 1.01 0.28,
ow 11.56 -82.25 -60.44,
lb -8.40 1.20 0.10,
lk 1.43 0.92 0.09,
ow 12.63 -83.12 -60.25,
lb -8.38 1.03 0.00,
lk 1.33 0.18 -0.48,
ow 13.63 -84.00 -5.13,
lb -8.14 1.16 0.04,
lk 1.36 0.15 -0.50,
ow 14.56 -84.87 -4.38,
lb -8.14 1.16 0.04,
lk 1.62 0.41 -0.39,
ow 19.50 -85.75 -3.63,
lb -7.58 1.58 0.02,
lk 2.19 0.96 -0.34,
ow 20.37 -86.69 -2.81,
lb -7.17 1.56 0.02,
lk 2.38 1.05 -0.25,
ow 21.37 -87.69 -2.00,
lb -7.11 1.42 -0.01,
lk 2.62 1.21 -0.16,
ow 22.37 -88.75 -1.12,
lb -7.23 1.09 -0.14,
lk 2.69 1.22 -0.10,
ow 23.37 -89.75 -179.75,
lb -7.23 1.09 -0.14,
lk 2.57 1.05 -0.12,
ow 24.31 -88.87 179.25,
lb -7.42 0.69 -0.27,
lk 2.38 0.82 -0.13,
ow 25.31 -87.69 178.25,
lb -8.55 -0.87 -1.30,
lk 1.84 0.09 -0.32,
ow 26.31 -86.56 177.31,
lb -9.44 -1.08 -1.12,
lk 1.23 -0.42 -0.92,
ow 27.25 -85.50 176.50,
lb -9.69 -0.90 -0.42,
lk 0.33 -0.49 -0.64,
ow 28.00 -84.62 175.81,
lb -9.69 -0.90 -0.42,
lk 0.07 -0.18 0.14,
ow 28.44 -83.81 175.13,
lb -9.94 -0.67 -0.23,
lk -0.19 0.15 0.42,
ow 28.94 -82.94 129.25,
lb -10.79 -0.51 -1.02,
lk -0.78 0.39 0.28,
ow 29.44 -82.12 130.63,
lb -10.91 -0.40 -1.14,
lk -1.07 0.49 -0.15,
ow 29.75 -81.31 132.19,
lb -10.83 -0.03 -1.21,
lk -1.21 0.69 -0.15,
ow 30.06 -80.50 133.81,
lb -10.83 -0.03 -1.21,
lk -1.15 1.12 -0.10,
ow 30.06 -79.81 135.44,
lb -10.40 0.35 -2.45,
lk -0.75 1.57 -1.21,
ow 30.25 -79.06 136.94,
lb -10.66 0.20 -3.69,
lk -0.80 1.63 -1.84,
ow 30.37 -78.37 138.19,
lb -10.79 -0.24 -3.59,
lk -1.06 1.51 -2.22,
ow 30.37 -77.75 139.25,
lb -10.92 -0.91 -3.67,
lk -1.21 1.10 -2.02,
ow 30.31 -77.31 140.06,
lb -10.92 -0.91 -3.67,
lk -1.35 0.46 -2.02,
ow 30.12 -76.94 140.69,
lb -10.93 -1.09 -3.32,
lk -1.37 0.30 -1.61,
ow 30.06 -76.69 141.13,
lb -10.91 -1.19 -2.26,
lk -1.30 0.07 -1.00,
ow 29.87 -76.56 141.50,
lb -10.87 -1.47 -1.53,
lk -1.37 0.21 -0.47,
ow 29.69 -76.50 142.06,
lb -10.79 -1.47 -1.80,
lk -1.34 -0.07 0.27,
ow 29.37 -76.44 142.94,
lb -10.79 -1.47 -1.80,
lk -1.26 -0.08 0.02,
ow 29.00 -76.37 144.06,
lb -10.55 -1.36 -2.14,
lk -1.02 -0.01 -0.27,
ow 28.50 -76.37 145.44,
lb -9.84 -0.77 -3.16,
lk -0.51 0.27 -1.03,
ow 28.00 -76.37 146.88,
lb -9.74 -0.68 -3.48,
lk -0.31 0.48 -1.22,
ow 27.50 -76.37 148.25,
lb -9.51 -0.63 -3.37,
lk -0.21 0.52 -1.52,
ow 27.00 -76.50 149.44,
lb -9.51 -0.63 -3.37,
lk 0.02 0.52 -1.40,
ow 26.56 -76.69 150.56,
lb -9.16 -0.67 -3.02,
lk 0.37 0.43 -1.05,
ow 26.19 -76.94 151.63,
lb -8.85 -0.58 -2.47,
lk 0.57 0.45 -0.75,
ow 25.81 -77.19 152.56,
lb -8.78 -0.60 -2.27,
lk 0.70 0.40 -0.54,
ow 25.50 -77.44 153.63,
lb -9.32 -0.73 -1.74,
lk 0.78 0.33 -0.36,
ow 25.19 -77.69 154.75,
lb -9.32 -0.73 -1.74,
lk 0.25 0.15 0.14,
ow 24.94 -77.94 156.06,
lb -9.61 -0.79 -1.55,
lk -0.02 0.02 0.31,
ow 24.62 -78.12 157.63,
lb -10.35 -0.88 -1.43,
lk -0.21 0.05 0.46,
ow 24.31 -78.19 159.38,
lb -10.69 -1.09 -1.59,
lk -0.75 -0.18 0.44,
ow 23.94 -78.25 161.13,
lb -11.08 -1.47 -1.86,
lk -1.09 -0.45 0.28,
ow 23.56 -78.25 162.88,
lb -11.08 -1.47 -1.86,
lk -1.48 -0.89 0.04,
ow 23.25 -78.25 164.44,
lb -11.25 -1.75 -2.31,
lk -1.65 -1.22 -0.39,
ow 22.94 -78.31 165.81,
lb -11.35 -2.33 -2.79,
lk -1.78 -1.65 -0.80,
ow 22.62 -78.44 167.06,
lb -11.25 -2.36 -2.93,
lk -1.74 -1.89 -0.88,
ow 22.37 -78.62 168.13,
lb -10.88 -2.20 -2.51,
lk -1.63 -1.96 -1.04,
ow 22.12 -78.94 169.13,
lb -10.88 -2.20 -2.51,
lk -1.25 -1.85 -0.67,
ow 21.81 -79.31 170.13,
lb -10.33 -1.66 -1.83,
lk -0.69 -1.35 -0.05,
ow 21.62 -79.75 171.06,
lb -9.78 -1.24 -1.27,
lk -0.36 -1.16 0.19,
ow 21.44 -80.19 171.94,
lb -9.58 -1.05 -1.21,
lk -0.11 -1.01 0.37,
ow 21.25 -80.62 172.75,
lb -9.18 -0.84 -1.33,
lk 0.09 -0.85 0.36,
ow 21.19 -81.06 173.56,
lb -9.18 -0.84 -1.33,
lk 0.49 -0.67 0.17,
ow 21.19 -81.50 174.38,
lb -8.97 -0.68 -1.32,
lk 0.72 -0.54 0.10,
ow 21.19 -81.94 175.06,
lb -8.41 -0.25 -0.67,
lk 0.93 -0.51 0.17,
ow 21.25 -82.44 175.75,
lb -8.40 -0.14 -0.67,
lk 1.30 -0.16 0.61,
ow 21.37 -82.81 176.31,
lb -8.51 -0.20 -0.67,
lk 1.32 -0.06 0.53,
ow 21.44 -83.19 179.63,
lb -8.51 -0.20 -0.67,
lk 1.22 -0.13 0.48,
ow 21.69 -83.56 179.69,
lb -8.59 -0.22 -0.57,
lk 1.14 -0.17 0.51,
ow 21.69 -83.94 179.75,
lb -8.79 -0.16 -0.12,
lk 0.98 -0.14 0.78,
ow 21.69 -84.31 179.81,
lb -8.92 -0.16 -0.02,
lk 0.96 -0.14 0.83,
ow 21.69 -84.62 179.88,
lb -9.02 -0.29 -0.13,
lk 0.84 -0.14 0.88,
ow 21.62 -84.94 179.94,
lb -9.02 -0.29 -0.13,
lk 0.74 -0.28 0.72,
ow 21.50 -85.25 -179.94,
lb -9.11 -0.32 -0.53,
lk 0.65 -0.32 0.27,
ow 21.31 -85.50 -179.88,
lb -9.16 -0.42 -0.70,
lk 0.59 -0.43 0.08,
ow 21.12 -85.81 -179.81,
lb -9.21 -0.44 -0.77,
lk 0.61 -0.44 0.00,
ow 20.87 -86.06 -179.75,
lb -9.24 -0.38 -0.62,
lk 0.56 -0.48 -0.10,
ow 20.69 -86.37 -179.69,
lb -9.24 -0.38 -0.62,
lk 0.54 -0.43 -0.01,
ow 20.37 -86.62 -179.63,
lb -9.29 -0.37 -0.43,
lk 0.49 -0.43 0.12,
ow 20.12 -86.94 -179.56,
lb -9.65 -0.32 -0.44,
lk 0.37 -0.51 0.14,
ow 19.81 -87.12 -179.44,
lb -9.62 -0.16 -0.34,
lk 0.14 -0.41 0.03,
ow 19.56 -87.31 -179.31,
lb -9.66 0.03 -0.22,
lk 0.17 -0.27 0.09,
ow 19.19 -87.44 -179.19,
lb -9.66 0.03 -0.22,
lk 0.13 -0.09 0.18,
ow 18.87 -87.50 -179.06,
lb -9.77 0.13 -0.15,
lk 0.02 -0.01 0.23,
ow 18.44 -87.50 -178.94,
lb -10.46 0.31 -0.36,
lk -0.46 0.10 0.35,
ow 18.12 -87.37 -178.81,
lb -10.35 0.30 -0.28,
lk -0.67 0.12 0.02,
ow 17.81 -87.31 -178.75,
lb -10.16 0.47 -0.28,
lk -0.55 0.09 0.12,
ow 17.56 -87.25 -178.63,
lb -10.16 0.47 -0.28,
lk -0.36 0.24 0.12,
ow 17.31 -87.19 -178.56,
lb -10.00 0.49 -0.64,
lk -0.21 0.26 -0.22,
ow 17.12 -87.12 -178.56,
lb -9.87 0.45 -0.57,
lk -0.11 0.27 0.02,
ow 17.00 -87.19 -178.56,
lb -9.83 0.60 -0.73,
lk -0.08 0.20 -0.16,
ow 16.87 -87.25 -178.56,
lb -9.80 0.50 -0.74,
lk -0.03 0.36 -0.33,
ow 16.69 -87.31 -178.56,
lb -9.80 0.50 -0.74,
lk -0.01 0.25 -0.36,
ow 16.50 -87.37 -178.50,
lb -9.75 0.67 -0.68,
lk 0.04 0.42 -0.32,
ow 16.25 -87.44 -178.50,
lb -9.75 0.84 -0.07,
lk 0.10 0.69 -0.25,
ow 16.06 -87.50 -178.50,
lb -9.72 0.99 -0.18,
lk 0.03 0.59 0.27,
ow 15.94 -87.50 -178.56,
lb -9.61 1.00 -0.26,
lk 0.07 0.74 0.15,
ow 15.88 -87.56 -178.56,
lb -9.61 1.00 -0.26,
lk 0.17 0.76 0.06,
ow 15.81 -87.62 -178.69,
lb -9.31 1.10 -0.17,
lk 0.48 0.87 0.14,
ow 15.81 -87.75 -178.75,
lb -8.37 0.46 -1.16,
lk 1.05 0.77 -0.66,
ow 15.94 -87.81 -178.94,
lb -8.11 0.33 -1.34,
lk 1.42 0.28 -0.84,
ow 16.12 -87.94 -179.13,
lb -7.32 0.24 -1.37,
lk 1.68 0.18 -1.02,
ow 16.31 -88.12 -179.25,
lb -7.32 0.24 -1.37,
lk 2.48 0.11 -1.08,
ow 16.50 -88.37 -179.31,
lb -7.40 0.02 -1.20,
lk 2.39 -0.08 -0.94,
ow 16.62 -88.56 -179.31,
lb -7.42 0.43 -0.28,
lk 2.42 0.12 -0.69,
ow 16.81 -88.81 -179.31,
lb -7.79 0.67 0.16,
lk 2.37 0.32 -0.12,
ow 16.94 -89.00 -179.25,
lb -8.13 0.81 0.17,
lk 2.00 0.56 0.27,
ow 17.00 -89.12 -179.25,
lb -8.13 0.81 0.17,
lk 1.67 0.68 0.24,
ow 16.87 -89.12 -179.19,
lb -8.45 0.85 0.04,
lk 1.35 0.72 0.09,
ow 16.87 -89.06 -179.13,
lb -9.32 1.01 -0.39,
lk 1.07 0.77 -0.06,
ow 16.87 -89.06 -179.06,
lb -9.62 1.07 -0.50,
lk 0.47 0.86 -0.37,
ow 16.81 -88.94 -178.94,
lb -10.00 1.16 -0.64,
lk 0.17 0.90 -0.49,
ow 16.75 -88.87 -178.88,
lb -10.00 1.16 -0.64,
lk -0.20 0.98 -0.62,
ow 16.62 -88.81 -178.81,
lb -10.43 1.09 -0.59,
lk -0.63 0.89 -0.56,
ow 16.56 -88.69 -178.69,
lb -11.93 0.71 -0.20,
lk -1.65 0.58 -0.41,
ow 16.44 -88.56 -178.63,
lb -12.16 0.84 0.20,
lk -2.12 0.48 -0.15,
ow 16.31 -88.44 -178.50,
lb -11.34 0.69 -0.11,
lk -2.35 0.58 0.26,
ow 16.25 -88.25 -178.38,
lb -11.34 0.69 -0.11,
lk -1.54 0.42 -0.02,
ow 16.31 -88.19 -178.31,
lb -10.95 -0.04 -1.11,
lk -1.14 -0.32 -0.98,
ow 16.37 -88.12 -178.31,
lb -10.11 -1.17 -1.66,
lk -0.87 -0.99 -1.62,
ow 16.50 -88.19 -178.38,
lb -9.12 -1.37 -0.74,
lk -0.31 -1.44 -1.53,
ow 16.75 -88.37 -178.44,
lb -8.73 -1.18 0.02,
lk 0.67 -1.63 -0.64,
ow 17.06 -88.56 -178.56,
lb -8.73 -1.18 0.02,
lk 1.06 -1.42 0.05,
ow 17.25 -88.62 -1.25,
lb -8.36 -0.94 0.84,
lk 1.44 -1.17 0.80,
ow 17.50 -88.62 -1.19,
lb -8.28 -0.37 1.07,
lk 1.76 -0.79 1.54,
ow 17.75 -88.62 -1.06,
lb -8.66 -0.45 0.30,
lk 1.52 -0.56 0.94,
ow 17.94 -88.69 -1.00,
lb -9.08 -0.46 -0.05,
lk 1.13 -0.63 0.16,
ow 18.06 -88.81 -0.88,
lb -9.08 -0.46 -0.05,
lk 0.71 -0.62 -0.17,
ow 18.25 -88.94 -0.81,
lb -9.85 -0.48 -0.06,
lk -0.05 -0.62 -0.16,
ow 18.37 -89.06 -0.75,
lb -10.58 -0.48 0.10,
lk -0.44 -0.52 -0.03,
ow 18.50 -89.19 -0.69,
lb -10.85 -0.51 0.00,
lk -0.77 -0.60 0.05,
ow 18.56 -89.25 -0.69,
lb -10.92 -0.56 -0.14,
lk -1.04 -0.63 -0.01,
ow 18.56 -89.25 -179.25,
lb -10.92 -0.56 -0.14,
lk -1.11 -0.68 -0.14,
ow 18.62 -89.25 -179.25,
lb -10.80 -0.51 -0.30,
lk -1.00 -0.63 -0.28,
ow 18.62 -89.25 -179.25,
lb -10.32 -0.41 0.00,
lk -0.77 -0.61 -0.25,
ow 18.62 -89.25 -179.25,
lb -9.73 -0.08 0.50,
lk -0.52 -0.53 0.00,
ow 18.69 -89.25 -0.69,
lb -9.37 -0.27 0.59,
lk 0.06 -0.20 0.48,
ow 18.69 -89.19 -0.75,
lb -9.37 -0.27 0.59,
lk 0.43 -0.40 0.55,
ow 18.56 -89.06 -0.75,
lb -9.21 -0.30 0.36,
lk 0.58 -0.44 0.29,
ow 18.50 -88.94 -0.81,
lb -8.55 0.10 0.63,
lk 0.90 -0.77 0.08,
ow 18.44 -88.75 -0.94,
lb -8.39 0.52 0.96,
lk 1.25 -0.06 0.49,
ow 18.31 -88.56 -1.00,
lb -8.46 0.11 0.64,
lk 1.40 0.34 0.80,
ow 18.25 -88.37 -1.06,
lb -8.46 0.11 0.64,
lk 1.33 -0.07 0.45,
ow 18.12 -88.31 -1.12,
lb -8.68 -0.02 0.31,
lk 1.11 -0.22 0.10,
ow 18.00 -88.19 -1.19,
lb -8.91 0.11 0.30,
lk 1.02 -0.19 0.20,
ow 17.94 -88.12 -1.19,
lb -9.23 0.10 0.02,
lk 0.89 -0.09 0.06,
ow 17.81 -88.06 -1.25,
lb -10.05 0.42 0.29,
lk 0.56 -0.11 -0.21,
ow 17.69 -88.00 -1.31,
lb -10.05 0.42 0.29,
lk -0.25 0.19 0.04,
ow 17.56 -87.94 -1.37,
lb -10.37 0.28 0.55,
lk -0.57 0.04 0.29,
ow 17.37 -87.87 -1.44,
lb -10.87 0.85 0.49,
lk -0.79 0.05 0.38,
ow 17.06 -87.87 -1.56,
lb -10.87 0.51 -0.50,
lk -1.07 0.58 0.25,
ow 16.81 -87.94 -1.63,
lb -10.92 0.25 -1.23,
lk -1.07 0.23 -0.71,
ow 16.56 -87.94 -1.69,
lb -10.92 0.25 -1.23,
lk -1.12 -0.03 -1.42,
ow 16.25 -87.94 -1.69,
lb -10.72 0.10 -1.41,
lk -0.92 -0.19 -1.59,
ow 16.19 -87.87 -1.75,
lb -9.69 -0.07 0.31,
lk -0.25 -0.46 -0.70,
ow 16.25 -87.69 -1.75,
lb -9.27 -0.14 1.20,
lk 0.10 -0.37 0.06,
ow 16.37 -87.50 -1.75,
lb -9.15 -0.19 0.99,
lk 0.51 -0.44 0.91,
ow 16.50 -87.31 -1.75,
lb -9.15 -0.19 0.99,
lk 0.64 -0.49 0.65,
ow 16.56 -87.12 -1.75,
lb -8.65 0.13 1.54,
lk 1.14 -0.16 1.15,
ow 16.69 -86.87 -1.81,
lb -8.82 0.34 0.71,
lk 1.10 -0.08 0.84,
ow 16.69 -86.75 -1.81,
lb -8.96 0.51 0.69,
lk 0.97 0.03 0.25,
ow 16.75 -86.62 -1.81,
lb -9.50 0.70 0.18,
lk 0.82 0.19 0.22,
ow 16.75 -86.56 -1.81,
lb -9.50 0.70 0.18,
lk 0.27 0.38 -0.29,
ow 16.69 -86.56 -1.88,
lb -9.71 0.92 0.09,
lk 0.07 0.60 -0.39,
ow 16.62 -86.50 -1.88,
lb -10.15 0.88 -0.25,
lk -0.14 0.59 -0.50,
ow 16.56 -86.44 -1.88,
lb -10.34 0.63 -0.45,
lk -0.36 0.55 -0.75,
ow 16.56 -86.37 -1.94,
lb -10.18 0.67 -0.03,
lk -0.55 0.30 -0.97,
ow 16.56 -86.31 -1.94,
lb -10.18 0.67 -0.03,
lk -0.40 0.34 -0.56,
ow 16.62 -86.12 -2.00,
lb -9.82 0.86 0.10,
lk -0.03 0.52 -0.44,
ow 16.56 -86.00 -2.06,
lb -9.02 0.73 0.04,
lk 0.50 0.51 -0.17,
ow 16.50 -85.87 -2.13,
lb -8.89 0.90 0.02,
lk 0.76 0.37 -0.55,
ow 16.50 -85.75 -2.13,
lb -8.68 0.95 0.00,
lk 0.88 0.53 -0.59,
ow 16.44 -85.62 -2.19,
lb -8.68 0.95 0.00,
lk 1.09 0.57 -0.64,
ow 16.44 -85.50 -2.25,
lb -8.57 1.09 0.20,
lk 1.20 0.70 -0.45,
ow 16.37 -85.44 -2.25,
lb -8.74 1.08 0.28,
lk 1.13 0.67 -0.44,
ow 16.31 -85.37 -2.31,
lb -8.89 1.05 0.39,
lk 1.03 0.68 -0.39,
ow 16.25 -85.31 -2.31,
lb -9.33 0.90 0.08,
lk 0.88 0.65 -0.28,
ow 16.25 -85.31 -2.38,
lb -9.33 0.90 0.08,
lk 0.43 0.49 -0.59,
ow 15.94 -85.37 -2.38,
lb -9.59 0.72 0.24,
lk 0.18 0.31 -0.42,
ow 15.88 -85.37 -2.38,
lb -10.25 0.49 0.41,
lk -0.08 0.23 -0.44,
ow 15.81 -85.44 -2.38,
lb -10.32 0.42 0.49,
lk -0.48 0.08 -0.23,
ow 15.75 -85.50 -2.44,
lb -10.37 0.35 0.52,
lk -0.54 0.00 -0.14,
ow 15.63 -85.50 -2.44,
lb -10.37 0.35 0.52,
lk -0.59 -0.06 -0.10,
ow 15.50 -85.56 -2.44,
lb -10.33 0.23 0.68,
lk -0.56 -0.19 0.06,
ow 15.44 -85.56 -2.44,
lb -10.03 -0.07 0.52,
lk -0.45 -0.38 -0.16,
ow 15.38 -85.56 -2.44,
lb -9.84 -0.13 0.61,
lk -0.25 -0.49 -0.09,
ow 15.31 -85.50 -2.44,
lb -9.61 -0.16 0.69,
lk -0.07 -0.56 -0.01,
ow 15.31 -85.44 -2.44,
lb -9.61 -0.16 0.69,
lk 0.16 -0.59 0.05,
ow 15.25 -85.37 -2.44,
lb -9.18 -0.08 0.77,
lk 0.59 -0.50 0.11,
ow 15.25 -85.31 -2.38,
lb -9.05 0.22 1.04,
lk 0.60 -0.42 0.12,
ow 15.25 -85.25 -2.38,
lb -9.06 0.21 0.80,
lk 0.72 -0.18 0.34,
ow 15.25 -85.19 -2.38,
lb -9.16 0.53 0.84,
lk 0.70 -0.19 0.09,
ow 15.31 -85.19 -2.31,
lb -9.16 0.53 0.84,
lk 0.60 0.12 0.13,
ow 15.38 -85.19 -2.31,
lb -9.34 0.57 0.74,
lk 0.42 0.17 0.03,
ow 15.44 -85.19 -2.31,
lb -9.97 0.61 0.40,
lk 0.24 0.14 -0.03,
ow 15.44 -85.25 -2.31,
lb -10.07 0.63 0.52,
lk -0.20 0.21 -0.29,
ow 15.50 -85.25 -2.31,
lb -10.02 0.66 0.60,
lk -0.30 0.23 -0.16,
ow 15.50 -85.31 -2.31,
lb -10.02 0.66 0.60,
lk -0.25 0.26 -0.08,
ow 15.44 -85.31 -2.31,
lb -9.87 0.53 0.79,
lk -0.19 0.24 -0.01,
ow 15.44 -85.25 -2.31,
lb -9.80 0.42 0.91,
lk -0.09 0.13 0.09,
ow 15.44 -85.25 -2.25,
lb -9.73 0.44 1.09,
lk -0.02 0.02 0.21,
ow 15.44 -85.19 -2.25,
lb -9.63 0.30 1.16,
lk 0.04 0.05 0.37,
ow 15.38 -85.12 -2.25,
lb -9.63 0.30 1.16,
lk 0.13 -0.08 0.43,
ow 15.38 -85.06 -2.25,
lb -9.46 0.30 0.79,
lk 0.30 -0.08 0.05,
ow 15.31 -85.06 -2.25,
lb -9.40 0.18 0.57,
lk 0.36 -0.19 -0.14,
ow 15.25 -85.00 -2.25,
lb -9.45 0.22 0.44,
lk 0.36 -0.20 -0.17,
ow 15.25 -85.00 -2.25,
lb -9.42 0.14 0.67,
lk 0.31 -0.16 -0.31,
ow 15.25 -84.94 -2.25,
lb -9.42 0.14 0.67,
lk 0.34 -0.24 -0.09,
ow 15.13 -84.87 -2.25,
lb -9.39 0.23 0.76,
lk 0.37 -0.15 -0.01,
ow 15.13 -84.81 -2.25,
lb -9.29 0.18 0.80,
lk 0.40 -0.21 -0.09,
ow 15.13 -84.75 -2.25,
lb -9.36 0.13 0.85,
lk 0.46 -0.21 0.01,
ow 15.06 -84.75 -2.25,
lb -9.40 0.20 0.84,
lk 0.40 -0.25 0.05,
ow 15.06 -84.81 -2.25,
lb -9.40 0.20 0.84,
lk 0.35 -0.18 0.05,
ow 15.00 -84.81 -2.25,
lb -9.44 0.06 0.74,
lk 0.32 -0.32 -0.05,
ow 15.00 -84.81 -2.19,
lb -9.69 0.06 0.71,
lk 0.12 -0.32 -0.15,
ow 15.00 -84.87 -2.19,
lb -9.72 0.04 0.72,
lk 0.07 -0.30 -0.07,
ow 15.00 -84.81 -2.13,
lb -9.71 0.08 0.67,
lk 0.04 -0.32 -0.06,
ow 15.00 -84.81 -2.13,
lb -9.71 0.08 0.67,
lk 0.05 -0.28 -0.13,
ow 15.00 -84.75 -2.13,
lb -9.72 -0.02 0.73,
lk 0.04 -0.39 -0.07,
ow 15.06 -84.75 -2.06,
lb -9.61 0.00 0.70,
lk 0.11 -0.32 -0.07,
ow 15.13 -84.69 -2.06,
lb -9.33 0.10 0.72,
lk 0.14 -0.35 -0.12,
ow 15.19 -84.62 -2.00,
lb -9.37 0.05 0.74,
lk 0.42 -0.24 -0.11,
ow 15.25 -84.62 -1.94,
lb -9.37 0.05 0.74,
lk 0.38 -0.28 -0.10,
ow 15.31 -84.56 -1.94,
lb -9.42 0.11 0.94,
lk 0.33 -0.22 0.07,
ow 15.44 -84.50 -1.94,
lb -9.33 0.21 0.89,
lk 0.39 -0.16 0.05,
ow 15.50 -84.44 -1.94,
lb -9.40 0.22 0.70,
lk 0.42 -0.12 0.01,
ow 15.56 -84.44 -1.88,
lb -9.50 0.22 0.61,
lk 0.35 -0.10 -0.18,
ow 15.69 -84.44 -1.88,
lb -9.50 0.22 0.61,
lk 0.25 -0.10 -0.27,
ow 15.88 -84.37 -1.88,
lb -9.62 0.22 0.75,
lk 0.13 -0.10 -0.13,
ow 15.94 -84.37 -1.88,
lb -9.67 0.21 0.77,
lk 0.12 -0.01 0.02,
ow 16.00 -84.31 -1.88,
lb -9.72 0.11 0.73,
lk 0.08 -0.11 -0.13,
ow 16.12 -84.31 -1.88,
lb -9.74 0.17 0.90,
lk 0.03 -0.21 -0.17,
ow 16.19 -84.25 -1.88,
lb -9.74 0.17 0.90,
lk 0.00 -0.15 0.00,
ow 16.31 -84.25 -1.88,
lb -9.61 0.28 0.99,
lk 0.14 -0.04 0.07,
ow 16.37 -84.19 -1.88,
lb -9.49 0.18 0.80,
lk 0.16 -0.12 -0.06,
ow 16.50 -84.19 -1.88,
lb -9.45 0.24 0.94,
lk 0.26 -0.14 -0.12,
ow 16.56 -84.19 -1.88,
lb -9.43 0.23 0.91,
lk 0.30 -0.07 0.00,
ow 16.69 -84.12 -1.88,
lb -9.43 0.23 0.91,
lk 0.31 -0.08 -0.01,
ow 16.75 -84.12 -1.88,
lb -9.46 0.28 0.83,
lk 0.28 -0.03 -0.10,
ow 16.81 -84.12 -1.88,
lb -9.53 0.35 0.88,
lk 0.31 -0.06 -0.04,
ow 16.94 -84.12 -1.88,
lb -9.57 0.32 0.81,
lk 0.22 0.03 -0.05,
ow 17.00 -84.12 -1.88,
lb -9.59 0.40 0.58,
lk 0.18 0.00 -0.13,
ow 17.12 -84.12 -1.88,
lb -9.59 0.40 0.58,
lk 0.15 0.07 -0.35,
ow 17.19 -84.12 -1.88,
lb -9.57 0.35 0.76,
lk 0.17 0.02 -0.18,
ow 17.31 -84.12 -1.94,
lb -9.56 0.56 0.85,
lk 0.18 0.18 -0.17,
ow 17.37 -84.12 -1.94,
lb -9.52 0.56 0.83,
lk 0.18 0.22 -0.08,
ow 17.44 -84.12 -1.94,
lb -9.54 0.55 0.85,
lk 0.22 0.23 -0.10,
ow 17.50 -84.12 -1.94,
lb -9.54 0.55 0.85,
lk 0.21 0.22 -0.08,
ow 17.62 -84.12 -1.94,
lb -9.58 0.53 0.84,
lk 0.16 0.19 -0.09,
ow 17.69 -84.12 -1.94,
lb -9.66 0.37 0.68,
lk 0.14 0.12 -0.16,
ow 17.75 -84.19 -1.94,
lb -9.61 0.35 0.71,
lk 0.08 0.03 -0.24,
ow 17.81 -84.19 -1.94,
lb -9.59 0.39 0.81,
lk 0.14 0.01 -0.21,
ow 17.81 -84.19 -2.00,
lb -9.59 0.39 0.81,
lk 0.16 0.05 -0.10,
ow 17.87 -84.19 -2.00,
lb -9.62 0.43 0.80,
lk 0.13 0.09 -0.11,
ow 17.87 -84.19 -2.00,
lb -9.54 0.38 0.81,
lk 0.17 0.13 -0.16,
ow 17.94 -84.19 -2.00,
lb -9.57 0.57 0.78,
lk 0.21 0.03 -0.10,
ow 17.94 -84.19 -2.00,
lb -9.49 0.57 0.92,
lk 0.18 0.22 -0.14,
ow 17.94 -84.19 -2.00,
lb -9.49 0.57 0.92,
lk 0.26 0.22 0.00,
ow 17.94 -84.12 -2.06,
lb -9.40 0.51 0.90,
lk 0.34 0.15 -0.02,
ow 17.94 -84.12 -2.06,
lb -9.61 0.50 0.90,
lk 0.19 0.03 -0.05,
ow 17.94 -84.12 -2.06,
lb -9.62 0.55 0.89,
lk 0.13 0.14 -0.02,
ow 18.00 -84.12 -2.06,
lb -9.65 0.45 0.42,
lk 0.12 0.19 -0.03,
ow 17.94 -84.19 -2.13,
lb -9.65 0.45 0.42,
lk 0.09 0.09 -0.49,
ow 17.87 -84.19 -2.13,
lb -9.70 0.30 0.36,
lk 0.05 -0.05 -0.54,
ow 17.81 -84.19 -2.06,
lb -9.65 0.44 0.69,
lk 0.07 0.05 -0.17,
ow 17.75 -84.19 -2.06,
lb -9.62 0.44 0.91,
lk 0.10 0.08 -0.22,
ow 17.75 -84.12 -2.06,
lb -9.61 0.35 0.95,
lk 0.12 0.08 0.00,
ow 17.75 -84.12 -2.06,
lb -9.61 0.35 0.95,
lk 0.13 0.00 0.02,
ow 17.56 -84.06 -2.13,
lb -9.54 0.43 0.92,
lk 0.20 0.06 -0.01,
ow 17.50 -84.06 -2.13,
lb -9.42 0.48 1.25,
lk 0.27 0.01 0.25,
ow 17.50 -84.06 -2.13,
lb -9.42 0.43 1.09,
lk 0.32 0.11 0.31,
ow 17.44 -84.06 -2.19,
lb -9.51 0.34 0.78,
lk 0.33 0.05 0.15,
ow 17.44 -84.12 -2.19,
lb -9.51 0.34 0.78,
lk 0.23 -0.02 -0.14,
ow 17.44 -84.12 -2.19,
lb -9.60 0.31 0.65,
lk 0.15 -0.06 -0.26,
ow 17.37 -84.12 -2.19,
lb -9.58 0.32 0.90,
lk 0.14 -0.03 -0.17,
ow 17.37 -84.12 -2.25,
lb -9.65 0.35 0.97,
lk 0.17 -0.06 -0.01,
ow 17.37 -84.12 -2.25,
lb -9.51 0.43 0.92,
lk 0.10 -0.02 0.05,
ow 17.37 -84.12 -2.25,
lb -9.51 0.43 0.92,
lk 0.24 0.04 0.00,
ow 17.31 -84.12 -2.25,
lb -9.41 0.37 0.63,
lk 0.30 0.08 -0.19,
ow 17.25 -84.12 -2.25,
lb -9.40 0.27 0.52,
lk 0.33 0.00 -0.27,
ow 17.25 -84.19 -2.25,
lb -9.48 0.31 0.57,
lk 0.34 -0.11 -0.38,
ow 17.25 -84.19 -2.25,
lb -9.49 0.35 0.62,
lk 0.27 -0.07 -0.33,
ow 17.19 -84.19 -2.25,
lb -9.49 0.35 0.62,
lk 0.26 -0.03 -0.27,
ow 17.19 -84.19 -2.25,
lb -9.49 0.39 0.65,
lk 0.26 0.01 -0.25,
ow 17.12 -84.25 -2.25,
lb -9.54 0.54 0.54,
lk 0.24 0.05 -0.24,
ow 17.12 -84.25 -2.25,
lb -9.57 0.55 0.71,
lk 0.20 0.15 -0.35,
ow 17.06 -84.25 -2.25,
lb -9.61 0.59 0.76,
lk 0.18 0.16 -0.17,
ow 17.00 -84.31 -2.25,
lb -9.61 0.59 0.76,
lk 0.14 0.21 -0.12,
ow 16.94 -84.31 -2.25,
lb -9.67 0.48 0.65,
lk 0.08 0.09 -0.22,
ow 16.87 -84.37 -2.25,
lb -9.80 0.37 0.66,
lk 0.00 -0.01 -0.25,
ow 16.81 -84.37 -2.25,
lb -9.84 0.44 0.76,
lk -0.04 -0.01 -0.20,
ow 16.81 -84.37 -2.25,
lb -9.75 0.44 0.75,
lk -0.07 0.04 -0.10,
ow 16.75 -84.44 -2.31,
lb -9.75 0.44 0.75,
lk 0.00 0.04 -0.10,
ow 16.62 -84.44 -2.31,
lb -9.70 0.40 0.65,
lk 0.05 0.00 -0.20,
ow 16.56 -84.44 -2.31,
lb -9.60 0.40 0.60,
lk 0.09 -0.02 -0.26,
ow 16.50 -84.44 -2.38,
lb -9.50 0.34 0.62,
lk 0.16 0.00 -0.24,
ow 16.50 -84.44 -2.38,
lb -9.42 0.30 0.66,
lk 0.25 -0.06 -0.22,
ow 16.44 -84.44 -2.44,
lb -9.42 0.30 0.66,
lk 0.33 -0.11 -0.18,
ow 16.44 -84.44 -2.44,
lb -9.42 0.26 0.67,
lk 0.33 -0.15 -0.16,
ow 16.37 -84.44 -2.50,
lb -9.36 0.26 0.58,
lk 0.39 -0.16 -0.23,
ow 16.37 -84.50 -2.50,
lb -9.37 0.29 0.58,
lk 0.40 -0.16 -0.24,
ow 16.37 -84.50 -2.50,
lb -9.43 0.27 0.55,
lk 0.39 -0.13 -0.23,
ow 16.37 -84.50 -2.50,
lb -9.43 0.27 0.55,
lk 0.32 -0.16 -0.26,
ow 16.31 -84.56 -2.56,
lb -9.50 0.37 0.60,
lk 0.26 -0.06 -0.20,
ow 16.31 -84.56 -2.56,
lb -9.57 0.33 0.55,
lk 0.22 -0.05 -0.21,
ow 16.31 -84.62 -2.56,
lb -9.64 0.33 0.48,
lk 0.18 -0.11 -0.24,
ow 16.31 -84.69 -2.63,
lb -9.75 0.30 0.53,
lk 0.11 -0.11 -0.30,
ow 16.37 -84.69 -2.63,
lb -9.75 0.30 0.53,
lk 0.00 -0.15 -0.24,
ow 16.37 -84.75 -2.63,
lb -9.81 0.42 0.54,
lk -0.04 -0.03 -0.22,
ow 16.37 -84.75 -2.69,
lb -9.84 0.55 0.36,
lk -0.09 0.08 -0.26,
ow 16.37 -84.75 -2.69,
lb -9.82 0.55 0.32,
lk -0.08 0.08 -0.39,
ow 16.37 -84.81 -2.69,
lb -9.84 0.49 0.26,
lk -0.05 0.08 -0.43,
ow 16.31 -84.81 -2.75,
lb -9.84 0.49 0.26,
lk -0.08 0.02 -0.47,
ow 16.37 -84.87 -2.75,
lb -9.82 0.43 0.22,
lk -0.05 -0.03 -0.50,
ow 16.37 -84.94 -2.75,
lb -9.54 0.41 0.28,
lk 0.13 -0.03 -0.47,
ow 16.31 -84.94 -2.81,
lb -9.49 0.43 0.31,
lk 0.22 -0.07 -0.42,
ow 16.31 -84.94 -2.81,
lb -9.49 0.34 0.36,
lk 0.27 -0.05 -0.40,
ow 16.25 -84.87 -2.81,
lb -9.49 0.34 0.36,
lk 0.27 -0.14 -0.34,
ow 16.19 -84.87 -2.88,
lb -9.56 0.28 0.40,
lk 0.20 -0.20 -0.31,
ow 16.12 -84.81 -2.88,
lb -9.47 0.40 0.29,
lk 0.25 -0.20 -0.28,
ow 16.06 -84.75 -2.88,
lb -9.41 0.55 0.28,
lk 0.29 -0.08 -0.44,
ow 16.00 -84.75 -2.88,
lb -9.41 0.56 0.15,
lk 0.35 0.05 -0.45,
ow 16.00 -84.75 -2.88,
lb -9.41 0.56 0.15,
lk 0.35 0.06 -0.58,
ow 15.94 -84.75 -2.94,
lb -9.53 0.45 0.23,
lk 0.23 -0.05 -0.50,
ow 15.88 -84.69 -2.94,
lb -9.60 0.41 0.46,
lk 0.17 -0.04 -0.22,
ow 15.81 -84.69 -2.94,
lb -9.56 0.44 0.75,
lk 0.16 -0.10 -0.28,
ow 15.81 -84.62 -3.00,
lb -9.51 0.63 0.92,
lk 0.20 -0.07 0.00,
ow 15.81 -84.56 -3.06,
lb -9.51 0.63 0.92,
lk 0.24 0.10 0.17,
ow 15.81 -84.56 -3.13,
lb -9.37 0.57 0.98,
lk 0.38 0.04 0.23,
ow 15.81 -84.50 -3.13,
lb -9.32 0.58 1.03,
lk 0.46 -0.04 0.19,
ow 15.81 -84.50 -3.19,
lb -9.32 0.63 1.11,
lk 0.43 0.04 0.27,
ow 15.81 -84.50 -3.19,
lb -9.29 0.63 1.10,
lk 0.43 0.08 0.35,
ow 15.81 -84.50 -3.19,
lb -9.29 0.63 1.10,
lk 0.46 0.07 0.35,
ow 15.81 -84.56 -3.19,
lb -9.34 0.59 0.86,
lk 0.41 0.04 0.12,
ow 15.75 -84.62 -3.19,
lb -9.47 0.61 0.91,
lk 0.36 -0.01 0.05,
ow 15.81 -84.69 -3.19,
lb -9.51 0.67 1.13,
lk 0.28 0.05 0.20,
ow 15.81 -84.69 -3.25,
lb -9.50 0.59 1.07,
lk 0.25 0.04 0.36,
ow 15.81 -84.69 -3.25,
lb -9.50 0.59 1.07,
lk 0.25 0.04 0.36,
ow 15.81 -84.75 -3.25,
lb -9.62 0.56 1.04,
lk 0.14 0.00 0.34,
ow 15.88 -84.75 -3.25,
lb -9.80 0.61 1.02,
lk 0.05 0.01 0.39,
ow 15.88 -84.75 -3.25,
lb -9.86 0.65 0.95,
lk -0.04 0.05 0.33,
ow 15.88 -84.81 -3.25,
lb -9.90 0.71 0.83,
lk -0.09 0.09 0.26,
ow 15.94 -84.81 -3.25,
lb -9.90 0.71 0.83,
lk -0.13 0.15 0.15,
ow 15.94 -84.81 -3.25,
lb -9.91 0.76 0.82,
lk -0.14 0.20 0.15,
ow 15.94 -84.81 -3.25,
lb -9.79 0.77 0.85,
lk -0.14 0.18 0.11,
ow 15.88 -84.81 -3.25,
lb -9.70 0.81 1.03,
lk -0.03 0.21 0.17,
ow 15.81 -84.75 -3.25,
lb -9.65 0.78 0.98,
lk 0.05 0.25 0.34,
ow 15.81 -84.69 -3.31,
lb -9.65 0.78 0.98,
lk 0.10 0.21 0.28,
ow 15.88 -84.69 -3.31,
lb -9.42 0.57 0.88,
lk 0.33 0.00 0.18,
ow 15.81 -84.62 -3.31,
lb -9.43 0.49 0.79,
lk 0.31 -0.07 0.06,
ow 15.75 -84.56 -3.38,
lb -9.39 0.59 0.86,
lk 0.32 -0.08 0.07,
ow 15.63 -84.56 -3.38,
lb -9.37 0.60 0.82,
lk 0.36 0.01 0.14,
ow 15.56 -84.50 -3.38,
lb -9.37 0.60 0.82,
lk 0.38 0.01 0.10,
ow 15.50 -84.50 -3.44,
lb -9.36 0.58 0.78,
lk 0.39 0.00 0.06,
ow 15.50 -84.50 -3.44,
lb -9.52 0.49 0.80,
lk 0.36 -0.03 0.05,
ow 15.44 -84.50 -3.44,
lb -9.50 0.50 0.85,
lk 0.23 -0.09 0.07,
ow 15.38 -84.44 -3.50,
lb -9.48 0.56 0.90,
lk 0.25 -0.09 0.13,
ow 15.38 -84.44 -3.50,
lb -9.48 0.56 0.90,
lk 0.27 -0.04 0.18,
ow 15.38 -84.44 -3.50,
lb -9.50 0.51 0.94,
lk 0.25 -0.08 0.22,
ow 15.31 -84.44 -3.50,
lb -9.56 0.53 0.85,
lk 0.19 -0.08 0.16,
ow 15.31 -84.44 -3.56,
lb -9.59 0.55 0.87,
lk 0.19 -0.07 0.13,
ow 15.31 -84.44 -3.56,
lb -9.58 0.58 0.87,
lk 0.16 -0.06 0.14,
ow 15.31 -84.44 -3.56,
lb -9.57 0.61 0.79,
lk 0.17 -0.02 0.15,
ow 15.25 -84.37 -3.56,
lb -9.57 0.66 0.80,
lk 0.18 0.00 0.07,
ow 15.25 -84.37 -3.56,
lb -9.55 0.68 0.85,
lk 0.18 0.05 0.07,
ow 15.25 -84.37 -3.56,
lb -9.60 0.67 0.97,
lk 0.20 0.07 0.12,
ow 15.25 -84.37 -3.56,
lb -9.60 0.67 0.97,
lk 0.15 0.05 0.23,
ow 15.25 -84.31 -3.56,
lb -9.60 0.67 0.97,
lk 0.15 0.06 0.23,
ow 15.25 -84.31 -3.56,
lb -9.60 0.67 0.93,
lk 0.15 0.05 0.19,
ow 15.25 -84.31 -3.56,
lb -9.53 0.67 0.84,
lk 0.17 0.04 0.12,
ow 15.25 -84.25 -3.56,
lb -9.49 0.66 0.81,
lk 0.26 0.04 0.05,
ow 15.25 -84.25 -3.56,
lb -9.51 0.65 0.82,
lk 0.24 0.03 0.06,
ow 15.19 -84.25 -3.56,
lb -9.49 0.70 0.81,
lk 0.24 0.03 0.06,
ow 15.19 -84.19 -3.56,
lb -9.52 0.64 0.67,
lk 0.26 0.08 0.05,
ow 15.19 -84.19 -3.56,
lb -9.52 0.63 0.63,
lk 0.23 0.01 -0.14,
ow 15.19 -84.19 -3.56,
lb -9.54 0.65 0.62,
lk 0.20 0.03 -0.15,
ow 15.13 -84.19 -3.56,
lb -9.72 0.65 0.61,
lk 0.03 0.03 -0.16,
ow 15.13 -84.12 -3.56,
lb -9.77 0.68 0.55,
lk 0.03 0.03 -0.16,
ow 15.19 -84.12 -3.56,
lb -9.77 0.68 0.55,
lk -0.01 0.06 -0.23,
ow 15.19 -84.12 -3.56,
lb -9.79 0.65 0.40,
lk -0.04 0.03 -0.37,
ow 15.13 -84.12 -3.56,
lb -9.95 0.54 0.31,
lk -0.19 -0.07 -0.46,
ow 15.13 -84.19 -3.56,
lb -10.00 0.50 0.29,
lk -0.24 -0.10 -0.48,
ow 15.13 -84.19 -3.56,
lb -10.00 0.50 0.29,
lk -0.24 -0.10 -0.48,
ow 15.13 -84.19 -3.56,
lb -9.90 0.28 -0.02,
lk -0.19 -0.18 -0.62,
ow 15.13 -84.19 -3.56,
lb -9.63 0.13 -0.12,
lk 0.12 -0.47 -0.89,
ow 15.06 -84.19 -3.56,
lb -9.55 0.25 -0.17,
lk 0.19 -0.35 -0.94,
ow 15.06 -84.25 -3.56,
lb -9.44 0.22 -0.25,
lk 0.31 -0.38 -1.02,
ow 15.13 -84.25 -3.56,
lb -9.36 0.17 -0.08,
lk 0.31 -0.38 -1.02,
ow 15.06 -84.25 -3.56,
lb -9.30 0.28 -0.27,
lk 0.39 -0.43 -0.84,
ow 15.13 -84.25 -3.56,
lb -9.23 0.22 -0.31,
lk 0.52 -0.39 -1.06,
ow 15.13 -84.25 -3.56,
lb -9.26 0.30 -0.30,
lk 0.49 -0.30 -1.05,
ow 15.13 -84.31 -3.56,
lb -9.46 0.40 -0.40,
lk 0.29 -0.20 -1.14,
ow 15.06 -84.37 -3.56,
lb -9.61 0.38 -0.53,
lk 0.29 -0.20 -1.14,
ow 15.06 -84.37 -3.56,
lb -9.76 0.31 -0.62,
lk 0.14 -0.22 -1.26,
ow 15.06 -84.44 -3.56,
lb -9.89 0.31 -0.60,
lk -0.13 -0.29 -1.33,
ow 15.00 -84.44 -3.56,
lb -10.03 0.47 -0.36,
lk -0.27 -0.13 -1.09,
ow 14.94 -84.37 -3.56,
lb -10.04 0.51 -0.35,
lk -0.28 -0.10 -1.09,
ow 14.88 -84.37 -3.56,
lb -10.04 0.51 -0.35,
lk -0.28 -0.10 -1.09,
ow 14.81 -84.25 -3.56,
lb -10.02 0.50 -0.43,
lk -0.26 -0.11 -1.17,
ow 14.75 -84.19 -3.63,
lb -10.02 0.40 -0.63,
lk -0.26 -0.22 -1.42,
ow 14.69 -84.06 -3.63,
lb -9.98 0.40 -0.56,
lk -0.23 -0.23 -1.37,
ow 14.56 -83.94 -3.69,
lb -9.96 0.40 -0.49,
lk -0.21 -0.22 -1.29,
ow 14.50 -83.94 -3.69,
lb -9.96 0.40 -0.49,
lk -0.21 -0.22 -1.29,
ow 14.44 -84.00 -3.69,
lb -9.91 0.37 -0.44,
lk -0.15 -0.25 -1.24,
ow 14.38 -84.00 -3.69,
lb -9.90 0.22 -0.39,
lk -0.15 -0.39 -1.19,
ow 14.31 -84.00 -3.63,
lb -9.78 0.22 -0.40,
lk -0.03 -0.39 -1.21,
ow 14.25 -84.00 -3.63,
lb -9.70 0.14 -0.15,
lk 0.04 -0.47 -0.97,
ow 14.19 -83.94 -3.63,
lb -9.67 0.18 -0.06,
lk 0.04 -0.47 -0.97,
ow 14.13 -83.69 -3.69,
lb -9.60 0.15 -0.03,
lk 0.07 -0.44 -0.93,
ow 14.00 -83.44 -3.69,
lb -9.55 0.09 -0.11,
lk 0.18 -0.55 -1.06,
ow 13.88 -83.19 -3.75,
lb -9.48 0.17 -0.11,
lk 0.24 -0.48 -1.11,
ow 13.81 -82.94 -33.44,
lb -9.48 0.28 0.00,
lk 0.24 -0.38 -1.05,
ow 13.69 -82.69 -32.63,
lb -9.48 0.28 0.00,
lk 0.24 -0.38 -1.05,
ow 13.69 -82.56 -32.25,
lb -9.51 0.40 0.06,
lk 0.21 -0.27 -1.00,
ow 13.63 -82.44 -31.81,
lb -9.59 0.54 0.13,
lk 0.11 -0.14 -1.00,
ow 13.50 -82.12 -31.12,
lb -9.63 0.53 0.23,
lk 0.06 -0.16 -0.95,
ow 13.38 -81.81 -30.37,
lb -9.61 0.54 0.33,
lk 0.08 -0.17 -0.92,
ow 13.31 -81.50 -29.75,
lb -9.61 0.54 0.33,
lk 0.08 -0.17 -0.92,
ow 13.69 -81.19 -29.12,
lb -9.60 0.44 0.31,
lk 0.08 -0.28 -0.99,
ow 13.63 -81.00 -28.75,
lb -9.63 0.47 0.39,
lk 0.04 -0.27 -0.97,
ow 13.50 -80.81 -28.37,
lb -9.58 0.51 0.48,
lk 0.08 -0.24 -0.93,
ow 13.44 -80.56 -27.94,
lb -9.51 0.56 0.59,
lk 0.15 -0.20 -0.87,
ow 13.31 -80.25 -27.50,
lb -9.46 0.58 0.68,
lk 0.15 -0.20 -0.87,
ow 13.56 -79.75 -26.81,
lb -9.41 0.55 0.67,
lk 0.18 -0.19 -0.86,
ow 13.38 -79.31 -26.12,
lb -9.40 0.59 0.74,
lk 0.21 -0.22 -0.96,
ow 13.25 -78.81 -25.56,
lb -9.35 0.48 0.76,
lk 0.24 -0.35 -1.02,
ow 13.06 -78.31 -25.00,
lb -9.37 0.42 0.81,
lk 0.21 -0.43 -1.06,
ow 12.94 -77.81 -24.50,
lb -9.37 0.42 0.81,
lk 0.21 -0.43 -1.06,
ow 13.13 -77.44 -24.06,
lb -9.34 0.42 0.90,
lk 0.23 -0.44 -1.03,
ow 13.00 -77.06 -23.62,
lb -9.22 0.44 1.05,
lk 0.26 -0.41 -1.04,
ow 12.88 -76.69 -23.19,
lb -9.15 0.49 1.14,
lk 0.36 -0.41 -1.02,
ow 12.69 -76.06 -22.69,
lb -9.17 0.54 1.13,
lk 0.31 -0.38 -1.13,
ow 12.50 -75.44 -22.12,
lb -9.01 0.62 1.15,
lk 0.31 -0.38 -1.13,
ow 12.88 -74.81 -21.62,
lb -8.87 0.56 1.43,
lk 0.45 -0.32 -1.23,
ow 12.69 -74.06 -21.06,
lb -9.00 0.57 1.26,
lk 0.38 -0.40 -1.35,
ow 12.50 -73.37 -20.56,
lb -8.93 0.68 1.41,
lk 0.42 -0.31 -1.33,
ow 12.38 -72.62 -20.00,
lb -8.71 0.42 2.22,
lk 0.61 -0.59 -0.65,
ow 12.19 -71.87 -19.50,
lb -8.81 1.00 1.29,
lk 0.61 -0.59 -0.65,
ow 12.63 -71.12 -19.12,
lb -8.66 0.80 1.66,
lk 0.46 -0.03 -1.69,
ow 12.56 -70.37 -18.94,
lb -8.54 0.98 2.12,
lk 0.64 -0.10 -1.11,
ow 12.38 -69.56 -18.56,
lb -8.59 0.90 1.86,
lk 0.55 -0.19 -1.49,
ow 12.25 -68.81 -18.25,
lb -8.58 0.89 1.68,
lk 0.51 -0.23 -1.79,
ow 12.06 -68.06 -17.87,
lb -8.58 0.89 1.68,
lk 0.51 -0.23 -1.79,
ow 12.25 -67.25 -17.56,
lb -8.42 0.88 1.99,
lk 0.61 -0.25 -1.61,
ow 12.06 -66.44 -17.19,
lb -8.33 0.77 2.51,
lk 0.59 -0.39 -1.35,
ow 11.88 -65.56 -16.81,
lb -8.29 0.65 2.56,
lk 0.57 -0.52 -1.44,
ow 11.69 -64.75 -16.44,
lb -8.20 0.80 2.46,
lk 0.60 -0.38 -1.68,
ow 11.50 -63.88 -16.06,
lb -7.87 0.80 2.32,
lk 0.60 -0.38 -1.68,
ow 11.75 -63.06 -15.75,
lb -7.77 0.99 2.45,
lk 0.86 -0.40 -1.94,
ow 11.56 -62.19 -15.44,
lb -7.70 1.02 2.31,
lk 0.90 -0.20 -2.20,
ow 11.38 -61.38 -15.13,
lb -7.47 0.94 2.45,
lk 1.06 -0.28 -2.19,
ow 11.19 -60.63 -14.88,
lb -7.49 0.76 2.62,
lk 0.98 -0.48 -2.14,
ow 11.06 -59.81 -14.63,
lb -7.29 0.67 2.86,
lk 0.98 -0.48 -2.14,
ow 11.06 -59.00 -14.31,
lb -7.25 0.66 2.99,
lk 1.11 -0.57 -2.02,
ow 10.88 -58.19 -14.06,
lb -7.33 0.69 3.01,
lk 0.92 -0.56 -2.12,
ow 10.69 -57.38 -13.75,
lb -7.17 0.74 2.82,
lk 1.00 -0.50 -2.43,
ow 10.50 -56.56 -13.44,
lb -7.15 0.66 2.67,
lk 0.94 -0.59 -2.70,
ow 10.31 -55.69 -13.06,
lb -7.15 0.66 2.67,
lk 0.94 -0.59 -2.70,
ow 10.31 -54.88 -12.75,
lb -7.06 0.69 2.69,
lk 0.95 -0.54 -2.81,
ow 10.13 -54.00 -12.38,
lb -6.81 0.69 2.77,
lk 1.03 -0.53 -2.96,
ow 10.00 -53.19 -12.06,
lb -6.74 0.56 2.75,
lk 1.02 -0.66 -3.10,
ow 9.81 -52.31 -11.81,
lb -6.67 0.52 2.95,
lk 0.99 -0.70 -3.02,
ow 9.69 -51.44 -11.56,
lb -6.45 0.52 3.20,
lk 0.99 -0.70 -3.02,
ow 9.94 -50.63 -11.38,
lb -6.41 0.51 3.31,
lk 1.12 -0.70 -2.89,
ow 9.75 -49.75 -11.13,
lb -6.49 0.47 3.27,
lk 0.89 -0.75 -3.05,
ow 9.63 -48.88 -10.94,
lb -6.53 0.42 3.35,
lk 0.75 -0.80 -3.08,
ow 9.44 -48.06 -10.75,
lb -6.54 0.35 3.13,
lk 0.65 -0.86 -3.41,
ow 9.31 -47.19 -10.50,
lb -6.54 0.35 3.13,
lk 0.65 -0.86 -3.41,
ow 9.50 -46.31 -10.38,
lb -6.45 0.46 3.09,
lk 0.63 -0.75 -3.56,
ow 9.38 -45.38 -10.19,
lb -5.82 0.33 2.66,
lk 1.05 -0.88 -4.21,
ow 9.25 -44.50 -10.00,
lb -5.66 0.20 2.60,
lk 1.09 -1.01 -4.38,
ow 9.13 -43.56 -9.88,
lb -5.38 0.11 2.68,
lk 1.25 -1.11 -4.41,
ow 9.06 -42.63 -9.81,
lb -5.38 0.11 2.68,
lk 1.25 -1.11 -4.41,
ow 9.38 -41.69 -9.69,
lb -5.23 0.02 2.75,
lk 1.28 -1.21 -4.46,
ow 9.25 -40.69 -9.56,
lb -4.21 0.31 2.24,
lk 2.05 -0.92 -5.19,
ow 9.19 -39.69 -9.44,
lb -3.93 0.50 2.21,
lk 2.21 -0.72 -5.32,
ow 9.13 -38.75 -9.25,
lb -3.68 0.73 2.17,
lk 2.32 -0.49 -5.46,
ow 9.13 -37.81 -9.13,
lb -3.50 0.90 2.49,
lk 2.32 -0.49 -5.46,
ow 9.50 -36.88 -8.94,
lb -3.50 0.88 2.65,
lk 2.38 -0.31 -5.25,
ow 9.44 -35.94 -8.75,
lb -3.62 0.69 2.89,
lk 2.01 -0.50 -5.03,
ow 9.31 -35.06 -8.63,
lb -3.69 0.52 3.00,
lk 1.81 -0.67 -5.01,
ow 9.19 -34.19 -8.50,
lb -4.21 -0.06 2.50,
lk 1.17 -1.26 -5.59,
ow 9.13 -33.31 -8.38,
lb -4.07 -0.27 2.44,
lk 1.17 -1.26 -5.59,
ow 9.31 -32.44 -8.25,
lb -3.99 -0.33 2.26,
lk 1.18 -1.46 -5.73,
ow 9.13 -31.56 -8.13,
lb -3.74 -0.21 1.63,
lk 1.26 -1.39 -6.70,
ow 9.00 -30.69 -8.06,
lb -3.38 -0.07 1.32,
lk 1.50 -1.24 -7.09,
ow 8.88 -29.81 -7.88,
lb -2.88 0.00 1.01,
lk 1.86 -1.15 -7.47,
ow 8.75 -29.00 -7.75,
lb -2.88 0.00 1.01,
lk 1.86 -1.15 -7.47,
ow 8.75 -28.12 -7.63,
lb -2.38 0.10 0.96,
lk 2.24 -1.05 -7.60,
ow 8.69 -27.31 -7.50,
lb -1.04 0.40 0.93,
lk 3.33 -0.72 -7.76,
ow 8.56 -26.50 -7.38,
lb -0.60 0.28 0.92,
lk 3.64 -0.84 -7.83,
ow 8.50 -25.62 -7.31,
lb -0.28 0.20 0.95,
lk 3.83 -0.91 -7.87,
ow 8.44 -24.81 -7.25,
lb 0.51 -0.49 1.08,
lk 3.83 -0.91 -7.87,
ow 8.63 -23.94 -7.13,
lb 0.65 -0.71 0.91,
lk 4.50 -1.60 -7.80,
ow 8.63 -23.12 -6.94,
lb 0.77 -0.57 0.69,
lk 4.49 -1.64 -8.31,
ow 8.56 -22.31 -6.75,
lb 0.56 0.41 -0.33,
lk 4.16 -0.62 -9.40,
ow 8.50 -21.50 -6.44,
lb 1.02 0.84 -0.97,
lk 4.49 -0.14 -10.09,
ow 8.38 -20.69 -6.13,
lb 1.05 1.06 -1.81,
lk 4.49 -0.14 -10.09,
ow 8.63 -20.00 -5.81,
lb 2.27 1.24 -2.23,
lk 4.41 0.13 -10.98,
ow 8.63 -19.31 -5.50,
lb 2.92 1.10 0.42,
lk 6.05 0.26 -8.82,
ow 8.63 -18.56 -5.19,
lb 3.23 0.74 2.66,
lk 6.25 -0.05 -6.62,
ow 8.75 -17.87 -4.88,
lb 4.41 0.56 4.62,
lk 7.33 -0.18 -4.70,
ow 8.81 -17.31 -4.56,
lb 4.85 -0.80 3.13,
lk 7.33 -0.18 -4.70,
ow 9.19 -17.06 -4.19,
lb 8.79 -1.13 1.90,
lk 7.73 -1.49 -6.21,
ow 9.13 -16.94 -3.81,
lb 9.30 -0.62 1.09,
lk 12.16 -1.22 -8.26,
ow 8.94 -16.94 -3.63,
lb 8.50 -1.75 0.66,
lk 11.37 -2.32 -8.70,
ow 8.81 -16.94 -3.50,
lb 7.22 -1.47 -0.10,
lk 10.11 -2.03 -9.45,
ow 8.81 -17.12 -3.38,
lb 5.17 1.07 -0.37,
lk 10.11 -2.03 -9.45,
ow 8.88 -17.50 -3.25,
lb 5.43 4.56 2.78,
lk 8.12 0.53 -9.70,
ow 8.81 -18.00 -3.00,
lb 4.78 3.92 6.84,
lk 7.88 3.49 -2.44,
ow 8.94 -18.37 -2.56,
lb -5.75 11.59 25.53,
lk -2.65 11.27 16.23,
ow 9.31 -18.44 -1.94,
lb -10.98 25.87 39.22,
lk -7.99 25.67 29.88,
ow 9.75 -17.75 -1.19,
lb -18.54 16.24 39.22,
lk -7.99 25.67 29.88,
ow 10.00 -15.88 0.50,
lb -20.99 -3.80 39.18,
lk -15.85 16.32 29.79,
ow 10.69 -14.00 2.13,
lb -32.48 -2.56 39.22,
lk -30.28 -2.21 29.67,
ow 11.19 -12.94 2.06,
lb -12.33 1.17 39.22,
lk -10.32 1.40 29.62,
ow 10.56 -11.81 1.37,
lb 1.03 -0.06 39.22,
lk 2.80 -0.07 29.57,
ow 10.31 -10.38 0.00,
lb 23.06 5.73 39.22,
lk 2.80 -0.07 29.57,
ow 10.25 -8.94 -2.31,
lb 37.32 -2.71 39.22,
lk 24.59 5.34 29.54,
ow 10.00 -8.19 -4.56,
lb 29.06 -3.53 37.90,
lk 30.48 -4.54 28.25,
ow 10.63 -8.31 -5.94,
lb 15.68 -2.53 28.41,
lk 17.17 -3.68 18.79,
ow 10.88 -8.75 -6.81,
lb 11.97 -3.35 20.00,
lk 13.49 -4.61 10.39,
ow 10.63 -8.94 -7.50,
lb 8.24 -10.40 17.56,
lk 13.49 -4.61 10.39,
ow 10.38 -8.94 -8.06,
lb 5.27 -6.21 12.77,
lk 9.76 -11.76 7.97,
ow 10.38 -8.94 -7.94,
lb -0.52 -2.09 13.12,
lk 1.00 -3.29 3.51,
ow 11.00 -8.94 -7.06,
lb -6.49 -0.03 9.88,
lk -4.96 -0.99 0.24,
ow 11.94 -8.94 -5.63,
lb -9.67 -2.17 8.76,
lk -8.13 -2.84 -0.89,
ow 12.94 -9.00 -3.94,
lb -9.36 1.45 9.54,
lk -8.13 -2.84 -0.89,
ow 13.94 -9.38 -2.31,
lb -6.21 4.70 8.96,
lk -7.76 1.05 -0.11,
ow 14.56 -9.94 -1.63,
lb -1.16 5.45 4.50,
lk 0.62 5.16 -5.13,
ow 14.88 -10.50 -1.69,
lb -1.30 3.75 4.97,
lk 0.52 3.39 -4.64,
ow 15.13 -10.75 -2.13,
lb 0.76 2.54 6.64,
lk 2.56 2.11 -2.98,
ow 15.31 -10.63 -2.56,
lb 2.64 2.24 6.22,
lk 2.56 2.11 -2.98,
ow 15.31 -10.31 -2.44,
lb 4.61 -2.79 4.25,
lk 4.40 1.82 -3.41,
ow 15.19 -10.13 -1.63,
lb 5.18 -0.44 5.98,
lk 6.90 -0.53 -3.66,
ow 14.94 -10.13 -0.50,
lb 2.53 -0.73 5.58,
lk 4.26 -0.70 -4.06,
ow 14.63 -10.13 0.19,
lb 0.62 -0.03 3.96,
lk 2.36 0.02 -5.69,
ow 14.38 -10.19 0.31,
lb -0.14 0.42 3.54,
lk 2.36 0.02 -5.69,
ow 14.13 -10.25 0.19,
lb -0.46 0.54 3.41,
lk 1.60 0.45 -6.10,
ow 13.81 -10.31 0.06,
lb -0.51 0.72 4.01,
lk 1.23 0.72 -5.63,
ow 13.50 -10.25 0.00,
lb -0.61 0.59 5.22,
lk 1.13 0.55 -4.42,
ow 13.25 -10.19 -0.19,
lb -0.58 0.45 4.75,
lk 1.14 0.36 -4.89,
ow 13.13 -10.13 -0.56,
lb -0.14 0.14 4.52,
lk 1.14 0.36 -4.89,
ow 13.00 -10.06 -0.94,
lb -0.69 -0.23 4.32,
lk 1.57 -0.01 -5.12,
ow 12.94 -10.00 -1.44,
lb -0.69 -0.27 5.05,
lk 1.00 -0.61 -4.60,
ow 12.88 -10.00 -1.94,
lb -0.67 0.11 5.88,
lk 1.03 -0.28 -3.76,
ow 12.75 -9.94 -2.31,
lb -0.40 0.87 6.95,
lk 1.29 0.43 -2.69,
ow 12.50 -9.94 -2.56,
lb 0.60 1.94 8.49,
lk 1.29 0.43 -2.69,
ow 12.13 -10.00 -2.75,
lb 0.28 2.03 8.49,
lk 2.31 1.47 -1.14,
ow 11.75 -10.00 -2.94,
lb -0.11 2.14 8.67,
lk 1.62 1.60 -0.96,
ow 11.44 -10.13 -3.19,
lb -0.40 1.76 8.61,
lk 1.35 1.18 -1.01,
ow 11.25 -10.31 -3.44,
lb -1.78 2.03 8.93,
lk 0.00 1.42 -0.68,
ow 11.13 -10.50 -3.63,
lb -2.16 1.82 9.04,
lk 0.00 1.42 -0.68,
ow 11.13 -10.69 -3.63,
lb -2.21 1.64 9.06,
lk -0.34 1.21 -0.57,
ow 11.19 -10.88 -3.56,
lb -2.27 1.52 9.46,
lk -0.39 0.96 -0.14,
ow 11.25 -11.06 -3.31,
lb -2.80 0.22 11.01,
lk -0.89 -0.27 1.40,
ow 11.38 -11.19 -2.94,
lb -3.77 0.53 10.41,
lk -1.84 0.09 0.81,
ow 11.56 -11.31 -2.56,
lb -3.17 -0.13 10.39,
lk -1.84 0.09 0.81,
ow 11.69 -11.44 -2.25,
lb -3.21 0.02 11.36,
lk -1.23 -0.52 0.79,
ow 11.88 -11.50 -2.00,
lb -3.73 0.26 9.88,
lk -1.75 -0.06 0.28,
ow 12.06 -11.63 -1.94,
lb -3.85 0.47 9.87,
lk -1.85 0.15 0.28,
ow 12.19 -11.75 -1.94,
lb -3.98 0.37 10.30,
lk -1.97 0.04 0.71,
ow 12.31 -11.88 -1.94,
lb -4.63 0.24 11.14,
lk -1.97 0.04 0.71,
ow 12.56 -11.94 -1.94,
lb -5.02 -0.09 11.28,
lk -2.61 -0.08 1.55,
ow 12.63 -11.94 -1.94,
lb -5.44 -0.16 11.33,
lk -3.41 -0.49 1.75,
ow 12.63 -11.94 -1.94,
lb -5.80 -0.40 11.00,
lk -3.79 -0.73 1.41,
ow 12.69 -11.81 -1.88,
lb -5.73 -0.39 9.89,
lk -3.75 -0.70 0.29,
ow 12.69 -11.63 -1.81,
lb -5.22 -0.22 9.48,
lk -3.75 -0.70 0.29,
ow 12.69 -11.31 -1.69,
lb -4.84 -0.08 8.58,
lk -3.29 -0.50 -0.12,
ow 12.69 -11.00 -1.50,
lb -3.93 0.15 8.04,
lk -2.12 -0.07 -1.59,
ow 12.69 -10.63 -1.31,
lb -2.37 0.23 7.12,
lk -0.63 0.03 -2.52,
ow 12.69 -10.19 -1.19,
lb -1.18 0.83 7.10,
lk 0.49 0.64 -2.55,
ow 12.63 -9.88 -1.12,
lb -0.50 1.18 6.83,
lk 0.49 0.64 -2.55,
ow 12.56 -9.56 -1.06,
lb 0.42 1.23 7.35,
lk 1.13 0.99 -2.82,
ow 12.50 -9.31 -1.00,
lb 1.66 1.74 8.18,
lk 3.23 1.57 -1.49,
ow 12.38 -9.13 -0.94,
lb 1.24 1.07 6.72,
lk 2.78 0.90 -2.95,
ow 12.38 -9.00 -0.94,
lb 2.23 1.67 8.04,
lk 3.75 1.50 -1.63,
ow 12.31 -8.88 -0.94,
lb 1.69 1.08 8.64,
lk 3.75 1.50 -1.63,
ow 12.31 -8.75 -0.94,
lb 1.38 1.10 8.85,
lk 3.20 0.91 -1.04,
ow 12.31 -8.69 -1.00,
lb 0.98 1.16 9.13,
lk 2.46 0.98 -0.56,
ow 12.31 -8.63 -1.06,
lb 0.30 1.01 9.33,
lk 1.77 0.83 -0.35,
ow 12.31 -8.63 -1.06,
lb -0.56 0.80 9.95,
lk 0.90 0.61 0.26,
ow 12.25 -8.63 -1.06,
lb -0.95 0.69 10.37,
lk 0.90 0.61 0.26,
ow 12.50 -8.63 -1.12,
lb -1.26 0.50 10.71,
lk 0.52 0.50 0.68,
ow 12.50 -8.63 -1.12,
lb -1.48 0.25 10.95,
lk -0.01 0.06 1.25,
ow 12.44 -8.63 -1.12,
lb -1.62 0.05 11.16,
lk -0.15 -0.13 1.46,
ow 12.38 -8.63 -1.06,
lb -1.52 -0.03 11.18,
lk -0.05 -0.22 1.49,
ow 12.31 -8.56 -1.06,
lb -1.31 -0.12 11.00,
lk -0.05 -0.22 1.49,
ow 12.31 -8.50 -1.06,
lb -0.83 -0.15 10.85,
lk 0.14 -0.31 1.31,
ow 12.25 -8.44 -1.06,
lb -0.57 -0.23 10.68,
lk 0.86 -0.42 0.98,
ow 12.19 -8.38 -1.06,
lb -0.26 -0.29 10.44,
lk 1.16 -0.47 0.74,
ow 12.19 -8.31 -1.00,
lb 0.11 -0.30 10.26,
lk 1.53 -0.47 0.55,
ow 12.13 -8.31 -1.00,
lb 0.71 -0.30 9.84,
lk 1.53 -0.47 0.55,
ow 12.25 -8.25 -1.00,
lb 0.95 -0.19 9.72,
lk 2.12 -0.47 0.14,
ow 12.25 -8.25 -0.94,
lb 1.11 -0.20 9.39,
lk 2.51 -0.35 -0.30,
ow 12.25 -8.19 -0.88,
lb 1.14 -0.11 9.21,
lk 2.55 -0.26 -0.48,
ow 12.25 -8.19 -0.81,
lb 0.85 -0.02 9.05,
lk 2.25 -0.16 -0.64,
ow 12.25 -8.19 -0.81,
lb 0.61 0.00 9.01,
lk 2.25 -0.16 -0.64,
ow 12.25 -8.13 -0.75,
lb 0.34 0.11 9.02,
lk 2.00 -0.13 -0.69,
ow 12.31 -8.13 -0.69,
lb 0.33 -0.04 9.54,
lk 1.72 -0.16 -0.16,
ow 12.31 -8.06 -0.63,
lb -0.32 0.22 9.03,
lk 1.06 0.11 -0.67,
ow 12.31 -8.06 -0.69,
lb -0.69 0.56 9.03,
lk 0.67 0.45 -0.67,
ow 12.38 -8.06 -0.63,
lb -0.90 0.63 8.96,
lk 0.67 0.45 -0.67,
ow 12.44 -8.00 -0.56,
lb -1.06 0.57 8.91,
lk 0.46 0.53 -0.74,
ow 12.44 -8.00 -0.50,
lb -1.08 0.64 9.14,
lk 0.27 0.55 -0.56,
ow 12.44 -8.00 -0.50,
lb -1.10 0.62 9.25,
lk 0.25 0.54 -0.45,
ow 12.44 -7.94 -0.44,
lb -1.08 0.61 9.29,
lk 0.28 0.54 -0.41,
ow 12.44 -7.94 -0.37,
lb -1.06 0.45 9.39,
lk 0.28 0.54 -0.41,
ow 12.56 -7.94 -0.37,
lb -1.04 0.41 9.51,
lk 0.29 0.39 -0.31,
ow 12.56 -7.94 -0.31,
lb -1.07 0.36 9.59,
lk 0.28 0.30 -0.11,
ow 12.56 -7.94 -0.31,
lb -1.17 0.26 9.60,
lk 0.18 0.20 -0.11,
ow 12.50 -7.94 -0.31,
lb -1.35 0.14 9.76,
lk 0.00 0.08 0.05,
ow 12.50 -8.00 -0.31,
lb -1.46 0.06 9.81,
lk 0.00 0.08 0.05,
ow 12.56 -8.00 -0.37,
lb -1.55 0.03 9.34,
lk -0.09 0.00 0.10,
ow 12.56 -8.00 -0.37,
lb -1.40 0.04 9.89,
lk -0.02 -0.01 0.18,
ow 12.56 -8.06 -0.31,
lb -1.52 0.24 10.18,
lk -0.14 0.19 0.48,
ow 12.56 -8.06 -0.25,
lb -1.53 0.13 9.74,
lk -0.14 0.08 0.03,
ow 12.56 -8.13 -0.25,
lb -1.46 0.02 9.87,
lk -0.14 0.08 0.03,
ow 12.69 -8.13 -0.31,
lb -1.57 0.08 9.60,
lk -0.07 -0.02 0.16,
ow 12.69 -8.13 -0.31,
lb -1.53 0.25 9.60,
lk -0.14 0.19 -0.10,
ow 12.69 -8.13 -0.31,
lb -1.47 0.32 9.58,
lk -0.07 0.25 -0.12,
ow 12.69 -8.13 -0.37,
lb -1.34 0.23 9.42,
lk 0.05 0.17 -0.28,
ow 12.75 -8.19 -0.31,
lb -1.10 0.36 9.43,
lk 0.05 0.17 -0.28,
ow 12.81 -8.19 -0.31,
lb -1.00 0.39 9.46,
lk 0.29 0.31 -0.27,
ow 12.88 -8.13 -0.25,
lb -0.90 0.32 9.53,
lk 0.48 0.28 -0.16,
ow 12.88 -8.13 -0.25,
lb -0.81 0.26 9.54,
lk 0.57 0.22 -0.16,
ow 12.88 -8.13 -0.25,
lb -0.67 0.12 9.31,
lk 0.71 0.08 -0.38,
ow 12.88 -8.13 -0.19,
lb -0.59 0.13 9.27,
lk 0.71 0.08 -0.38,
ow 12.88 -8.13 -0.19,
lb -0.59 0.20 9.23,
lk 0.78 0.09 -0.43,
ow 12.88 -8.06 -0.19,
lb -0.51 0.27 9.25,
lk 0.87 0.23 -0.45,
ow 12.81 -8.06 -0.19,
lb -0.45 0.29 9.31,
lk 0.93 0.26 -0.39,
ow 12.81 -8.06 -0.19,
lb -0.39 0.30 9.39,
lk 0.98 0.27 -0.31,
ow 12.81 -8.06 -0.12,
lb -0.38 0.29 9.50,
lk 0.98 0.27 -0.31,
ow 13.00 -8.06 -0.12,
lb -0.47 0.19 9.46,
lk 0.99 0.26 -0.19,
ow 12.94 -8.00 -0.19,
lb -0.47 0.19 9.61,
lk 0.87 0.15 -0.10,
ow 12.94 -7.88 -0.19,
lb -0.48 0.15 9.59,
lk 0.83 0.11 -0.12,
ow 12.94 -7.75 -0.19,
lb -0.51 0.14 9.51,
lk 0.79 0.10 -0.19,
ow 12.94 -7.63 -0.25,
lb -0.51 0.19 9.69,
lk 0.79 0.10 -0.19,
ow 13.00 -7.56 -0.25,
lb -0.51 0.13 9.62,
lk 0.76 0.08 -0.09,
ow 13.00 -7.44 -0.25,
lb -0.48 0.11 9.61,
lk 0.76 0.05 -0.11,
ow 13.00 -7.31 -0.31,
lb -0.40 0.17 9.70,
lk 0.83 0.11 -0.02,
ow 13.00 -7.25 -0.31,
lb -0.40 0.12 9.63,
lk 0.81 0.06 -0.09,
ow 13.00 -7.13 -0.37,
lb -0.46 0.16 9.59,
lk 0.81 0.06 -0.09,
ow 13.00 -7.00 -0.37,
lb -0.56 0.15 9.57,
lk 0.73 0.09 -0.13,
ow 13.00 -6.94 -0.44,
lb -0.77 0.17 9.61,
lk 0.40 0.09 -0.12,
ow 13.00 -6.88 -0.44,
lb -0.82 0.20 9.54,
lk 0.35 0.13 -0.18,
ow 13.00 -6.88 -0.44,
lb -0.86 0.17 9.54,
lk 0.31 0.09 -0.19,
ow 13.00 -6.88 -0.44,
lb -0.92 0.18 9.56,
lk 0.24 0.10 -0.17,
ow 13.00 -6.88 -0.44,
lb -0.98 0.17 9.43,
lk 0.19 0.09 -0.30,
ow 13.00 -6.88 -0.44,
lb -0.99 0.20 9.43,
lk 0.18 0.12 -0.29,
ow 13.00 -6.88 -0.44,
lb -1.04 0.12 9.43,
lk 0.13 0.04 -0.29,
ow 13.00 -6.88 -0.44,
lb -1.05 0.12 9.36,
lk 0.11 0.03 -0.37,
ow 13.00 -6.88 -0.50,
lb -0.97 0.20 9.45,
lk 0.20 0.11 -0.27,
ow 12.81 -6.88 -0.50,
lb -0.96 0.24 9.50,
lk 0.21 0.15 -0.23,
ow 12.81 -6.81 -0.50,
lb -0.98 0.29 9.48,
lk 0.18 0.20 -0.25,
ow 12.81 -6.81 -0.50,
lb -1.00 0.27 9.50,
lk 0.16 0.18 -0.23,
ow 12.81 -6.81 -0.50,
lb -1.02 0.19 9.44,
lk 0.14 0.10 -0.28,
ow 12.81 -6.81 -0.50,
lb -1.06 0.21 9.48,
lk 0.14 0.10 -0.28,
ow 12.56 -6.81 -0.50,
lb -1.10 0.20 9.52,
lk 0.10 0.12 -0.25,
ow 12.56 -6.88 -0.50,
lb -1.11 0.19 9.50,
lk 0.06 0.09 -0.23,
ow 12.56 -6.88 -0.50,
lb -1.08 0.22 9.56,
lk 0.09 0.13 -0.16,
ow 12.56 -6.88 -0.50,
lb -1.00 0.23 9.62,
lk 0.17 0.14 -0.10,
ow 12.56 -6.88 -0.50,
lb -0.98 0.20 9.43,
lk 0.19 0.10 -0.29,
ow 12.56 -6.88 -0.50,
lb -0.81 0.25 9.57,
lk 0.36 0.16 -0.16,
ow 12.56 -6.88 -0.50,
lb -0.79 0.26 9.54,
lk 0.37 0.17 -0.18,
ow 12.56 -6.81 -0.50,
lb -0.78 0.25 9.55,
lk 0.38 0.16 -0.17,
ow 12.56 -6.81 -0.50,
lb -0.78 0.15 9.51,
lk 0.38 0.06 -0.22,
ow 12.56 -6.81 -0.50,
lb -0.80 0.11 9.49,
lk 0.38 0.06 -0.22,
ow 12.50 -6.75 -0.50,
lb -0.82 0.14 9.41,
lk 0.33 0.04 -0.32,
ow 12.50 -6.75 -0.50,
lb -0.80 0.15 9.41,
lk 0.34 0.05 -0.32,
ow 12.50 -6.75 -0.50,
lb -0.78 0.19 9.45,
lk 0.36 0.10 -0.28,
ow 12.50 -6.69 -0.56,
lb -0.78 0.21 9.49,
lk 0.36 0.11 -0.24,
ow 12.50 -6.69 -0.56,
lb -0.77 0.23 9.59,
lk 0.36 0.11 -0.24,
ow 12.50 -6.63 -0.56,
lb -0.74 0.19 9.34,
lk 0.36 0.13 -0.14,
ow 12.50 -6.56 -0.56,
lb -0.64 0.20 9.40,
lk 0.47 0.10 -0.33,
ow 12.50 -6.56 -0.50,
lb -0.65 0.22 9.84,
lk 0.46 0.13 0.10,
ow 12.50 -6.50 -0.50,
lb -0.64 0.22 9.42,
lk 0.46 0.13 -0.32,
ow 12.50 -6.44 -0.50,
lb -0.61 0.13 9.37,
lk 0.46 0.13 -0.32,
ow 12.44 -6.38 -0.50,
lb -0.65 0.16 9.42,
lk 0.47 0.04 -0.36,
ow 12.44 -6.25 -0.56,
lb -0.55 0.22 9.42,
lk 0.51 0.12 -0.32,
ow 12.50 -6.19 -0.63,
lb -0.51 0.32 9.67,
lk 0.54 0.20 -0.07,
ow 12.50 -6.13 -0.63,
lb -0.42 0.21 9.70,
lk 0.62 0.09 -0.04,
ow 12.50 -6.13 -0.63,
lb -0.47 0.16 9.61,
lk 0.62 0.09 -0.04,
ow 12.31 -6.06 -0.63,
lb -0.51 0.20 9.61,
lk 0.56 0.05 -0.14,
ow 12.31 -6.06 -0.69,
lb -0.52 0.22 9.60,
lk 0.50 0.10 -0.15,
ow 12.31 -6.00 -0.69,
lb -0.66 0.13 9.72,
lk 0.36 0.01 -0.03,
ow 12.31 -5.94 -0.69,
lb -0.78 0.14 9.56,
lk 0.23 0.02 -0.19,
ow 12.31 -5.94 -0.69,
lb -0.94 0.13 9.48,
lk 0.23 0.02 -0.19,
ow 12.31 -5.88 -0.69,
lb -1.03 0.11 9.45,
lk 0.06 0.01 -0.26,
ow 12.31 -5.88 -0.69,
lb -1.07 0.15 9.39,
lk -0.07 0.03 -0.36,
ow 12.31 -5.81 -0.69,
lb -0.99 0.24 9.43,
lk 0.00 0.12 -0.31,
ow 12.31 -5.81 -0.63,
lb -0.93 0.28 9.44,
lk 0.05 0.17 -0.31,
ow 12.31 -5.81 -0.63,
lb -0.84 0.31 9.45,
lk 0.05 0.17 -0.31,
ow 12.19 -5.75 -0.63,
lb -0.86 0.32 9.45,
lk 0.14 0.20 -0.29,
ow 12.19 -5.75 -0.63,
lb -0.86 0.27 9.48,
lk 0.12 0.16 -0.27,
ow 12.19 -5.75 -0.63,
lb -0.85 0.21 9.52,
lk 0.13 0.10 -0.22,
ow 12.19 -5.75 -0.63,
lb -0.77 0.12 9.40,
lk 0.20 0.01 -0.34,
ow 12.19 -5.75 -0.63,
lb -0.81 0.15 9.48,
lk 0.20 0.01 -0.34,
ow 12.19 -5.69 -0.69,
lb -0.81 0.17 9.58,
lk 0.16 0.03 -0.27,
ow 12.19 -5.69 -0.69,
lb -0.82 0.19 9.53,
lk 0.14 0.06 -0.21,
ow 12.19 -5.63 -0.69,
lb -0.82 0.13 9.38,
lk 0.13 0.00 -0.37,
ow 12.19 -5.63 -0.75,
lb -0.73 0.18 9.36,
lk 0.22 0.05 -0.39,
ow 12.19 -5.56 -0.75,
lb -0.62 0.22 9.48,
lk 0.22 0.05 -0.39,
ow 12.00 -5.56 -0.75,
lb -0.57 0.28 9.62,
lk 0.32 0.09 -0.27,
ow 12.00 -5.50 -0.75,
lb -0.57 0.28 9.45,
lk 0.36 0.15 -0.30,
ow 11.94 -5.44 -0.75,
lb -0.59 0.31 9.53,
lk 0.33 0.18 -0.22,
ow 11.94 -5.44 -0.75,
lb -0.60 0.23 9.60,
lk 0.31 0.10 -0.16,
ow 11.94 -5.38 -0.75,
lb -0.65 0.26 9.56,
lk 0.31 0.10 -0.16,
ow 11.88 -5.38 -0.75,
lb -0.66 0.21 9.60,
lk 0.26 0.13 -0.19,
ow 11.88 -5.38 -0.75,
lb -0.65 0.16 9.58,
lk 0.26 0.03 -0.17,
ow 11.81 -5.31 -0.75,
lb -0.67 0.18 9.57,
lk 0.23 0.04 -0.19,
ow 11.81 -5.31 -0.75,
lb -0.53 0.22 9.60,
lk 0.37 0.09 -0.16,
ow 11.81 -5.31 -0.75,
lb -0.55 0.26 9.55,
lk 0.37 0.09 -0.16,
ow 11.69 -5.25 -0.75,
lb -0.55 0.32 9.50,
lk 0.35 0.13 -0.20,
ow 11.63 -5.25 -0.69,
lb -0.56 0.33 9.53,
lk 0.32 0.21 -0.23,
ow 11.63 -5.19 -0.69,
lb -0.74 0.14 9.47,
lk 0.14 0.02 -0.28,
ow 11.63 -5.19 -0.69,
lb -0.77 0.12 9.42,
lk 0.11 0.01 -0.33,
ow 11.63 -5.19 -0.69,
lb -0.77 0.15 9.50,
lk 0.11 0.01 -0.33,
ow 11.38 -5.13 -0.63,
lb -0.67 0.14 9.49,
lk 0.11 0.03 -0.25,
ow 11.38 -5.13 -0.63,
lb -0.69 0.14 9.56,
lk 0.18 0.03 -0.20,
ow 11.38 -5.13 -0.63,
lb -0.67 0.14 9.53,
lk 0.19 0.04 -0.23,
ow 11.31 -5.06 -0.56,
lb -0.63 0.23 9.52,
lk 0.23 0.14 -0.23,
ow 11.31 -5.06 -0.56,
lb -0.56 0.16 9.49,
lk 0.23 0.14 -0.23,
ow 11.25 -5.00 -0.50,
lb -0.61 0.01 9.44,
lk 0.29 0.07 -0.27,
ow 11.25 -4.94 -0.50,
lb -0.59 0.06 9.57,
lk 0.24 -0.01 -0.19,
ow 11.19 -4.94 -0.50,
lb -0.58 0.11 9.47,
lk 0.24 0.02 -0.29,
ow 11.13 -4.88 -0.44,
lb -0.06 0.22 10.12,
lk 0.77 0.13 0.35,
ow 11.13 -4.88 -0.50,
lb -0.67 -0.12 8.81,
lk 0.77 0.13 0.35,
ow 10.94 -4.88 -0.56,
lb -0.88 0.06 9.14,
lk 0.16 -0.23 -0.95,
ow 10.88 -4.88 -0.63,
lb -0.61 0.18 9.59,
lk 0.21 0.07 -0.17,
ow 10.75 -4.81 -0.63,
lb -0.73 0.21 9.42,
lk 0.08 0.11 -0.34,
ow 10.63 -4.75 -0.56,
lb -0.67 0.09 9.25,
lk 0.13 0.01 -0.51,
ow 10.44 -4.69 -0.44,
lb -0.68 -0.10 8.86,
lk 0.13 0.01 -0.51,
ow 10.31 -4.56 -0.25,
lb -0.72 0.11 9.59,
lk 0.09 -0.15 -0.90,
ow 10.19 -4.38 -0.12,
lb -0.77 0.21 9.44,
lk -0.04 0.17 -0.33,
ow 10.06 -4.25 -0.25,
lb -0.82 0.55 9.68,
lk -0.11 0.47 -0.09,
ow 9.94 -4.13 -0.44,
lb -0.63 0.43 9.96,
lk 0.06 0.31 0.18,
ow 9.88 -4.06 -0.69,
lb -0.93 0.46 9.36,
lk 0.06 0.31 0.18,
ow 9.75 -4.06 -0.88,
lb -0.81 0.43 9.43,
lk -0.24 0.30 -0.41,
ow 9.75 -4.00 -1.12,
lb -0.69 0.65 9.50,
lk -0.02 0.43 -0.28,
ow 9.75 -3.88 -1.31,
lb -0.45 0.53 9.43,
lk 0.18 0.28 -0.34,
ow 9.81 -3.75 -1.44,
lb -0.09 0.25 9.67,
lk 0.53 -0.01 -0.11,
ow 9.88 -3.63 -1.56,
lb 0.00 0.24 9.79,
lk 0.53 -0.01 -0.11,
ow 9.88 -3.50 -1.63,
lb 0.07 0.32 9.99,
lk 0.59 -0.03 0.01,
ow 9.94 -3.38 -1.63,
lb 0.35 0.41 9.83,
lk 0.93 0.12 0.04,
ow 9.94 -3.31 -1.69,
lb 0.25 0.36 9.67,
lk 0.82 0.07 -0.11,
ow 9.94 -3.31 -1.69,
lb 0.19 0.48 9.46,
lk 0.76 0.18 -0.32,
ow 9.94 -3.31 -1.69,
lb 0.01 0.80 9.33,
lk 0.76 0.18 -0.32,
ow 10.06 -3.31 -1.75,
lb -0.12 0.70 9.35,
lk 0.58 0.50 -0.44,
ow 10.06 -3.25 -1.75,
lb -0.25 0.54 9.36,
lk 0.30 0.24 -0.42,
ow 10.06 -3.25 -1.75,
lb -0.52 0.42 9.39,
lk 0.04 0.12 -0.39,
ow 10.13 -3.25 -1.75,
lb -0.79 0.43 9.33,
lk -0.22 0.13 -0.45,
ow 10.13 -3.25 -1.69,
lb -0.69 0.39 9.72,
lk -0.22 0.13 -0.45,
ow 10.19 -3.25 -1.75,
lb -0.62 0.08 9.76,
lk -0.13 0.08 -0.06,
ow 10.25 -3.25 -1.75,
lb -0.80 0.13 9.43,
lk -0.24 -0.17 -0.35,
ow 10.25 -3.19 -1.75,
lb -0.79 0.22 9.25,
lk -0.24 -0.10 -0.53,
ow 10.31 -3.19 -1.88,
lb -0.66 0.29 9.87,
lk -0.12 -0.04 0.09,
ow 10.31 -3.13 -1.94,
lb -0.47 0.31 9.77,
lk -0.12 -0.04 0.09,
ow 10.31 -3.13 -1.94,
lb -0.43 0.44 9.54,
lk 0.06 -0.02 0.00,
ow 10.31 -3.13 -1.94,
lb -0.46 0.35 9.31,
lk 0.07 0.01 -0.47,
ow 10.38 -3.13 -2.00,
lb -0.47 0.34 9.41,
lk 0.06 0.00 -0.37,
ow 10.38 -3.13 -2.06,
lb -0.38 0.46 9.62,
lk 0.15 0.11 -0.16,
ow 10.38 -3.13 -2.06,
lb -0.31 0.46 9.67,
lk 0.23 0.11 -0.11,
ow 10.19 -3.13 -2.06,
lb -0.24 0.37 9.52,
lk 0.29 0.01 -0.26,
ow 10.19 -3.13 -2.06,
lb -0.25 0.37 9.42,
lk 0.28 0.01 -0.36,
ow 10.19 -3.13 -2.06,
lb -0.25 0.41 9.47,
lk 0.27 0.04 -0.31,
ow 10.19 -3.06 -2.13,
lb -0.29 0.39 9.46,
lk 0.22 0.03 -0.32,
ow 10.19 -3.06 -2.13,
lb -0.18 0.41 9.59,
lk 0.22 0.03 -0.32,
ow 10.13 -3.00 -2.13,
lb -0.17 0.53 9.66,
lk 0.33 0.04 -0.19,
ow 10.13 -2.94 -2.13,
lb -0.19 0.45 9.63,
lk 0.31 0.08 -0.15,
ow 10.13 -2.94 -2.13,
lb -0.15 0.49 9.56,
lk 0.34 0.12 -0.21,
ow 10.13 -2.94 -2.13,
lb -0.21 0.49 9.54,
lk 0.28 0.12 -0.23,
ow 10.13 -2.88 -2.13,
lb -0.25 0.46 9.62,
lk 0.24 0.09 -0.15,
ow 10.13 -2.88 -2.13,
lb -0.23 0.49 9.60,
lk 0.26 0.12 -0.18,
ow 10.13 -2.88 -2.13,
lb -0.28 0.55 9.51,
lk 0.21 0.17 -0.26,
ow 10.13 -2.88 -2.13,
lb -0.36 0.52 9.50,
lk 0.13 0.14 -0.28,
ow 10.13 -2.88 -2.19,
lb -0.39 0.48 9.43,
lk 0.10 0.10 -0.35,
ow 10.13 -2.88 -2.19,
lb -0.41 0.40 9.33,
lk 0.10 0.10 -0.35,
ow 10.13 -2.88 -2.19,
lb -0.39 0.37 9.26,
lk 0.08 0.01 -0.45,
ow 10.13 -2.88 -2.25,
lb -0.33 0.38 9.27,
lk 0.15 0.00 -0.51,
ow 10.13 -2.88 -2.25,
lb -0.27 0.42 9.34,
lk 0.21 0.03 -0.43,
ow 10.13 -2.81 -2.25,
lb -0.24 0.42 9.50,
lk 0.23 0.04 -0.27,
ow 10.13 -2.81 -2.19,
lb -0.19 0.21 9.70,
lk 0.23 0.04 -0.27,
ow 10.06 -2.75 -2.13,
lb -0.18 0.24 9.63,
lk 0.28 -0.15 -0.08,
ow 10.06 -2.75 -2.13,
lb -0.19 0.30 9.50,
lk 0.28 -0.05 -0.27,
ow 10.06 -2.75 -2.13,
lb -0.20 0.38 9.38,
lk 0.27 0.02 -0.40,
ow 10.06 -2.75 -2.13,
lb -0.18 0.41 9.41,
lk 0.28 0.05 -0.37,
ow 10.06 -2.69 -2.06,
lb -0.20 0.42 9.59,
lk 0.28 0.05 -0.37,
ow 9.88 -2.63 -2.06,
lb -0.22 0.43 9.73,
lk 0.25 0.06 -0.19,
ow 9.81 -2.63 -2.00,
lb -0.12 0.51 9.38,
lk 0.32 0.17 -0.41,
ow 9.81 -2.56 -1.94,
lb -0.29 0.26 9.16,
lk 0.15 -0.06 -0.63,
ow 9.81 -2.63 -1.88,
lb -0.33 0.32 9.42,
lk 0.10 0.00 -0.36,
ow 9.81 -2.56 -1.81,
lb -0.42 0.58 9.79,
lk 0.10 0.00 -0.36,
ow 9.63 -2.56 -1.81,
lb -0.35 0.32 9.45,
lk 0.01 0.27 0.00,
ow 9.63 -2.50 -1.81,
lb -0.36 0.29 9.23,
lk 0.06 -0.02 -0.55,
ow 9.63 -2.50 -1.88,
lb -0.33 0.37 9.12,
lk 0.08 0.04 -0.66,
ow 9.63 -2.50 -1.88,
lb -0.39 0.34 8.86,
lk 0.03 0.01 -0.92,
ow 9.63 -2.44 -1.94,
lb -0.07 0.69 9.05,
lk 0.03 0.01 -0.92,
ow 9.50 -2.44 -2.00,
lb 0.08 0.94 9.74,
lk 0.35 0.35 -0.73,
ow 9.44 -2.50 -2.00,
lb 0.14 0.90 10.11,
lk 0.58 0.57 0.32,
ow 9.44 -2.50 -1.94,
lb -0.05 0.37 10.26,
lk 0.39 0.04 0.47,
ow 9.44 -2.56 -1.88,
lb -0.40 0.21 10.11,
lk 0.05 -0.10 0.32,
ow 9.44 -2.63 -1.81,
lb -0.68 0.24 9.89,
lk 0.05 -0.10 0.32,
ow 9.38 -2.69 -1.88,
lb -0.93 0.14 9.61,
lk -0.22 -0.07 0.10,
ow 9.38 -2.75 -1.88,
lb -1.10 0.03 9.31,
lk -0.63 -0.29 -0.47,
ow 9.38 -2.69 -1.94,
lb -0.92 0.16 9.44,
lk -0.46 -0.17 -0.34,
ow 9.38 -2.69 -1.94,
lb -0.65 0.27 9.53,
lk -0.20 -0.05 -0.25,
ow 9.38 -2.63 -1.94,
lb -0.40 0.41 9.63,
lk -0.20 -0.05 -0.25,
ow 9.13 -2.56 -1.94,
lb -0.22 0.50 9.42,
lk 0.04 0.07 -0.15,
ow 9.13 -2.56 -1.94,
lb -0.12 0.58 9.38,
lk 0.32 0.24 -0.40,
ow 9.13 -2.63 -1.94,
lb -0.11 0.63 9.45,
lk 0.33 0.28 -0.33,
ow 9.13 -2.63 -2.00,
lb -0.08 0.53 9.55,
lk 0.37 0.19 -0.23,
ow 9.13 -2.69 -1.94,
lb -0.08 0.52 9.67,
lk 0.37 0.19 -0.23,
ow 9.00 -2.69 -1.94,
lb -0.10 0.44 9.79,
lk 0.38 0.18 -0.11,
ow 9.00 -2.75 -1.94,
lb -0.19 0.41 9.89,
lk 0.28 0.07 0.10,
ow 9.00 -2.75 -1.94,
lb -0.25 0.05 9.54,
lk 0.22 -0.28 -0.24,
ow 9.00 -2.81 -1.94,
lb -0.11 0.30 9.45,
lk 0.37 -0.04 -0.33,
ow 9.00 -2.81 -2.00,
lb -0.15 0.35 9.18,
lk 0.37 -0.04 -0.33,
ow 9.00 -2.81 -2.06,
lb -0.05 0.52 9.24,
lk 0.33 0.00 -0.59,
ow 9.00 -2.81 -2.06,
lb 0.04 0.47 9.38,
lk 0.52 0.12 -0.40,
ow 9.00 -2.81 -2.06,
lb 0.05 0.58 9.60,
lk 0.54 0.22 -0.18,
ow 9.00 -2.81 -2.06,
lb 0.01 0.49 9.59,
lk 0.49 0.14 -0.19,
ow 9.00 -2.81 -2.06,
lb -0.10 0.49 9.46,
lk 0.37 0.13 -0.32,
ow 9.00 -2.75 -2.06,
lb -0.33 0.44 9.37,
lk 0.13 0.08 -0.41,
ow 9.00 -2.75 -2.06,
lb -0.40 0.37 9.37,
lk 0.07 0.01 -0.41,
ow 9.00 -2.75 -2.06,
lb -0.40 0.40 9.45,
lk 0.06 0.04 -0.33,
ow 9.00 -2.75 -2.06,
lb -0.37 0.46 9.64,
lk 0.09 0.10 -0.14,
ow 9.00 -2.75 -2.06,
lb -0.34 0.40 9.71,
lk 0.12 0.04 -0.07,
ow 9.00 -2.75 -2.06,
lb -0.34 0.32 9.61,
lk 0.13 -0.03 -0.17,
ow 9.00 -2.81 -2.13,
lb -0.38 0.35 9.51,
lk 0.09 0.00 -0.26,
ow 9.00 -2.81 -2.13,
lb -0.38 0.49 9.51,
lk 0.09 0.12 -0.26,
ow 9.00 -2.81 -2.13,
lb -0.39 0.43 9.48,
lk 0.08 0.05 -0.30,
ow 9.00 -2.81 -2.13,
lb -0.33 0.45 9.61,
lk 0.14 0.07 -0.17,
ow 9.00 -2.81 -2.13,
lb -0.32 0.39 9.64,
lk 0.15 0.02 -0.14,
ow 8.94 -2.81 -2.13,
lb -0.32 0.51 9.68,
lk 0.15 0.14 -0.10,
ow 8.94 -2.75 -2.13,
lb -0.37 0.45 9.52,
lk 0.10 0.07 -0.26,
ow 8.94 -2.75 -2.19,
lb -0.38 0.39 9.39,
lk 0.09 0.01 -0.39,
ow 8.94 -2.75 -2.19,
lb -0.22 0.36 9.35,
lk 0.09 0.01 -0.39,
ow 8.94 -2.75 -2.19,
lb -0.22 0.36 9.41,
lk 0.25 -0.01 -0.43,
ow 8.94 -2.75 -2.19,
lb -0.26 0.32 9.46,
lk 0.20 -0.05 -0.32,
ow 8.94 -2.69 -2.19,
lb -0.37 0.39 9.50,
lk 0.09 0.02 -0.28,
ow 8.94 -2.69 -2.19,
lb -0.25 0.45 9.56,
lk 0.21 0.08 -0.22,
ow 9.00 -2.69 -2.19,
lb -0.33 0.47 9.49,
lk 0.21 0.08 -0.22,
ow 9.00 -2.69 -2.19,
lb -0.40 0.45 9.41,
lk 0.12 0.10 -0.29,
ow 9.00 -2.69 -2.19,
lb -0.46 0.43 9.36,
lk 0.00 0.05 -0.42,
ow 9.00 -2.69 -2.19,
lb -0.31 0.47 9.50,
lk 0.14 0.10 -0.28,
ow 9.00 -2.69 -2.19,
lb -0.21 0.39 9.55,
lk 0.25 0.01 -0.23,
ow 9.00 -2.69 -2.19,
lb -0.20 0.32 9.53,
lk 0.25 0.01 -0.23,
ow 9.00 -2.69 -2.13,
lb -0.20 0.21 9.34,
lk 0.26 -0.04 -0.24,
ow 9.06 -2.75 -2.13,
lb -0.26 0.36 9.43,
lk 0.21 0.01 -0.35,
ow 9.06 -2.75 -2.06,
lb -0.51 0.40 9.63,
lk -0.04 0.06 -0.15,
ow 9.06 -2.75 -2.00,
lb -0.45 0.23 9.57,
lk 0.01 -0.10 -0.21,
ow 9.13 -2.75 -1.94,
lb -0.30 0.51 9.40,
lk 0.01 -0.10 -0.21,
ow 9.13 -2.69 -2.06,
lb -0.11 0.42 9.23,
lk 0.16 0.15 -0.38,
ow 9.13 -2.75 -2.19,
lb -0.03 0.44 9.31,
lk 0.44 0.05 -0.47,
ow 9.13 -2.75 -2.25,
lb -0.04 0.47 9.54,
lk 0.44 0.10 -0.23,
ow 9.19 -2.88 -2.19,
lb -1.59 0.69 9.89,
lk -1.09 0.33 0.10,
ow 9.19 -2.94 -2.06,
lb -2.20 0.88 9.92,
lk -1.09 0.33 0.10,
ow 9.19 -2.94 -2.00,
lb -0.68 1.49 9.64,
lk -1.69 0.54 0.13,
ow 9.06 -2.94 -1.94,
lb 0.58 0.80 9.39,
lk 1.09 0.48 -0.38,
ow 9.00 -2.94 -1.81,
lb 0.83 -0.46 9.61,
lk 1.34 -0.76 -0.17,
ow 9.06 -2.94 -1.75,
lb 0.74 -0.04 9.95,
lk 1.25 -0.34 0.17,
ow 9.06 -2.94 -1.69,
lb 0.34 0.05 9.98,
lk 1.25 -0.34 0.17,
ow 9.00 -2.94 -1.75,
lb -0.53 0.49 9.45,
lk 0.86 -0.24 0.19,
ow 9.00 -3.00 -1.88,
lb -0.66 0.74 9.25,
lk -0.13 0.40 -0.53,
ow 9.00 -3.06 -2.00,
lb -0.62 0.85 9.20,
lk -0.09 0.50 -0.57,
ow 9.00 -3.06 -2.00,
lb -0.46 0.65 9.26,
lk 0.06 0.30 -0.52,
ow 9.00 -3.06 -2.00,
lb -0.28 0.18 9.55,
lk 0.06 0.30 -0.52,
ow 9.00 -3.06 -1.88,
lb -0.24 0.11 9.53,
lk 0.24 -0.14 -0.22,
ow 9.00 -3.00 -1.88,
lb -0.22 0.19 9.49,
lk 0.30 -0.13 -0.29,
ow 9.06 -3.06 -1.88,
lb -0.22 0.24 9.46,
lk 0.29 -0.08 -0.31,
ow 9.06 -3.06 -1.94,
lb -0.31 0.49 9.46,
lk 0.22 0.15 -0.32,
ow 9.06 -3.06 -2.00,
lb -0.28 0.48 9.50,
lk 0.22 0.15 -0.32,
ow 9.06 -3.13 -2.06,
lb -0.32 0.56 9.62,
lk 0.25 0.12 -0.28,
ow 9.06 -3.13 -2.06,
lb -0.42 0.56 9.67,
lk 0.11 0.20 -0.10,
ow 9.06 -3.13 -2.06,
lb -0.48 0.56 9.39,
lk 0.04 0.20 -0.39,
ow 9.06 -3.06 -2.06,
lb -0.44 0.55 9.30,
lk 0.08 0.19 -0.48,
ow 9.06 -3.06 -2.06,
lb -0.41 0.53 9.37,
lk 0.08 0.19 -0.48,
ow 9.06 -3.00 -2.06,
lb -0.43 0.35 9.49,
lk 0.10 0.17 -0.41,
ow 9.06 -3.00 -2.00,
lb -0.43 0.27 9.51,
lk 0.08 -0.06 -0.27,
ow 9.06 -3.00 -1.94,
lb -0.34 0.29 9.47,
lk 0.16 -0.03 -0.31,
ow 9.00 -3.00 -1.94,
lb -0.27 0.41 9.45,
lk 0.24 0.08 -0.33,
ow 9.00 -3.00 -1.94,
lb -0.32 1.26 9.29,
lk 0.24 0.08 -0.33,
ow 9.00 -3.06 -1.94,
lb -0.49 0.81 9.41,
lk 0.20 0.93 -0.48,
ow 9.00 -3.13 -1.88,
lb -0.28 0.28 9.39,
lk 0.26 -0.01 -0.38,
ow 8.94 -3.13 -1.75,
lb -0.14 0.19 9.39,
lk 0.41 -0.07 -0.38,
ow 8.94 -3.19 -1.56,
lb -0.22 0.44 9.79,
lk 0.33 0.18 0.00,
ow 8.94 -3.31 -1.44,
lb -0.29 0.32 9.62,
lk 0.33 0.18 0.00,
ow 8.94 -3.38 -1.37,
lb -0.45 0.32 9.41,
lk 0.29 0.08 -0.15,
ow 9.00 -3.50 -1.25,
lb -0.62 0.45 9.38,
lk 0.00 0.24 -0.40,
ow 9.00 -3.63 -1.19,
lb -0.73 0.04 9.62,
lk -0.08 -0.15 -0.15,
ow 9.00 -3.75 -1.12,
lb -0.53 -0.47 9.68,
lk 0.13 -0.65 -0.10,
ow 9.00 -3.88 -1.00,
lb -0.38 -0.65 9.78,
lk 0.13 -0.65 -0.10,
ow 9.00 -3.94 -0.88,
lb -0.55 -0.05 9.90,
lk 0.29 -0.80 0.00,
ow 9.06 -4.00 -0.81,
lb -0.77 -0.03 9.75,
lk -0.06 -0.16 -0.02,
ow 9.06 -4.06 -0.75,
lb -0.94 0.14 9.56,
lk -0.23 0.01 -0.21,
ow 9.06 -4.13 -0.75,
lb -1.02 0.29 9.44,
lk -0.30 0.17 -0.33,
ow 9.13 -4.19 -0.69,
lb -1.03 0.38 9.47,
lk -0.30 0.17 -0.33,
ow 9.13 -4.25 -0.63,
lb -0.99 0.38 9.44,
lk -0.30 0.27 -0.30,
ow 9.13 -4.25 -0.56,
lb -0.90 0.36 9.42,
lk -0.16 0.26 -0.35,
ow 9.13 -4.31 -0.56,
lb -0.81 0.32 9.44,
lk -0.07 0.23 -0.33,
ow 9.13 -4.31 -0.50,
lb -0.62 0.15 9.55,
lk 0.11 0.07 -0.22,
ow 9.13 -4.31 -0.44,
lb -0.58 0.06 9.57,
lk 0.11 0.07 -0.22,
ow 9.13 -4.31 -0.37,
lb -0.60 0.04 9.55,
lk 0.15 -0.01 -0.20,
ow 9.13 -4.31 -0.37,
lb -0.66 0.03 9.59,
lk 0.07 -0.02 -0.18,
ow 9.13 -4.31 -0.31,
lb -0.67 0.05 9.40,
lk 0.05 0.00 -0.36,
ow 9.13 -4.25 -0.31,
lb -0.59 0.06 9.31,
lk 0.13 0.00 -0.46,
ow 9.13 -4.25 -0.31,
lb -0.44 0.06 9.38,
lk 0.13 0.00 -0.46,
ow 9.13 -4.25 -0.25,
lb -0.61 0.08 9.71,
lk 0.28 0.01 -0.39,
ow 9.13 -4.19 -0.19,
lb -0.54 0.06 9.58,
lk 0.17 0.02 -0.19,
ow 9.06 -4.19 -0.19,
lb -0.45 0.12 9.53,
lk 0.24 0.07 -0.24,
ow 9.06 -4.13 -0.25,
lb -0.50 0.21 9.45,
lk 0.20 0.14 -0.32,
ow 9.06 -4.06 -0.37,
lb -0.57 0.20 9.43,
lk 0.20 0.14 -0.32,
ow 9.06 -4.06 -0.37,
lb -0.59 0.11 9.55,
lk 0.12 0.13 -0.34,
ow 9.06 -4.06 -0.31,
lb -0.57 -0.06 9.63,
lk 0.11 -0.11 -0.14,
ow 9.06 -4.06 -0.25,
lb -0.51 -0.06 9.68,
lk 0.18 -0.10 -0.09,
ow 9.06 -4.00 -0.25,
lb -0.49 -0.01 9.61,
lk 0.19 -0.06 -0.16,
ow 9.06 -4.00 -0.25,
lb -0.56 0.04 9.60,
lk 0.19 -0.06 -0.16,
ow 9.06 -4.00 -0.31,
lb -0.56 0.11 9.67,
lk 0.12 -0.01 -0.17,
ow 9.06 -4.00 -0.37,
lb -0.58 0.05 9.65,
lk 0.10 -0.01 -0.12,
ow 9.06 -4.00 -0.37,
lb -0.56 0.04 9.61,
lk 0.11 -0.03 -0.16,
ow 9.06 -3.94 -0.37,
lb -0.61 0.09 9.55,
lk 0.06 0.01 -0.22,
ow 9.06 -3.94 -0.44,
lb -0.63 0.12 9.47,
lk 0.06 0.01 -0.22,
ow 9.06 -3.94 -0.50,
lb -0.55 0.14 9.36,
lk 0.04 0.03 -0.31,
ow 9.06 -3.88 -0.56,
lb -0.53 0.11 9.38,
lk 0.13 0.00 -0.39,
ow 9.06 -3.88 -0.63,
lb -0.46 0.12 9.52,
lk 0.19 0.01 -0.25,
ow 9.06 -3.88 -0.63,
lb -0.44 0.12 9.61,
lk 0.21 0.00 -0.16,
ow 9.06 -3.81 -0.63,
lb -0.50 0.13 9.59,
lk 0.21 0.00 -0.16,
ow 9.06 -3.81 -0.69,
lb -0.55 0.16 9.54,
lk 0.14 0.01 -0.19,
ow 9.06 -3.75 -0.69,
lb -0.56 0.18 9.45,
lk 0.08 0.05 -0.32,
ow 9.06 -3.75 -0.75,
lb -0.45 0.22 9.66,
lk 0.18 0.09 -0.11,
ow 9.06 -3.69 -0.75,
lb -0.45 0.12 9.74,
lk 0.17 0.00 -0.04,
ow 9.06 -3.69 -0.75,
lb -0.45 0.01 9.73,
lk 0.17 0.00 -0.04,
ow 9.06 -3.69 -0.69,
lb -0.47 -0.02 9.65,
lk 0.17 -0.11 -0.04,
ow 9.06 -3.63 -0.69,
lb -0.40 0.14 9.30,
lk 0.21 0.01 -0.47,
ow 9.06 -3.63 -0.75,
lb -0.44 0.31 9.28,
lk 0.18 0.17 -0.50,
ow 9.06 -3.63 -0.75,
lb -0.39 0.43 9.33,
lk 0.23 0.29 -0.44,
ow 9.06 -3.63 -0.75,
lb -0.33 0.49 9.43,
lk 0.23 0.29 -0.44,
ow 9.13 -3.63 -0.75,
lb -0.43 0.20 9.61,
lk 0.29 0.36 -0.35,
ow 9.13 -3.63 -0.69,
lb -0.46 0.16 9.64,
lk 0.16 0.05 -0.14,
ow 9.13 -3.69 -0.63,
lb -0.56 0.13 9.64,
lk 0.07 0.02 -0.13,
ow 9.13 -3.69 -0.63,
lb -0.64 0.18 9.56,
lk 0.00 0.07 -0.21,
ow 9.19 -3.69 -0.63,
lb -0.72 0.28 9.52,
lk 0.00 0.07 -0.21,
ow 9.19 -3.69 -0.56,
lb -0.76 0.09 9.53,
lk -0.08 0.17 -0.25,
ow 9.19 -3.69 -0.56,
lb -0.42 0.20 9.64,
lk 0.20 0.10 -0.14,
ow 9.19 -3.69 -0.56,
lb -0.58 0.46 9.23,
lk 0.05 0.35 -0.55,
ow 9.19 -3.69 -0.63,
lb -0.84 0.45 8.94,
lk -0.18 0.32 -0.83,
ow 9.19 -3.81 -0.75,
lb -0.86 0.56 9.08,
lk -0.18 0.32 -0.83,
ow 9.19 -3.88 -0.81,
lb -0.48 0.63 9.35,
lk -0.19 0.41 -0.69,
ow 9.13 -3.94 -0.88,
lb -0.35 -0.13 9.65,
lk 0.32 -0.27 -0.12,
ow 9.13 -3.94 -0.75,
lb -0.30 -0.39 9.89,
lk 0.37 -0.51 0.11,
ow 9.13 -3.88 -0.63,
lb -0.91 -0.22 9.90,
lk -0.25 -0.33 0.12,
ow 9.19 -3.88 -0.56,
lb -1.08 -0.08 9.93,
lk -0.25 -0.33 0.12,
ow 9.19 -3.75 -0.50,
lb -0.91 -0.07 9.45,
lk -0.43 -0.17 0.15,
ow 9.25 -3.69 -0.50,
lb -0.95 -0.10 9.35,
lk -0.33 -0.18 -0.43,
ow 9.25 -3.56 -0.50,
lb -0.90 -0.06 9.54,
lk -0.30 -0.14 -0.23,
ow 9.31 -3.50 -0.44,
lb -0.54 -0.10 9.62,
lk 0.04 -0.18 -0.16,
ow 9.38 -3.44 -0.44,
lb -0.49 -0.17 9.56,
lk 0.04 -0.18 -0.16,
ow 9.44 -3.31 -0.37,
lb -0.50 -0.20 9.52,
lk 0.08 -0.25 -0.22,
ow 9.50 -3.31 -0.44,
lb -0.47 -0.15 9.53,
lk 0.09 -0.23 -0.25,
ow 9.56 -3.25 -0.44,
lb -0.33 0.05 9.57,
lk 0.22 -0.02 -0.21,
ow 9.56 -3.25 -0.50,
lb -0.36 0.07 9.60,
lk 0.19 -0.01 -0.18,
ow 9.63 -3.25 -0.50,
lb -0.38 0.13 9.66,
lk 0.19 -0.01 -0.18,
ow 9.69 -3.25 -0.56,
lb -0.54 0.31 9.60,
lk 0.18 0.04 -0.12,
ow 9.75 -3.25 -0.56,
lb -0.07 0.67 9.25,
lk 0.49 0.56 -0.53,
ow 9.81 -3.31 -0.63,
lb -0.22 0.40 8.86,
lk 0.35 0.28 -0.92,
ow 9.81 -3.38 -0.69,
lb -0.22 0.26 9.10,
lk 0.36 0.14 -0.68,
ow 9.81 -3.38 -0.69,
lb -0.24 0.68 9.92,
lk 0.36 0.14 -0.68,
ow 9.81 -3.31 -0.63,
lb -0.20 0.46 9.83,
lk 0.32 0.57 0.13,
ow 9.81 -3.19 -0.50,
lb -0.18 0.27 9.59,
lk 0.34 0.20 -0.19,
ow 9.81 -3.06 -0.37,
lb -0.01 0.22 9.39,
lk 0.50 0.17 -0.39,
ow 9.88 -3.00 -0.31,
lb 0.12 0.37 9.27,
lk 0.63 0.33 -0.51,
ow 9.88 -2.94 -0.19,
lb 0.16 0.28 9.44,
lk 0.63 0.33 -0.51,
ow 9.88 -2.94 -0.12,
lb 0.24 0.11 9.61,
lk 0.66 0.25 -0.35,
ow 9.88 -2.94 0.00,
lb 0.31 -0.11 9.76,
lk 0.82 -0.09 -0.02,
ow 9.88 -2.94 0.06,
lb 0.21 -0.32 10.24,
lk 0.73 -0.29 0.44,
ow 9.88 -3.00 0.12,
lb -0.06 -0.32 10.31,
lk 0.47 -0.28 0.52,
ow 9.94 -3.13 0.19,
lb -0.33 -0.36 10.26,
lk 0.47 -0.28 0.52,
ow 9.94 -3.25 0.19,
lb -0.50 -0.13 10.04,
lk 0.23 -0.32 0.47,
ow 10.00 -3.38 0.12,
lb -0.58 -0.04 9.33,
lk 0.01 -0.02 -0.45,
ow 10.00 -3.50 0.06,
lb -0.73 0.05 9.06,
lk -0.11 0.06 -0.72,
ow 10.06 -3.56 0.00,
lb -0.74 0.17 9.00,
lk -0.11 0.17 -0.77,
ow 10.06 -3.63 0.00,
lb -1.23 0.39 9.45,
lk -0.11 0.17 -0.77,
ow 10.13 -3.69 0.00,
lb -1.55 0.52 9.47,
lk -0.60 0.40 -0.33,
ow 10.13 -3.69 0.00,
lb -1.91 0.50 9.13,
lk -1.26 0.49 -0.65,
ow 10.19 -3.75 0.00,
lb -1.92 0.55 8.93,
lk -1.28 0.53 -0.85,
ow 10.19 -3.75 -0.06,
lb -1.53 0.68 8.87,
lk -0.88 0.67 -0.91,
ow 10.19 -3.75 -0.06,
lb -1.24 0.60 9.10,
lk -0.88 0.67 -0.91,
ow 10.19 -3.75 0.00,
lb -0.85 0.55 9.65,
lk -0.60 0.60 -0.67,
ow 10.25 -3.69 0.19,
lb -0.55 0.30 9.89,
lk 0.08 0.39 0.10,
ow 10.25 -3.75 0.44,
lb 0.53 -0.04 9.81,
lk 1.18 0.07 0.03,
ow 10.25 -3.81 0.69,
lb 1.05 -0.13 9.62,
lk 1.73 0.01 -0.15,
ow 10.31 -3.94 0.81,
lb 1.36 -0.18 9.79,
lk 1.73 0.01 -0.15,
ow 10.31 -4.13 0.94,
lb 1.32 -0.40 10.38,
lk 2.07 -0.02 0.01,
ow 10.38 -4.38 1.00,
lb 1.04 -0.59 10.39,
lk 1.85 -0.41 0.62,
ow 10.38 -4.69 1.06,
lb 0.75 -0.85 10.31,
lk 1.61 -0.66 0.54,
ow 10.38 -5.00 1.12,
lb 0.46 -0.87 10.18,
lk 1.38 -0.68 0.41,
ow 10.38 -5.31 1.06,
lb -0.42 -0.77 9.68,
lk 1.38 -0.68 0.41,
ow 10.38 -5.69 1.06,
lb -0.87 -0.63 9.39,
lk 0.54 -0.58 -0.06,
ow 10.38 -6.00 0.94,
lb -1.36 -0.50 9.16,
lk -0.29 -0.35 -0.58,
ow 10.38 -6.25 0.88,
lb -1.69 -0.41 8.96,
lk -0.58 -0.27 -0.77,
ow 10.38 -6.50 0.75,
lb -1.91 0.09 8.94,
lk -0.77 0.20 -0.79,
ow 10.31 -6.63 0.63,
lb -1.94 0.08 8.80,
lk -0.77 0.20 -0.79,
ow 10.38 -6.69 0.56,
lb -1.93 0.10 8.74,
lk -0.80 0.18 -0.93,
ow 10.38 -6.69 0.56,
lb -1.81 0.16 8.74,
lk -0.66 0.26 -0.99,
ow 10.38 -6.69 0.50,
lb -1.69 0.11 8.79,
lk -0.56 0.21 -0.94,
ow 10.38 -6.63 0.50,
lb -1.62 0.14 8.88,
lk -0.51 0.24 -0.85,
ow 10.38 -6.50 0.56,
lb -1.54 0.12 9.12,
lk -0.51 0.24 -0.85,
ow 10.38 -6.38 0.56,
lb -1.26 0.04 9.41,
lk -0.44 0.23 -0.62,
ow 10.44 -6.25 0.69,
lb -1.09 0.01 9.54,
lk -0.03 0.15 -0.20,
ow 10.44 -6.13 0.81,
lb -0.87 -0.03 9.70,
lk 0.16 0.12 -0.04,
ow 10.44 -6.06 0.88,
lb -0.67 -0.06 9.76,
lk 0.35 0.10 0.01,
ow 10.44 -5.94 1.00,
lb -0.28 -0.22 9.87,
lk 0.35 0.10 0.01,
ow 10.44 -5.88 1.12,
lb -0.17 -0.28 9.86,
lk 0.72 -0.03 0.12,
ow 10.50 -5.88 1.19,
lb -0.15 -0.33 9.85,
lk 0.84 -0.10 0.10,
ow 10.50 -5.81 1.31,
lb -0.24 -0.39 9.83,
lk 0.75 -0.14 0.07,
ow 10.50 -5.81 1.44,
lb -0.51 -0.43 9.84,
lk 0.48 -0.16 0.08,
ow 10.50 -5.88 1.50,
lb -0.68 -0.44 9.74,
lk 0.48 -0.16 0.08,
ow 10.50 -5.88 1.63,
lb -0.75 -0.47 9.63,
lk 0.32 -0.16 0.00,
ow 10.50 -5.94 1.63,
lb -0.90 -0.21 9.55,
lk 0.13 0.07 -0.18,
ow 10.50 -6.00 1.69,
lb -0.98 -0.10 9.62,
lk 0.06 0.19 -0.12,
ow 10.56 -6.13 1.69,
lb -1.12 -0.04 9.65,
lk -0.06 0.26 -0.09,
ow 10.56 -6.19 1.75,
lb -1.18 -0.10 9.45,
lk -0.06 0.26 -0.09,
ow 10.56 -6.25 1.81,
lb -1.19 -0.43 8.84,
lk -0.10 0.21 -0.28,
ow 10.56 -6.38 1.94,
lb -1.25 -0.04 9.24,
lk -0.15 0.29 -0.49,
ow 10.56 -6.44 1.94,
lb -1.19 0.11 9.31,
lk -0.09 0.45 -0.42,
ow 10.56 -6.44 2.00,
lb -1.07 0.02 9.41,
lk 0.02 0.37 -0.32,
ow 10.56 -6.44 2.00,
lb -0.99 -0.19 9.39,
lk 0.02 0.37 -0.32,
ow 10.56 -6.44 2.06,
lb -0.87 -0.32 9.43,
lk 0.11 0.16 -0.33,
ow 10.56 -6.44 2.19,
lb -0.84 -0.27 9.67,
lk 0.27 0.11 -0.06,
ow 10.63 -6.50 2.25,
lb -0.92 -0.23 9.73,
lk 0.20 0.16 0.00,
ow 10.63 -6.56 2.31,
lb -0.91 -0.36 9.64,
lk 0.22 0.05 -0.08,
ow 10.63 -6.69 2.44,
lb -0.97 -0.44 9.63,
lk 0.22 0.05 -0.08,
ow 10.63 -6.75 2.50,
lb -0.95 -0.45 9.70,
lk 0.18 -0.01 -0.09,
ow 10.63 -6.81 2.56,
lb -1.08 -0.43 9.92,
lk 0.09 0.02 0.19,
ow 10.63 -6.94 2.63,
lb -1.13 -0.50 9.85,
lk 0.05 -0.03 0.13,
ow 10.63 -7.00 2.69,
lb -1.19 -0.52 9.76,
lk 0.01 -0.05 0.04,
ow 10.63 -7.06 2.75,
lb -1.18 -0.48 9.63,
lk 0.01 -0.05 0.04,
ow 10.63 -7.13 2.75,
lb -1.27 -0.45 9.38,
lk 0.04 -0.01 -0.08,
ow 10.63 -7.19 2.75,
lb -1.28 -0.41 9.34,
lk -0.04 0.05 -0.36,
ow 10.63 -7.25 2.75,
lb -1.22 -0.32 9.34,
lk 0.02 0.14 -0.37,
ow 10.63 -7.31 2.75,
lb -1.26 -0.39 9.25,
lk 0.00 0.08 -0.45,
ow 10.63 -7.38 2.81,
lb -1.14 -0.42 9.29,
lk 0.00 0.08 -0.45,
ow 10.63 -7.38 2.81,
lb -1.13 -0.43 9.31,
lk 0.11 0.06 -0.41,
ow 10.63 -7.38 2.88,
lb -1.14 -0.53 9.29,
lk 0.11 -0.03 -0.41,
ow 10.63 -7.38 2.94,
lb -1.05 -0.49 9.52,
lk 0.20 0.00 -0.18,
ow 10.63 -7.38 2.94,
lb -1.08 -0.50 9.61,
lk 0.17 0.00 -0.09,
ow 10.63 -7.38 3.00,
lb -1.04 -0.51 9.58,
lk 0.17 0.00 -0.09,
ow 10.63 -7.31 3.00,
lb -0.96 -0.50 9.46,
lk 0.20 0.00 -0.12,
ow 10.63 -7.31 3.00,
lb -0.87 -0.46 9.35,
lk 0.37 0.04 -0.35,
ow 10.63 -7.25 3.00,
lb -0.88 -0.49 9.41,
lk 0.35 0.01 -0.30,
ow 10.63 -7.25 2.94,
lb -0.86 -0.47 9.51,
lk 0.37 0.03 -0.19,
ow 10.63 -7.25 2.94,
lb -0.92 -0.49 9.64,
lk 0.31 0.01 -0.07,
ow 10.63 -7.25 2.94,
lb -1.02 -0.46 9.63,
lk 0.21 0.03 -0.08,
ow 10.63 -7.25 2.94,
lb -1.07 -0.46 9.53,
lk 0.16 0.03 -0.18,
ow 10.63 -7.25 2.94,
lb -1.12 -0.46 9.50,
lk 0.12 0.03 -0.20,
ow 10.63 -7.25 2.94,
lb -1.17 -0.44 9.53,
lk 0.07 0.05 -0.17,
ow 10.63 -7.31 2.88,
lb -1.22 -0.44 9.56,
lk 0.07 0.05 -0.17,
ow 10.63 -7.31 2.88,
lb -1.21 -0.45 9.54,
lk 0.02 0.04 -0.14,
ow 10.63 -7.31 2.88,
lb -1.23 -0.44 9.48,
lk 0.02 0.05 -0.22,
ow 10.63 -7.31 2.88,
lb -1.24 -0.43 9.39,
lk 0.00 0.05 -0.31,
ow 10.63 -7.31 2.88,
lb -1.20 -0.42 9.40,
lk 0.05 0.06 -0.30,
ow 10.63 -7.31 2.88,
lb -1.19 -0.41 9.50,
lk 0.05 0.07 -0.20,
ow 10.63 -7.31 2.88,
lb -1.17 -0.44 9.48,
lk 0.07 0.04 -0.22,
ow 10.63 -7.31 2.88,
lb -1.16 -0.47 9.53,
lk 0.08 0.01 -0.18,
ow 10.63 -7.31 2.88,
lb -1.13 -0.45 9.52,
lk 0.11 0.03 -0.18,
ow 10.63 -7.31 2.88,
lb -1.12 -0.45 9.52,
lk 0.13 0.02 -0.18,
ow 10.63 -7.31 2.81,
lb -1.12 -0.43 9.52,
lk 0.12 0.04 -0.19,
ow 10.63 -7.31 2.81,
lb -1.12 -0.39 9.48,
lk 0.12 0.08 -0.22,
ow 10.63 -7.31 2.81,
lb -1.13 -0.39 9.50,
lk 0.11 0.08 -0.21,
ow 10.63 -7.31 2.81,
lb -1.13 -0.40 9.51,
lk 0.11 0.07 -0.20,
ow 10.63 -7.31 2.81,
lb -1.12 -0.37 9.50,
lk 0.12 0.10 -0.21,
ow 10.63 -7.31 2.75,
lb -1.12 -0.39 9.47,
lk 0.12 0.10 -0.21,
ow 10.63 -7.31 2.75,
lb -1.10 -0.37 9.48,
lk 0.13 0.07 -0.24,
ow 10.63 -7.31 2.75,
lb -1.10 -0.38 9.44,
lk 0.14 0.08 -0.27,
ow 10.63 -7.31 2.69,
lb -1.09 -0.38 9.50,
lk 0.16 0.07 -0.20,
ow 10.63 -7.31 2.69,
lb -1.07 -0.38 9.55,
lk 0.18 0.07 -0.16,
ow 10.63 -7.31 2.69,
lb -1.07 -0.40 9.55,
lk 0.18 0.07 -0.16,
ow 10.63 -7.38 2.69,
lb -1.06 -0.42 9.54,
lk 0.18 0.06 -0.16,
ow 10.63 -7.38 2.69,
lb -1.07 -0.43 9.46,
lk 0.19 0.03 -0.25,
ow 10.63 -7.38 2.69,
lb -1.09 -0.43 9.52,
lk 0.17 0.02 -0.18,
ow 10.63 -7.38 2.69,
lb -1.13 -0.44 9.62,
lk 0.13 0.01 -0.08,
ow 10.63 -7.38 2.69,
lb -1.14 -0.42 9.57,
lk 0.13 0.01 -0.08,
ow 10.63 -7.44 2.69,
lb -1.10 -0.52 9.08,
lk 0.12 0.03 -0.14,
ow 10.63 -7.44 2.75,
lb -1.13 -0.54 9.20,
lk 0.14 -0.06 -0.50,
ow 10.63 -7.50 2.75,
lb -1.28 -0.28 9.61,
lk -0.01 0.18 -0.09,
ow 10.63 -7.44 2.75,
lb -1.02 -0.45 9.58,
lk 0.24 0.01 -0.13,
ow 10.63 -7.44 2.75,
lb -0.95 -0.35 9.50,
lk 0.24 0.01 -0.13,
ow 10.63 -7.38 2.69,
lb -0.90 -0.42 9.41,
lk 0.31 0.10 -0.20,
ow 10.63 -7.38 2.69,
lb -0.98 -0.43 9.48,
lk 0.27 0.02 -0.22,
ow 10.63 -7.38 2.69,
lb -1.21 -0.46 9.62,
lk 0.05 -0.01 -0.08,
ow 10.63 -7.38 2.69,
lb -1.23 -0.45 9.52,
lk 0.03 0.00 -0.18,
ow 10.63 -7.44 2.69,
lb -1.20 -0.42 9.37,
lk 0.03 0.00 -0.18,
ow 10.63 -7.44 2.63,
lb -1.21 -0.34 9.33,
lk 0.07 0.03 -0.33,
ow 10.63 -7.50 2.63,
lb -1.33 -0.46 9.60,
lk -0.04 -0.01 -0.11,
ow 10.63 -7.50 2.63,
lb -1.34 -0.48 9.73,
lk -0.06 -0.02 0.02,
ow 10.63 -7.50 2.69,
lb -1.31 -0.49 9.74,
lk -0.02 -0.03 0.03,
ow 10.63 -7.50 2.69,
lb -1.26 -0.45 9.65,
lk -0.02 -0.03 0.03,
ow 10.63 -7.50 2.69,
lb -1.21 -0.33 9.43,
lk 0.02 0.00 -0.05,
ow 10.63 -7.50 2.63,
lb -1.20 -0.36 9.35,
lk 0.07 0.08 -0.35,
ow 10.63 -7.50 2.63,
lb -1.14 -0.38 9.39,
lk 0.13 0.06 -0.31,
ow 10.63 -7.50 2.63,
lb -1.08 -0.43 9.49,
lk 0.19 0.02 -0.22,
ow 10.63 -7.50 2.69,
lb -1.08 -0.43 9.50,
lk 0.20 0.02 -0.20,
ow 10.63 -7.50 2.69,
lb -1.10 -0.42 9.47,
lk 0.18 0.03 -0.23,
ow 10.63 -7.50 2.69,
lb -1.13 -0.40 9.47,
lk 0.15 0.05 -0.24,
ow 10.63 -7.50 2.69,
lb -1.10 -0.38 9.38,
lk 0.18 0.07 -0.33,
ow 10.63 -7.50 2.69,
lb -1.09 -0.34 9.50,
lk 0.19 0.11 -0.20,
ow 10.63 -7.50 2.63,
lb -1.16 -0.34 9.64,
lk 0.11 0.10 -0.06,
ow 10.63 -7.50 2.63,
lb -1.13 -0.41 9.65,
lk 0.14 0.03 -0.05,
ow 10.63 -7.44 2.63,
lb -1.09 -0.35 9.42,
lk 0.18 0.09 -0.28,
ow 10.63 -7.44 2.63,
lb -1.13 -0.35 9.35,
lk 0.13 0.08 -0.36,
ow 10.63 -7.44 2.56,
lb -1.12 -0.33 9.35,
lk 0.15 0.10 -0.35,
ow 10.63 -7.44 2.56,
lb -1.13 -0.36 9.53,
lk 0.14 0.06 -0.17,
ow 10.63 -7.44 2.56,
lb -1.15 -0.39 9.56,
lk 0.11 0.04 -0.15,
ow 10.63 -7.44 2.56,
lb -1.14 -0.42 9.51,
lk 0.13 0.01 -0.19,
ow 10.63 -7.44 2.56,
lb -1.16 -0.40 9.50,
lk 0.11 0.03 -0.21,
ow 10.63 -7.44 2.56,
lb -1.18 -0.42 9.54,
lk 0.09 0.00 -0.16,
ow 10.63 -7.44 2.50,
lb -1.20 -0.40 9.58,
lk 0.07 0.02 -0.12,
ow 10.63 -7.44 2.50,
lb -1.23 -0.45 9.58,
lk 0.04 -0.02 -0.13,
ow 10.63 -7.44 2.50,
lb -1.22 -0.42 9.52,
lk 0.05 0.00 -0.18,
ow 10.63 -7.44 2.50,
lb -1.19 -0.42 9.53,
lk 0.08 0.00 -0.17,
ow 10.63 -7.44 2.50,
lb -1.19 -0.43 9.50,
lk 0.08 0.00 -0.21,
ow 10.63 -7.44 2.50,
lb -1.19 -0.41 9.49,
lk 0.08 0.01 -0.22,
ow 10.63 -7.44 2.50,
lb -1.16 -0.40 9.51,
lk 0.10 0.01 -0.19,
ow 10.63 -7.44 2.50,
lb -1.15 -0.41 9.52,
lk 0.11 0.01 -0.18,
ow 10.63 -7.44 2.50,
lb -1.15 -0.40 9.50,
lk 0.11 0.02 -0.20,
ow 10.63 -7.44 2.44,
lb -1.14 -0.36 9.51,
lk 0.13 0.05 -0.19,
ow 10.63 -7.44 2.44,
lb -1.14 -0.36 9.49,
lk 0.13 0.05 -0.22,
ow 10.63 -7.44 2.44,
lb -1.14 -0.35 9.46,
lk 0.13 0.06 -0.25,
ow 10.63 -7.50 2.44,
lb -1.16 -0.34 9.49,
lk 0.11 0.06 -0.22,
ow 10.63 -7.50 2.44,
lb -1.16 -0.32 9.49,
lk 0.11 0.09 -0.21,
ow 10.63 -7.50 2.44,
lb -1.18 -0.35 9.52,
lk 0.09 0.05 -0.18,
ow 10.63 -7.50 2.44,
lb -1.18 -0.35 9.51,
lk 0.09 0.05 -0.19,
ow 10.63 -7.50 2.44,
lb -1.17 -0.36 9.53,
lk 0.11 0.05 -0.17,
ow 10.63 -7.50 2.44,
lb -1.18 -0.37 9.46,
lk 0.09 0.04 -0.25,
ow 10.63 -7.50 2.44,
lb -1.14 -0.37 9.47,
lk 0.14 0.04 -0.24,
ow 10.63 -7.50 2.44,
lb -1.14 -0.38 9.45,
lk 0.14 0.02 -0.26,
ow 10.63 -7.50 2.44,
lb -1.11 -0.38 9.42,
lk 0.17 0.02 -0.28,
ow 10.63 -7.50 2.44,
lb -1.15 -0.34 9.40,
lk 0.13 0.07 -0.30,
ow 10.63 -7.50 2.44,
lb -1.14 -0.37 9.47,
lk 0.13 0.04 -0.24,
ow 10.63 -7.50 2.44,
lb -1.17 -0.39 9.53,
lk 0.10 0.02 -0.17,
ow 10.63 -7.50 2.44,
lb -1.19 -0.39 9.57,
lk 0.08 0.02 -0.13,
ow 10.63 -7.50 2.44,
lb -1.20 -0.37 9.51,
lk 0.08 0.04 -0.19,
ow 10.63 -7.50 2.44,
lb -1.19 -0.38 9.46,
lk 0.08 0.03 -0.25,
ow 10.63 -7.50 2.44,
lb -1.16 -0.38 9.46,
lk 0.12 0.03 -0.24,
ow 10.63 -7.50 2.44,
lb -1.14 -0.39 9.49,
lk 0.13 0.02 -0.21,
ow 10.63 -7.50 2.44,
lb -1.18 -0.35 9.62,
lk 0.09 0.05 -0.08,
ow 10.63 -7.50 2.44,
lb -1.13 -0.40 9.42,
lk 0.09 0.05 -0.08,
ow 10.63 -7.50 2.44,
lb -1.11 -0.41 9.25,
lk 0.15 0.01 -0.28,
ow 10.63 -7.56 2.50,
lb -1.15 -0.52 9.15,
lk 0.14 -0.09 -0.56,
ow 10.63 -7.56 2.56,
lb -1.31 -0.29 9.64,
lk -0.01 0.13 -0.06,
ow 10.63 -7.56 2.56,
lb -1.15 -0.46 9.42,
lk 0.13 -0.03 -0.28,
ow 10.63 -7.50 2.50,
lb -1.06 -0.36 9.42,
lk 0.13 -0.03 -0.28,
ow 10.63 -7.50 2.44,
lb -1.06 -0.36 9.30,
lk 0.22 0.05 -0.28,
ow 10.63 -7.50 2.38,
lb -1.16 -0.43 9.39,
lk 0.11 -0.01 -0.31,
ow 10.63 -7.50 2.38,
lb -1.33 -0.47 9.43,
lk -0.05 -0.06 -0.27,
ow 10.63 -7.44 2.44,
lb -1.42 -0.48 9.20,
lk -0.14 -0.07 -0.50,
ow 10.63 -7.44 2.38,
lb -1.38 -0.28 8.52,
lk -0.14 -0.07 -0.50,
ow 10.63 -7.38 2.31,
lb -1.38 -0.26 8.44,
lk -0.12 0.11 -1.18,
ow 10.63 -7.31 2.19,
lb -1.33 -0.30 8.79,
lk -0.10 0.06 -0.92,
ow 10.63 -7.13 2.19,
lb -1.28 -0.45 9.34,
lk -0.09 -0.07 -0.38,
ow 10.63 -6.94 2.19,
lb -1.26 -0.89 9.96,
lk -0.10 -0.50 0.23,
ow 10.63 -6.75 2.25,
lb -0.93 -0.59 10.11,
lk -0.10 -0.50 0.23,
ow 10.63 -6.56 2.25,
lb -0.82 -0.33 9.83,
lk 0.19 -0.20 0.37,
ow 10.63 -6.50 2.13,
lb -0.83 -0.12 9.44,
lk 0.26 0.22 -0.29,
ow 10.63 -6.44 2.06,
lb -0.75 -0.07 9.53,
lk 0.35 0.26 -0.19,
ow 10.63 -6.44 1.94,
lb -0.71 0.00 9.68,
lk 0.39 0.34 -0.05,
ow 10.63 -6.44 1.94,
lb -0.66 -0.05 9.84,
lk 0.44 0.28 0.10,
ow 10.63 -6.44 1.94,
lb -0.75 -0.14 9.88,
lk 0.35 0.18 0.15,
ow 10.63 -6.44 1.94,
lb -0.82 -0.11 9.82,
lk 0.28 0.21 0.08,
ow 10.63 -6.50 1.94,
lb -0.94 -0.17 9.70,
lk 0.16 0.15 -0.03,
ow 10.63 -6.50 1.88,
lb -0.92 -0.19 9.59,
lk 0.18 0.12 -0.14,
ow 10.63 -6.50 1.81,
lb -1.04 -0.15 9.92,
lk 0.18 0.12 -0.14,
ow 10.63 -6.50 1.81,
lb -1.04 -0.19 9.87,
lk 0.06 0.15 0.18,
ow 10.63 -6.50 1.81,
lb -0.98 -0.22 9.76,
lk 0.12 0.07 0.02,
ow 10.56 -6.44 1.75,
lb -0.93 -0.33 9.57,
lk 0.17 -0.03 -0.16,
ow 10.56 -6.44 1.69,
lb -1.00 -0.21 9.42,
lk 0.11 0.07 -0.31,
ow 10.56 -6.50 1.69,
lb -1.05 -0.33 9.42,
lk 0.11 0.07 -0.31,
ow 10.56 -6.50 1.63,
lb -1.10 -0.28 9.47,
lk 0.05 -0.04 -0.31,
ow 10.56 -6.50 1.63,
lb -1.16 -0.23 9.43,
lk -0.05 0.04 -0.30,
ow 10.56 -6.50 1.63,
lb -1.23 -0.22 9.44,
lk -0.11 0.04 -0.29,
ow 10.56 -6.50 1.63,
lb -1.22 -0.22 9.47,
lk -0.11 0.05 -0.26,
ow 10.56 -6.50 1.63,
lb -1.24 -0.21 9.56,
lk -0.13 0.06 -0.17,
ow 10.56 -6.50 1.56,
lb -1.19 -0.24 9.65,
lk -0.08 0.03 -0.08,
ow 10.56 -6.50 1.63,
lb -1.15 -0.23 9.63,
lk -0.04 0.04 -0.09,
ow 10.56 -6.50 1.63,
lb -1.13 -0.22 9.54,
lk -0.01 0.04 -0.19,
ow 10.56 -6.50 1.56,
lb -1.09 -0.20 9.51,
lk 0.02 0.07 -0.22,
ow 10.56 -6.56 1.56,
lb -1.07 -0.21 9.56,
lk 0.02 0.07 -0.22,
ow 10.56 -6.56 1.56,
lb -1.07 -0.21 9.55,
lk 0.05 0.06 -0.17,
ow 10.56 -6.63 1.56,
lb -1.05 -0.24 9.51,
lk 0.08 0.02 -0.21,
ow 10.56 -6.63 1.56,
lb -1.03 -0.26 9.53,
lk 0.10 0.01 -0.20,
ow 10.56 -6.69 1.56,
lb -1.01 -0.25 9.52,
lk 0.13 0.01 -0.20,
ow 10.56 -6.69 1.56,
lb -1.01 -0.19 9.49,
lk 0.13 0.01 -0.20,
ow 10.56 -6.75 1.56,
lb -0.97 -0.21 9.46,
lk 0.14 0.07 -0.24,
ow 10.56 -6.75 1.56,
lb -0.96 -0.17 9.50,
lk 0.20 0.09 -0.22,
ow 10.56 -6.81 1.56,
lb -0.97 -0.19 9.51,
lk 0.19 0.07 -0.21,
ow 10.56 -6.81 1.56,
lb -0.97 -0.23 9.57,
lk 0.20 0.03 -0.15,
ow 10.56 -6.88 1.56,
lb -0.96 -0.24 9.62,
lk 0.20 0.03 -0.15,
ow 10.56 -6.88 1.56,
lb -0.96 -0.27 9.57,
lk 0.20 0.02 -0.10,
ow 10.56 -6.88 1.56,
lb -0.95 -0.20 9.50,
lk 0.22 0.06 -0.22,
ow 10.56 -6.88 1.56,
lb -0.97 -0.15 9.46,
lk 0.21 0.11 -0.26,
ow 10.56 -6.94 1.56,
lb -0.98 -0.15 9.42,
lk 0.20 0.10 -0.30,
ow 10.56 -6.94 1.50,
lb -1.04 -0.19 9.45,
lk 0.20 0.10 -0.30,
ow 10.56 -6.94 1.50,
lb -1.10 -0.22 9.46,
lk 0.14 0.07 -0.27,
ow 10.56 -7.00 1.56,
lb -1.08 -0.23 9.46,
lk 0.11 0.02 -0.26,
ow 10.56 -7.00 1.56,
lb -1.12 -0.27 9.47,
lk 0.07 0.00 -0.25,
ow 10.56 -7.00 1.56,
lb -1.12 -0.24 9.47,
lk 0.08 0.02 -0.25,
ow 10.56 -7.00 1.56,
lb -1.13 -0.23 9.50,
lk 0.08 0.02 -0.25,
ow 10.56 -7.00 1.56,
lb -1.13 -0.23 9.60,
lk 0.07 0.03 -0.22,
ow 10.56 -7.06 1.63,
lb -1.19 -0.30 9.75,
lk 0.01 -0.02 0.02,
ow 10.56 -7.06 1.63,
lb -1.20 -0.27 9.93,
lk 0.01 0.00 0.20,
ow 10.56 -7.06 1.63,
lb -1.24 -0.23 9.92,
lk -0.03 0.04 0.19,
ow 10.56 -7.13 1.63,
lb -1.19 -0.35 9.26,
lk -0.03 0.04 0.19,
ow 10.56 -7.19 1.63,
lb -1.00 -0.07 8.69,
lk 0.03 -0.07 -0.45,
ow 10.56 -7.25 1.56,
lb -1.26 0.11 9.23,
lk -0.01 0.38 -0.48,
ow 10.56 -7.25 1.56,
lb -1.23 -0.15 9.34,
lk 0.01 0.11 -0.37,
ow 10.56 -7.25 1.56,
lb -1.00 -0.30 9.79,
lk 0.23 -0.02 0.06,
ow 10.56 -7.25 1.56,
lb -1.06 -0.36 9.67,
lk 0.17 -0.09 -0.04,
ow 10.56 -7.25 1.56,
lb -1.08 -0.21 9.72,
lk 0.16 0.06 0.00,
ow 10.56 -7.31 1.56,
lb -1.25 -0.10 9.71,
lk 0.00 0.17 -0.01,
ow 10.56 -7.31 1.63,
lb -1.36 -0.26 9.47,
lk -0.10 0.01 -0.24,
ow 10.56 -7.38 1.63,
lb -1.28 -0.27 9.30,
lk -0.01 0.01 -0.41,
ow 10.56 -7.38 1.69,
lb -1.27 -0.21 9.29,
lk -0.01 0.01 -0.41,
ow 10.56 -7.38 1.69,
lb -1.33 -0.20 9.39,
lk -0.01 0.08 -0.42,
ow 10.56 -7.38 1.75,
lb -1.31 -0.32 9.67,
lk -0.04 -0.01 -0.04,
ow 10.56 -7.38 1.81,
lb -1.23 -0.32 9.68,
lk 0.02 0.00 -0.03,
ow 10.56 -7.31 1.88,
lb -1.14 -0.32 9.62,
lk 0.10 0.00 -0.09,
ow 10.56 -7.31 1.88,
lb -1.10 -0.29 9.53,
lk 0.10 0.00 -0.09,
ow 10.56 -7.38 1.88,
lb -1.08 -0.19 9.46,
lk 0.15 0.02 -0.18,
ow 10.56 -7.38 1.88,
lb -1.08 -0.26 9.44,
lk 0.18 0.06 -0.27,
ow 10.56 -7.38 1.88,
lb -1.07 -0.29 9.50,
lk 0.19 0.03 -0.21,
ow 10.56 -7.38 1.94,
lb -1.06 -0.32 9.59,
lk 0.20 0.00 -0.12,
ow 10.56 -7.44 1.94,
lb -1.12 -0.29 9.60,
lk 0.20 0.00 -0.12,
ow 10.56 -7.44 1.94,
lb -1.13 -0.31 9.57,
lk 0.15 0.03 -0.11,
ow 10.56 -7.44 1.94,
lb -1.14 -0.36 9.45,
lk 0.13 -0.02 -0.25,
ow 10.56 -7.50 2.00,
lb -1.12 -0.33 9.27,
lk 0.16 0.00 -0.44,
ow 10.56 -7.50 2.00,
lb -1.18 -0.21 9.54,
lk 0.10 0.12 -0.17,
ow 10.56 -7.50 1.94,
lb -1.23 -0.30 9.62,
lk 0.05 0.03 -0.08,
ow 10.56 -7.50 1.94,
lb -1.11 -0.33 9.59,
lk 0.17 0.00 -0.12,
ow 10.56 -7.50 1.94,
lb -1.09 -0.33 9.25,
lk 0.19 0.00 -0.46,
ow 10.56 -7.50 1.94,
lb -1.14 -0.23 9.31,
lk 0.14 0.09 -0.39,
ow 10.56 -7.50 1.94,
lb -1.16 -0.23 9.36,
lk 0.12 0.09 -0.35,
ow 10.56 -7.50 1.88,
lb -1.17 -0.27 9.58,
lk 0.10 0.05 -0.13,
ow 10.56 -7.50 1.88,
lb -1.22 -0.33 9.74,
lk 0.05 0.00 0.02,
ow 10.56 -7.50 1.94,
lb -1.25 -0.30 9.77,
lk 0.02 0.03 0.06,
ow 10.56 -7.50 1.94,
lb -1.27 -0.31 9.72,
lk 0.01 0.01 0.00,
ow 10.56 -7.50 1.94,
lb -1.29 -0.27 9.47,
lk 0.00 0.04 -0.24,
ow 10.56 -7.50 1.88,
lb -1.31 -0.25 9.48,
lk 0.00 0.04 -0.24,
ow 10.56 -7.56 1.88,
lb -1.27 -0.26 9.45,
lk -0.02 0.06 -0.22,
ow 10.56 -7.56 1.81,
lb -1.23 -0.25 9.46,
lk 0.06 0.06 -0.25,
ow 10.56 -7.56 1.81,
lb -1.24 -0.28 9.53,
lk 0.04 0.03 -0.17,
ow 10.56 -7.56 1.88,
lb -1.25 -0.23 9.60,
lk 0.04 0.08 -0.10,
ow 10.56 -7.63 1.88,
lb -1.27 -0.28 9.58,
lk 0.04 0.08 -0.10,
ow 10.56 -7.63 1.88,
lb -1.24 -0.26 9.54,
lk 0.03 0.03 -0.13,
ow 10.56 -7.63 1.88,
lb -1.24 -0.28 9.42,
lk 0.07 0.02 -0.28,
ow 10.56 -7.63 1.81,
lb -1.26 -0.27 9.43,
lk 0.04 0.04 -0.27,
ow 10.56 -7.69 1.81,
lb -1.23 -0.26 9.45,
lk 0.08 0.04 -0.25,
ow 10.56 -7.69 1.81,
lb -1.23 -0.27 9.49,
lk 0.08 0.04 -0.25,
ow 10.56 -7.69 1.81,
lb -1.20 -0.30 9.50,
lk 0.09 0.03 -0.22,
ow 10.56 -7.75 1.81,
lb -1.19 -0.30 9.50,
lk 0.13 0.01 -0.20,
ow 10.56 -7.75 1.81,
lb -1.17 -0.29 9.51,
lk 0.15 0.01 -0.19,
ow 10.56 -7.75 1.81,
lb -1.17 -0.28 9.44,
lk 0.15 0.02 -0.26,
ow 10.56 -7.81 1.81,
lb -1.19 -0.27 9.38,
lk 0.15 0.02 -0.26,
ow 10.56 -7.81 1.81,
lb -1.18 -0.27 9.37,
lk 0.14 0.03 -0.32,
ow 10.56 -7.88 1.75,
lb -1.23 -0.26 9.37,
lk 0.11 0.04 -0.33,
ow 10.56 -7.88 1.75,
lb -1.28 -0.25 9.51,
lk 0.07 0.04 -0.19,
ow 10.56 -7.94 1.81,
lb -1.27 -0.24 9.54,
lk 0.08 0.06 -0.16,
ow 10.56 -7.94 1.81,
lb -1.23 -0.23 9.50,
lk 0.08 0.06 -0.16,
ow 10.56 -7.94 1.81,
lb -1.26 -0.21 9.43,
lk 0.12 0.07 -0.19,
ow 10.56 -8.00 1.81,
lb -1.26 -0.21 9.47,
lk 0.10 0.10 -0.22,
ow 10.56 -8.00 1.81,
lb -1.28 -0.22 9.61,
lk 0.09 0.09 -0.08,
ow 10.56 -8.00 1.81,
lb -1.31 -0.29 9.74,
lk 0.06 0.02 0.04,
ow 10.56 -8.06 1.88,
lb -1.34 -0.36 9.82,
lk 0.06 0.02 0.04,
ow 10.56 -8.06 1.88,
lb -1.28 -0.42 9.30,
lk 0.03 -0.04 0.11,
ow 10.56 -8.13 1.88,
lb -1.18 -0.51 8.59,
lk 0.22 -0.19 -1.10,
ow 10.56 -8.19 1.88,
lb -1.25 -0.13 8.90,
lk 0.15 0.18 -0.79,
ow 10.56 -8.25 1.88,
lb -1.30 -0.35 9.17,
lk 0.11 -0.03 -0.51,
ow 10.63 -8.31 1.88,
lb -1.02 -0.38 9.42,
lk 0.39 -0.06 -0.27,
ow 10.63 -8.31 1.88,
lb -1.06 -0.33 9.61,
lk 0.35 -0.01 -0.08,
ow 10.63 -8.31 1.88,
lb -1.15 -0.42 9.69,
lk 0.27 -0.09 0.00,
ow 10.63 -8.31 1.88,
lb -1.41 -0.35 9.74,
lk 0.01 -0.03 0.04,
ow 10.63 -8.38 1.94,
lb -1.54 -0.35 9.57,
lk -0.09 -0.02 -0.12,
ow 10.63 -8.44 1.94,
lb -1.55 -0.37 9.36,
lk -0.09 -0.02 -0.12,
ow 10.63 -8.44 1.94,
lb -1.52 -0.17 9.24,
lk -0.10 -0.03 -0.32,
ow 10.63 -8.50 2.00,
lb -1.54 -0.20 9.42,
lk -0.08 0.14 -0.26,
ow 10.56 -8.50 2.00,
lb -1.54 -0.33 9.61,
lk -0.08 0.01 -0.07,
ow 10.56 -8.50 2.06,
lb -1.46 -0.44 9.71,
lk -0.01 -0.07 0.01,
ow 10.56 -8.44 2.19,
lb -1.33 -0.36 9.61,
lk -0.01 -0.07 0.01,
ow 10.56 -8.44 2.19,
lb -1.30 -0.34 9.54,
lk 0.11 0.01 -0.08,
ow 10.56 -8.44 2.25,
lb -1.33 -0.32 9.45,
lk 0.12 0.06 -0.23,
ow 10.56 -8.50 2.25,
lb -1.32 -0.29 9.39,
lk 0.13 0.09 -0.29,
ow 10.56 -8.50 2.25,
lb -1.28 -0.31 9.57,
lk 0.17 0.07 -0.11,
ow 10.56 -8.56 2.25,
lb -1.28 -0.37 9.56,
lk 0.17 0.07 -0.11,
ow 10.56 -8.56 2.31,
lb -1.29 -0.37 9.58,
lk 0.18 0.02 -0.12,
ow 10.56 -8.56 2.31,
lb -1.35 -0.37 9.53,
lk 0.12 0.02 -0.14,
ow 10.56 -8.63 2.31,
lb -1.35 -0.35 9.52,
lk 0.12 0.04 -0.16,
ow 10.56 -8.63 2.31,
lb -1.34 -0.37 9.48,
lk 0.14 0.02 -0.20,
ow 10.56 -8.69 2.38,
lb -1.33 -0.38 9.39,
lk 0.14 0.02 -0.20,
ow 10.56 -8.69 2.38,
lb -1.38 -0.28 9.33,
lk 0.15 0.01 -0.29,
ow 10.56 -8.75 2.38,
lb -1.45 -0.22 9.54,
lk 0.04 0.17 -0.13,
ow 10.56 -8.75 2.38,
lb -1.45 -0.37 9.58,
lk 0.04 0.03 -0.10,
ow 10.56 -8.75 2.38,
lb -1.39 -0.43 9.47,
lk 0.09 -0.02 -0.20,
ow 10.56 -8.75 2.38,
lb -1.37 -0.36 9.31,
lk 0.11 0.03 -0.36,
ow 10.56 -8.75 2.38,
lb -1.31 -0.30 9.33,
lk 0.17 0.10 -0.35,
ow 10.56 -8.75 2.38,
lb -1.30 -0.22 9.44,
lk 0.19 0.17 -0.23,
ow 10.56 -8.75 2.38,
lb -1.36 -0.30 9.56,
lk 0.13 0.10 -0.11,
ow 10.56 -8.75 2.38,
lb -1.42 -0.45 9.68,
lk 0.07 -0.04 0.00,
ow 10.56 -8.75 2.44,
lb -1.46 -0.46 9.62,
lk 0.07 -0.04 0.00,
ow 10.56 -8.81 2.44,
lb -1.47 -0.43 9.56,
lk 0.04 -0.05 -0.05,
ow 10.56 -8.81 2.38,
lb -1.48 -0.38 9.40,
lk 0.02 0.02 -0.27,
ow 10.56 -8.88 2.38,
lb -1.50 -0.39 9.39,
lk 0.00 0.01 -0.29,
ow 10.56 -8.88 2.38,
lb -1.44 -0.37 9.41,
lk 0.07 0.02 -0.26,
ow 10.56 -8.88 2.38,
lb -1.45 -0.38 9.46,
lk 0.07 0.02 -0.26,
ow 10.56 -8.94 2.38,
lb -1.46 -0.39 9.58,
lk 0.06 0.01 -0.21,
ow 10.56 -8.94 2.38,
lb -1.47 -0.40 9.57,
lk 0.05 0.00 -0.10,
ow 10.56 -8.94 2.44,
lb -1.46 -0.43 9.54,
lk 0.07 -0.01 -0.13,
ow 10.56 -9.00 2.44,
lb -1.47 -0.41 9.50,
lk 0.07 0.00 -0.17,
ow 10.56 -9.00 2.38,
lb -1.49 -0.37 9.45,
lk 0.07 0.00 -0.17,
ow 10.56 -9.06 2.38,
lb -1.44 -0.35 9.42,
lk 0.05 0.03 -0.22,
ow 10.56 -9.06 2.38,
lb -1.48 -0.38 9.48,
lk 0.06 0.02 -0.19,
ow 10.56 -9.06 2.38,
lb -1.46 -0.36 9.50,
lk 0.09 0.04 -0.17,
ow 10.56 -9.13 2.38,
lb -1.43 -0.40 9.45,
lk 0.12 0.00 -0.21,
ow 10.56 -9.13 2.38,
lb -1.39 -0.36 9.39,
lk 0.12 0.00 -0.21,
ow 10.56 -9.13 2.38,
lb -1.41 -0.33 9.36,
lk 0.16 0.03 -0.27,
ow 10.56 -9.19 2.38,
lb -1.45 -0.35 9.42,
lk 0.12 0.04 -0.24,
ow 10.56 -9.19 2.38,
lb -1.47 -0.35 9.41,
lk 0.10 0.04 -0.25,
ow 10.56 -9.19 2.38,
lb -1.46 -0.38 9.36,
lk 0.11 0.02 -0.30,
ow 10.56 -9.25 2.38,
lb -1.46 -0.38 9.30,
lk 0.11 0.02 -0.30,
ow 10.56 -9.25 2.38,
lb -1.47 -0.32 9.35,
lk 0.12 0.01 -0.36,
ow 10.56 -9.25 2.38,
lb -1.49 -0.36 9.41,
lk 0.09 0.04 -0.25,
ow 10.56 -9.31 2.38,
lb -1.47 -0.44 9.50,
lk 0.11 -0.03 -0.16,
ow 10.56 -9.31 2.38,
lb -1.47 -0.45 9.62,
lk 0.10 -0.03 -0.04,
ow 10.56 -9.25 2.38,
lb -1.50 -0.42 9.87,
lk 0.10 -0.03 -0.04,
ow 10.56 -9.31 2.44,
lb -1.48 -0.42 9.68,
lk 0.08 -0.01 0.20,
ow 10.56 -9.31 2.44,
lb -1.43 -0.50 9.13,
lk 0.16 -0.08 -0.53,
ow 10.56 -9.38 2.44,
lb -1.53 -0.07 9.11,
lk 0.07 0.34 -0.54,
ow 10.56 -9.44 2.44,
lb -1.57 -0.18 9.25,
lk 0.04 0.22 -0.40,
ow 10.56 -9.44 2.44,
lb -1.37 -0.46 9.18,
lk 0.24 -0.05 -0.47,
ow 10.56 -9.44 2.44,
lb -1.29 -0.39 9.45,
lk 0.32 0.01 -0.20,
ow 10.56 -9.44 2.38,
lb -1.43 -0.43 9.61,
lk 0.18 -0.02 -0.04,
ow 10.56 -9.50 2.38,
lb -1.53 -0.42 9.68,
lk 0.08 0.00 0.02,
ow 10.56 -9.50 2.44,
lb -1.65 -0.39 9.56,
lk -0.02 0.02 -0.09,
ow 10.56 -9.56 2.44,
lb -1.72 -0.43 9.39,
lk -0.02 0.02 -0.09,
ow 10.56 -9.56 2.50,
lb -1.67 -0.31 9.26,
lk -0.08 0.00 -0.26,
ow 10.56 -9.56 2.50,
lb -1.70 -0.28 9.38,
lk -0.06 0.14 -0.27,
ow 10.56 -9.56 2.50,
lb -1.70 -0.39 9.56,
lk -0.07 0.04 -0.09,
ow 10.56 -9.56 2.56,
lb -1.69 -0.50 9.65,
lk -0.06 -0.05 0.00,
ow 10.56 -9.50 2.69,
lb -1.50 -0.46 9.61,
lk -0.06 -0.05 0.00,
ow 10.56 -9.50 2.69,
lb -1.47 -0.42 9.42,
lk 0.11 0.00 -0.04,
ow 10.56 -9.50 2.69,
lb -1.47 -0.42 9.38,
lk 0.15 0.04 -0.27,
ow 10.56 -9.50 2.69,
lb -1.51 -0.41 9.41,
lk 0.11 0.04 -0.24,
ow 10.56 -9.50 2.69,
lb -1.48 -0.45 9.47,
lk 0.14 0.01 -0.18,
ow 10.56 -9.50 2.75,
lb -1.46 -0.45 9.50,
lk 0.14 0.01 -0.18,
ow 10.56 -9.50 2.75,
lb -1.46 -0.47 9.49,
lk 0.16 0.01 -0.15,
ow 10.56 -9.50 2.75,
lb -1.48 -0.43 9.44,
lk 0.14 0.03 -0.21,
ow 10.56 -9.56 2.75,
lb -1.48 -0.41 9.46,
lk 0.14 0.05 -0.19,
ow 10.56 -9.56 2.75,
lb -1.50 -0.44 9.49,
lk 0.12 0.02 -0.16,
ow 10.56 -9.56 2.75,
lb -1.51 -0.46 9.51,
lk 0.12 0.00 -0.14,
ow 10.56 -9.56 2.75,
lb -1.50 -0.44 9.37,
lk 0.13 0.02 -0.28,
ow 10.56 -9.56 2.75,
lb -1.48 -0.44 9.23,
lk 0.14 0.03 -0.42,
ow 10.56 -9.56 2.75,
lb -1.52 -0.33 9.36,
lk 0.11 0.12 -0.29,
ow 10.56 -9.56 2.75,
lb -1.61 -0.48 9.57,
lk 0.02 -0.01 -0.08,
ow 10.56 -9.56 2.75,
lb -1.49 -0.48 9.44,
lk 0.02 -0.01 -0.08,
ow 10.56 -9.56 2.75,
lb -1.44 -0.44 9.27,
lk 0.13 -0.01 -0.21,
ow 10.56 -9.56 2.75,
lb -1.44 -0.31 9.27,
lk 0.18 0.15 -0.38,
ow 10.56 -9.50 2.75,
lb -1.58 -0.39 9.50,
lk 0.03 0.07 -0.15,
ow 10.56 -9.50 2.75,
lb -1.53 -0.46 9.61,
lk 0.09 0.00 -0.03,
ow 10.56 -9.50 2.75,
lb -1.52 -0.51 9.58,
lk 0.09 -0.03 -0.07,
ow 10.56 -9.50 2.81,
lb -1.55 -0.49 9.52,
lk 0.06 -0.02 -0.13,
ow 10.56 -9.50 2.75,
lb -1.63 -0.43 9.45,
lk 0.00 0.03 -0.20,
ow 10.56 -9.50 2.75,
lb -1.63 -0.45 9.44,
lk 0.00 0.01 -0.21,
ow 10.56 -9.50 2.69,
lb -1.60 -0.46 9.46,
lk 0.02 0.00 -0.19,
ow 10.56 -9.50 2.69,
lb -1.56 -0.45 9.47,
lk 0.06 0.00 -0.18,
ow 10.56 -9.50 2.69,
lb -1.52 -0.37 9.48,
lk 0.10 0.08 -0.17,
ow 10.56 -9.50 2.69,
lb -1.51 -0.40 9.49,
lk 0.11 0.05 -0.16,
ow 10.56 -9.50 2.69,
lb -1.51 -0.44 9.54,
lk 0.11 0.02 -0.11,
ow 10.56 -9.50 2.69,
lb -1.50 -0.45 9.47,
lk 0.12 0.01 -0.18,
ow 10.56 -9.50 2.69,
lb -1.46 -0.43 9.38,
lk 0.16 0.02 -0.27,
ow 10.56 -9.50 2.69,
lb -1.46 -0.40 9.36,
lk 0.16 0.05 -0.29,
ow 10.56 -9.50 2.69,
lb -1.48 -0.39 9.37,
lk 0.13 0.06 -0.28,
ow 10.56 -9.50 2.69,
lb -1.47 -0.45 9.49,
lk 0.15 0.00 -0.16,
ow 10.56 -9.50 2.69,
lb -1.46 -0.45 9.44,
lk 0.16 0.01 -0.21,
ow 10.56 -9.50 2.69,
lb -1.44 -0.44 9.42,
lk 0.17 0.02 -0.23,
ow 10.56 -9.50 2.69,
lb -1.46 -0.39 9.42,
lk 0.15 0.06 -0.23,
ow 10.56 -9.50 2.69,
lb -1.43 -0.43 9.38,
lk 0.18 0.02 -0.28,
ow 10.56 -9.50 2.69,
lb -1.43 -0.46 9.37,
lk 0.17 0.00 -0.29,
ow 10.56 -9.44 2.69,
lb -1.43 -0.43 9.39,
lk 0.18 0.03 -0.26,
ow 10.56 -9.44 2.69,
lb -1.46 -0.41 9.45,
lk 0.18 0.03 -0.26,
ow 10.56 -9.44 2.69,
lb -1.47 -0.41 9.56,
lk 0.13 0.04 -0.09,
ow 10.56 -9.44 2.69,
lb -1.54 -0.37 9.73,
lk 0.06 0.08 0.06,
ow 10.56 -9.38 2.69,
lb -1.58 -0.38 9.80,
lk 0.02 0.07 0.14,
ow 10.56 -9.38 2.69,
lb -1.62 -0.39 9.72,
lk -0.02 0.06 0.05,
ow 10.56 -9.38 2.69,
lb -1.62 -0.36 9.70,
lk -0.02 0.09 0.04,
ow 10.56 -9.38 2.69,
lb -1.65 -0.35 9.66,
lk -0.05 0.10 0.00,
ow 10.56 -9.38 2.69,
lb -1.65 -0.40 9.60,
lk -0.05 0.05 -0.05,
ow 10.56 -9.38 2.69,
lb -1.59 -0.44 9.63,
lk 0.00 0.01 -0.03,
ow 10.56 -9.31 2.69,
lb -1.56 -0.44 9.68,
lk 0.02 0.02 0.02,
ow 10.56 -9.31 2.75,
lb -1.54 -0.48 9.81,
lk 0.02 0.02 0.02,
ow 10.56 -9.25 2.75,
lb -1.54 -0.47 9.88,
lk 0.03 -0.01 0.14,
ow 10.56 -9.25 2.75,
lb -1.48 -0.49 9.41,
lk 0.08 -0.02 -0.25,
ow 10.56 -9.25 2.75,
lb -1.39 -0.54 9.01,
lk 0.18 -0.06 -0.64,
ow 10.56 -9.25 2.81,
lb -1.74 -0.35 9.15,
lk -0.15 0.12 -0.50,
ow 10.56 -9.31 2.81,
lb -1.33 -0.35 9.20,
lk -0.15 0.12 -0.50,
ow 10.56 -9.25 2.75,
lb -1.31 -0.30 9.28,
lk 0.24 0.11 -0.46,
ow 10.56 -9.19 2.69,
lb -1.32 -0.44 9.54,
lk 0.24 0.01 -0.12,
ow 10.50 -9.19 2.69,
lb -1.36 -0.44 9.75,
lk 0.20 0.01 0.08,
ow 10.50 -9.19 2.69,
lb -1.42 -0.46 9.86,
lk 0.14 0.00 0.19,
ow 10.50 -9.19 2.69,
lb -1.53 -0.46 9.60,
lk 0.14 0.00 0.19,
ow 10.50 -9.19 2.69,
lb -1.53 -0.31 9.28,
lk 0.03 0.00 -0.06,
ow 10.50 -9.19 2.69,
lb -1.53 -0.16 9.22,
lk 0.03 0.29 -0.44,
ow 10.50 -9.19 2.69,
lb -1.62 -0.40 9.62,
lk -0.06 0.05 -0.04,
ow 10.50 -9.13 2.69,
lb -1.59 -0.55 9.72,
lk -0.04 -0.08 0.05,
ow 10.50 -9.06 2.75,
lb -1.52 -0.56 9.78,
lk -0.04 -0.08 0.05,
ow 10.50 -9.00 2.81,
lb -1.45 -0.49 9.66,
lk 0.01 -0.08 0.11,
ow 10.50 -9.00 2.88,
lb -1.43 -0.44 9.52,
lk 0.10 0.04 -0.14,
ow 10.50 -8.94 2.88,
lb -1.40 -0.38 9.48,
lk 0.12 0.09 -0.19,
ow 10.44 -8.94 2.81,
lb -1.37 -0.37 9.50,
lk 0.15 0.10 -0.16,
ow 10.44 -8.94 2.88,
lb -1.25 -0.48 9.56,
lk 0.15 0.10 -0.16,
ow 10.44 -8.94 2.88,
lb -1.27 -0.48 9.57,
lk 0.26 0.00 -0.10,
ow 10.44 -8.88 2.88,
lb -1.30 -0.50 9.54,
lk 0.21 0.00 -0.12,
ow 10.44 -8.88 2.94,
lb -1.31 -0.51 9.53,
lk 0.20 -0.01 -0.13,
et 15004,