14.93 29,
15.31 24,
15.52 20,
14.58 15,
14.01 12,
13.69 12,
13.83 16,
13.71 21,
13.78 26,
14.86 33,
15.19 36,
15.39 27,
15.38 17,
14.72 8,
14.44 8,
14.29 11,
14.28 11,
14.48 11,
14.29 13,
13.94 12,
13.85 9,
13.85 8,
13.85 14,
14.88 19,
15.07 20,
15.02 12,
15.24 3,
15.24 5,
14.99 7,
14.71 10,
14.63 13,
14.56 15,
14.56 18,
13.69 20,
13.59 20,
13.66 17,
13.78 12,
13.78 10,
13.86 8,
13.75 5,
13.92 4,
13.63 4,
13.85 5,
13.79 7,
14.02 7,
14.58 7,
14.40 5,
14.25 4,
13.43 3,
14.39 8,
14.40 10,
15.33 2,
14.13 2,
14.19 15,
14.70 15,
13.71 15,
14.17 13,
14.14 13,
14.01 10,
14.37 10,
14.36 6,
14.42 8,
14.37 8,
13.66 12,
13.60 16,
14.28 15,
14.30 13,
14.29 13,
14.14 12,
14.24 13,
14.52 14,
14.75 15,
14.25 15,
14.05 16,
14.10 22,
13.95 25,
13.67 31,
13.81 31,
14.35 33,
13.85 38,
14.08 40,
14.45 39,
15.01 39,
15.05 45,
15.24 46,
15.22 42,
14.98 39,
14.50 35,
14.38 34,
14.96 36,
15.66 32,
15.54 26,
14.99 20,
15.26 16,
14.98 16,
14.77 12,
14.31 9,
14.17 10,
14.50 9,
15.31 8,
15.26 8,
15.12 8,
14.76 10,
14.76 12,
14.92 15,
14.82 18,
14.75 16,
14.78 15,
15.06 16,
15.51 15,
15.13 15,
14.73 16,
14.69 16,
14.92 16,
14.86 17,
15.08 16,
15.52 20,
15.55 21,
15.31 19,
15.21 14,
15.27 12,
14.94 10,
15.64 10,
14.93 16,
14.89 21,
14.42 26,
14.57 31,
14.59 32,
14.63 34,
13.99 39,
16.64 47,
16.71 56,
15.18 35,
14.43 23,
15.33 18,
15.85 10,
15.59 4,
15.65 9,
15.94 13,
15.80 8,
14.70 12,
15.24 18,
15.57 21,
15.79 23,
15.47 24,
15.44 20,
15.12 15,
16.38 12,
16.53 10,
16.05 9,
15.41 7,
15.14 8,
15.11 7,
15.84 6,
15.97 8,
15.60 10,
15.72 12,
15.00 12,
14.66 6,
14.84 9,
15.97 14,
15.73 13,
15.60 14,
15.52 11,
15.65 8,
15.80 5,
15.90 5,
15.21 6,
15.30 8,
15.71 8,
15.83 6,
15.22 5,
15.33 3,
15.72 3,
15.94 4,
15.72 5,
15.29 9,
15.15 9,
15.47 9,
15.48 9,
15.05 7,
15.24 7,
15.15 9,
15.08 13,
15.59 16,
15.58 17,
15.67 18,
15.43 17,
15.93 13,
16.01 11,
15.68 9,
16.10 4,
16.00 4,
15.72 2,
15.66 2,
15.69 3,
15.98 3,
16.02 5,
15.46 5,
15.42 5,
15.31 6,
15.76 7,
15.94 6,
15.60 5,
15.40 4,
15.69 4,
15.64 4,
15.51 4,
15.58 2,
16.08 2,
16.27 3,
15.61 4,
15.25 6,
15.29 4,
15.57 17,
15.59 27,
15.43 29,
15.66 32,
16.20 31,
16.04 27,
15.72 21,
15.55 18,
15.79 13,
15.84 8,
16.02 4,
15.94 2,
15.75 1,
15.86 3,
15.75 2,
15.78 1,
15.74 0,
15.77 2,
15.92 7,
16.04 11,
16.14 15,
16.13 21,
15.71 30,
15.45 38,
15.63 44,
16.04 50,
16.23 59,
16.33 68,
16.64 76,
16.34 82,
16.04 83,
14.79 80,
14.03 75,
13.61 67,
13.56 60,
14.99 57,
15.21 57,
15.21 62,
15.58 66,
15.34 64,
15.92 54,
15.15 47,
14.02 40,
14.25 31,
14.73 20,
15.40 20,
15.10 16,
14.99 5,
15.53 3,
15.19 2,
15.19 6,
14.84 9,
14.87 8,
14.97 9,
14.45 13,
14.92 11,
15.77 7,
16.04 7,
16.31 15,
14.69 16,
15.17 12,
14.34 17,
14.01 28,
14.63 23,
15.24 7,
15.81 7,
15.65 12,
14.60 14,
16.19 16,
16.57 16,
15.27 19,
14.51 19,
13.63 23,
16.75 27,
15.61 27,
14.05 19,
14.91 31,
15.51 24,
14.97 20,
14.93 20,
14.39 18,
14.37 11,
14.81 15,
14.67 17,
14.71 17,
14.85 16,
14.83 18,
14.34 19,
14.42 18,
14.75 18,
15.14 17,
15.15 10,
15.09 8,
14.90 8,
14.47 8,
14.63 9,
14.76 10,
14.52 12,
14.23 10,
14.17 6,
14.15 9,
14.30 14,
14.29 19,
14.42 22,
15.42 19,
15.60 15,
15.55 11,
15.29 8,
15.25 8,
15.06 7,
14.95 7,
14.88 8,
15.09 7,
15.24 5,
15.74 6,
15.72 11,
15.36 15,
15.05 18,
15.26 19,
15.60 21,
15.69 23,
15.12 25,
14.91 25,
14.98 24,
15.07 24,
15.12 25,
13.80 26,
14.02 30,
14.77 24,
15.86 28,
15.53 31,
14.22 27,
14.97 27,
16.00 22,
16.19 15,
15.28 10,
15.12 4,
14.97 6,
14.70 7,
14.96 8,
14.99 8,
14.56 9,
14.49 6,
14.70 3,
14.82 1,
15.38 3,
15.60 6,
15.91 12,
15.98 16,
14.81 29,
19.41 34,
20.75 79,
13.73 123,
15.43 121,
15.66 100,
14.99 61,
14.81 37,
14.71 14,
13.72 14,
14.03 24,
13.70 37,
14.99 39,
14.83 29,
14.73 26,
15.85 22,
15.23 14,
14.49 8,
13.92 5,
13.95 9,
14.14 17,
13.99 28,
13.70 38,
14.42 43,
14.72 44,
14.91 43,
15.23 40,
15.41 36,
15.45 31,
15.39 25,
14.67 22,
14.41 20,
14.30 22,
14.50 25,
14.67 28,
14.90 29,
15.07 29,
15.19 26,
15.24 23,
15.27 20,
15.27 17,
15.26 14,
15.21 11,
14.82 11,
14.80 12,
14.90 13,
15.04 14,
15.28 16,
15.29 15,
15.09 15,
15.34 16,
16.05 19,
14.22 57,
14.54 15,
15.06 20,
15.08 32,
16.52 11,
15.58 23,
15.17 28,
14.45 37,
14.16 27,
16.07 25,
15.67 35,
15.05 36,
14.98 43,
14.94 40,
15.01 39,
15.78 40,
15.40 43,
14.84 46,
14.28 47,
14.17 43,
14.24 38,
14.24 30,
14.13 23,
14.13 18,
14.72 16,
15.01 10,
15.44 11,
15.27 18,
14.76 21,
13.81 25,
13.53 24,
13.60 19,
14.26 12,
14.90 4,
15.72 8,
16.44 25,
14.19 41,
15.78 59,
15.82 72,
14.29 61,
13.96 48,
14.06 41,
14.38 40,
14.25 39,
13.92 38,
13.62 38,
14.27 41,
14.48 62,
14.46 75,
14.03 88,
13.88 101,
13.75 112,
13.60 123,
13.38 134,
13.33 143,
13.40 151,
14.17 157,
14.50 161,
14.74 163,
14.87 163,
15.29 163,
15.52 163,
15.74 164,
16.04 163,
15.98 161,
15.93 158,
15.73 156,
15.82 155,
15.96 154,
16.11 150,
16.60 146,
16.70 140,
16.70 132,
16.88 123,
16.71 114,
16.60 105,
16.52 96,
16.68 85,
16.98 74,
16.98 63,
17.13 55,
16.33 49,
15.58 50,
14.94 57,
14.28 67,
14.21 75,
14.31 81,
14.44 83,
15.17 83,
15.23 83,
15.25 82,
15.38 80,
15.42 79,
15.47 77,
15.44 75,
15.78 74,
15.98 70,
15.88 65,
16.00 61,
16.12 61,
16.11 54,
15.80 56,
15.11 58,
15.01 60,
15.34 60,
15.93 60,
15.90 54,
15.60 52,
15.56 53,
15.96 53,
16.37 52,
16.58 32,
16.18 29,
15.92 33,
15.71 33,
15.55 36,
15.46 36,
15.22 39,
15.08 38,
14.91 38,
14.46 32,
14.29 20,
14.24 16,
14.27 22,
14.12 22,
13.43 29,
13.08 39,
12.95 47,
13.02 54,
13.31 62,
13.63 68,
13.81 73,
13.99 75,
14.24 74,
14.44 81,
14.33 94,
14.13 102,
14.21 108,
14.17 105,
14.83 96,
15.38 105,
15.79 97,
16.70 86,
16.70 73,
16.33 61,
15.80 54,
15.09 54,
15.32 57,
15.84 60,
16.98 60,
17.12 53,
16.90 44,
16.35 40,
15.19 41,
15.06 46,
15.22 52,
15.96 55,
16.72 58,
17.49 55,
19.75 41,
20.81 21,
21.54 47,
22.16 103,
21.33 147,
19.59 196,
18.74 244,
15.21 275,
15.65 300,
15.78 314,
14.54 304,
14.26 277,
16.59 266,
16.88 237,
16.20 202,
15.77 158,
15.02 129,
14.93 126,
15.65 117,
15.91 119,
15.68 123,
14.08 131,
13.27 137,
13.03 134,
12.92 124,
12.66 113,
12.52 106,
13.01 100,
13.28 95,
12.92 93,
12.74 90,
12.85 84,
12.88 79,
13.00 75,
13.73 71,
13.95 64,
13.59 58,
13.16 49,
13.33 41,
13.55 34,
13.58 29,
13.57 29,
13.43 27,
13.42 26,
13.44 24,
13.40 24,
13.45 21,
13.64 17,
14.32 15,
14.42 16,
14.48 18,
14.63 19,
14.49 21,
14.42 24,
14.43 24,
14.31 23,
14.39 22,
14.35 20,
14.06 19,
14.09 17,
13.98 13,
13.98 9,
13.97 10,
13.77 11,
13.80 12,
13.96 15,
13.80 19,
13.63 23,
13.55 28,
13.48 36,
14.00 40,
14.03 41,
13.62 39,
13.67 36,
13.91 34,
13.98 36,
13.47 43,
13.15 53,
12.78 67,
12.83 74,
12.99 74,
13.01 77,
13.21 78,
13.28 79,
13.89 86,
13.99 95,
14.15 105,
13.45 112,
14.28 110,
14.59 101,
14.20 93,
13.76 82,
14.05 82,
14.38 69,
14.35 60,
14.22 53,
14.06 61,
14.11 68,
13.99 73,
13.43 74,
13.31 73,
13.50 68,
13.46 66,
13.97 64,
14.19 62,
14.25 58,
14.25 55,
14.13 52,
14.06 50,
13.86 49,
14.65 57,
13.34 93,
13.45 63,
13.82 52,
13.96 53,
13.93 52,
14.01 48,
14.00 42,
13.92 33,
13.72 21,
14.05 22,
14.45 21,
14.72 16,
14.72 11,
14.47 9,
14.13 9,
13.77 8,
13.72 9,
13.68 12,
13.80 15,
14.29 16,
14.45 16,
14.54 14,
14.49 13,
14.40 15,
14.33 17,
14.33 17,
14.21 18,
14.29 20,
14.29 22,
13.93 26,
13.92 30,
14.04 30,
14.20 31,
13.99 31,
13.99 33,
13.76 34,
13.48 36,
13.18 38,
13.22 39,
13.23 39,
13.36 39,
13.47 39,
13.58 41,
13.61 42,
13.81 41,
13.88 40,
13.85 43,
13.48 44,
13.32 45,
13.11 52,
13.02 59,
12.87 67,
12.79 75,
12.75 83,
12.86 89,
12.98 89,
13.13 95,
14.04 93,
14.57 84,
14.84 76,
14.62 76,
13.89 70,
13.71 65,
13.65 66,
13.17 68,
13.08 68,
12.93 72,
12.89 74,
13.35 70,
13.69 64,
13.86 64,
13.75 58,
13.41 53,
13.06 54,
12.71 57,
12.81 57,
13.12 60,
13.43 59,
13.87 60,
13.86 60,
13.86 63,
13.67 65,
13.45 68,
13.05 75,
12.61 82,
11.56 88,
11.64 88,
11.75 93,
12.33 97,
12.62 102,
12.71 110,
12.79 123,
12.54 131,
12.52 137,
12.43 139,
12.47 138,
12.63 137,
12.66 138,
13.33 144,
13.88 156,
14.30 171,
14.51 189,
14.19 205,
13.84 217,
14.04 224,
13.88 227,
13.34 227,
13.04 230,
13.49 236,
13.51 246,
13.37 258,
13.02 265,
12.66 272,
13.13 276,
13.45 280,
12.85 289,
11.62 299,
11.47 303,
10.80 310,
9.27 309,
9.95 321,
8.37 321,
6.56 324,
5.63 330,
6.54 329,
9.19 328,
8.99 328,
8.48 320,
6.95 304,
4.18 294,
7.09 282,
9.48 275,
10.01 290,
11.67 309,
11.89 296,
16.36 285,
20.06 250,
27.35 200,
28.02 160,
32.93 164,
30.93 173,
30.71 244,
38.22 275,
43.72 307,
42.46 320,
26.49 259,
42.35 477,
39.16 524,
44.94 546,
24.84 507,
34.83 388,
29.92 344,
29.95 257,
13.85 273,
6.31 223,
9.99 203,
17.31 141,
46.28 208,
39.55 246,
27.06 308,
30.15 353,
30.83 434,
43.24 365,
23.43 214,
16.69 125,
12.97 81,
11.35 98,
9.44 97,
9.15 84,
9.60 75,
8.64 78,
8.26 83,
7.92 79,
8.97 73,
8.31 60,
8.78 50,
8.93 49,
9.20 49,
9.86 57,
10.76 71,
11.80 72,
11.71 69,
11.57 69,
11.43 64,
11.21 55,
11.53 55,
11.72 59,
12.22 60,
13.24 55,
12.41 41,
12.96 50,
12.49 43,
12.30 26,
12.21 15,
12.58 5,
11.96 9,
11.45 14,
11.62 16,
11.90 16,
12.26 20,
12.21 26,
12.03 33,
11.81 40,
11.46 44,
11.04 45,
10.78 45,
10.89 43,
11.30 39,
11.48 34,
11.75 29,
11.89 25,
12.10 20,
12.15 16,
12.19 11,
12.26 7,
12.29 6,
12.24 7,
12.00 8,
11.82 8,
11.66 8,
11.53 7,
11.16 7,
11.11 7,
11.09 7,
11.16 7,
11.20 7,
11.20 6,
11.24 6,
11.23 5,
11.40 4,
11.52 3,
11.42 2,
11.44 1,
11.56 2,
11.47 2,
11.28 3,
11.24 4,
11.22 4,
11.16 4,
11.13 4,
11.09 4,
11.06 4,
10.95 5,
11.10 5,
10.96 6,
11.07 6,
11.07 5,
11.19 5,
11.30 4,
11.33 3,
11.43 2,
11.47 2,
11.41 1,
11.39 1,
11.37 1,
11.30 2,
11.30 2,
11.30 2,
11.28 3,
11.25 2,
11.30 2,
11.31 2,
11.34 2,
11.30 1,
11.25 1,
11.24 1,
11.18 1,
11.16 1,
11.13 1,
11.17 1,
11.11 1,
11.17 1,
11.12 1,
11.12 1,
11.10 1,
11.10 0,
11.15 0,
11.15 0,
11.17 0,
11.17 0,
11.13 0,
11.16 0,
11.26 0,
11.17 0,
11.14 0,
11.21 0,
11.21 0,
11.21 0,
11.16 0,
11.17 1,
11.15 0,
11.19 0,
11.12 1,
11.16 0,
11.15 0,
11.21 0,
11.27 0,
11.25 0,
11.23 1,
11.26 1,
11.22 1,
11.19 1,
11.20 0,
11.17 0,
11.03 0,
11.04 0,
11.02 0,
11.06 0,
11.07 0,
11.12 1,
11.16 1,
11.21 1,
11.28 0,
11.24 0,
11.27 0,
11.25 0,
11.23 0,
11.17 0,
11.13 0,
11.07 0,
11.08 0,
11.07 0,
11.05 0,
11.09 0,
11.07 0,
11.12 0,
11.14 0,
11.23 0,
11.23 1,
11.59 1,
11.60 0,
11.66 0,
11.61 0,
11.61 0,
11.58 0,
11.57 0,
11.60 0,
11.58 0,
11.55 0,
11.53 0,
11.52 0,
11.53 0,
11.53 0,
11.52 0,
11.54 0,
11.58 1,
11.59 0,
11.54 1,
11.51 0,
11.62 0,
11.60 0,
11.65 0,
11.60 0,
11.60 0,
11.59 0,
11.57 0,
11.57 0,
11.57 0,
11.52 0,
11.51 0,
11.57 0,
11.56 0,
11.61 0,
11.58 0,
11.55 0,
11.53 0,
11.57 0,
11.57 0,
11.59 0,
11.60 0,
11.56 0,
11.59 0,
11.58 0,
11.60 0,
11.54 0,
11.56 0,
11.56 0,
11.58 0,
11.58 0,
11.51 0,
11.57 0,
11.58 0,
11.62 0,
11.67 0,
11.66 0,
11.75 0,
11.70 0,
11.75 2,
11.88 2,
11.91 3,
11.85 9,
11.81 12,
11.57 14,
11.60 16,
11.71 15,
11.76 14,
11.57 12,
11.45 11,
11.38 11,
11.40 12,
11.39 12,
11.42 14,
11.45 15,
11.61 15,
11.67 15,
11.73 14,
11.81 13,
11.83 12,
11.85 11,
11.96 12,
12.06 12,
12.15 12,
12.15 11,
12.14 10,
12.16 8,
12.13 5,
12.14 4,
12.05 4,
12.01 4,
11.98 3,
11.90 2,
11.83 2,
11.80 2,
11.94 2,
11.85 2,
11.74 2,
11.66 3,
11.65 4,
11.71 5,
11.68 5,
11.75 6,
11.77 6,
11.82 6,
11.87 6,
11.83 6,
11.84 6,
11.88 6,
11.85 6,
11.86 5,
11.80 5,
11.85 5,
11.84 5,
11.90 4,
11.82 4,
11.82 4,
11.82 4,
11.90 4,
11.89 4,
11.91 3,
11.89 3,
11.89 2,
11.88 2,
11.92 2,
11.99 1,
11.88 1,
11.88 0,
11.90 1,
11.87 1,
11.84 1,
11.79 1,
11.91 1,
11.95 1,
11.96 1,
11.92 1,
11.91 1,
11.90 1,
11.82 1,
11.82 1,
11.81 2,
11.79 2,
11.80 3,
11.80 3,
11.76 3,
11.80 4,
11.80 4,
11.90 4,
11.90 4,
11.90 4,
12.00 4,
12.03 3,
12.05 3,
12.00 2,
12.00 2,
11.97 2,
11.91 1,
11.91 1,
11.81 1,
11.77 1,
11.87 1,
11.85 1,
11.85 1,
11.83 2,
11.85 2,
11.92 2,
11.96 2,
11.97 2,
11.99 2,
11.96 1,
11.92 1,
11.98 1,
11.85 0,
11.93 0,
11.93 1,
11.89 1,
11.89 1,
11.85 1,
11.96 0,
11.97 0,
11.99 0,
11.93 0,
11.96 0,
11.92 0,
11.95 1,
12.00 1,
11.97 1,
11.94 1,
11.92 1,
11.87 1,
11.90 0,
11.88 0,
11.88 0,
11.81 0,
11.83 0,
11.85 0,
11.89 1,
11.86 1,
11.89 1,
11.92 0,
11.92 0,
11.97 0,
11.92 0,
11.92 0,
11.95 0,
12.04 0,
11.99 0,
11.97 0,
12.01 1,
12.00 1,
12.00 1,
12.01 2,
11.90 2,
11.94 2,
11.91 2,
11.93 2,
11.88 1,
11.85 1,
11.87 1,
11.79 1,
11.79 1,
11.80 1,
11.82 1,
11.83 2,
11.85 2,
11.86 3,
11.88 2,
11.85 1,
11.85 1,
11.75 1,
11.85 1,
12.03 1,
11.93 1,
11.86 1,
11.91 1,
11.94 1,
12.16 1,
12.08 1,
12.04 1,
11.93 2,
11.84 2,
11.87 1,
11.87 0,
11.84 0,
11.81 0,
11.75 1,
11.82 1,
11.83 2,
11.83 2,
11.88 3,
11.94 3,
11.98 4,
11.99 4,
12.06 4,
12.05 3,
12.04 3,
11.98 2,
11.97 1,
11.95 2,
11.98 2,
12.00 2,
11.95 2,
11.98 1,
12.06 0,
12.10 0,
12.07 0,
11.98 1,
11.90 1,
11.94 0,
11.97 0,
11.94 0,
11.93 1,
11.93 1,
11.75 1,
11.97 0,
12.06 0,
12.03 0,
11.80 0,
11.91 0,
12.08 0,
12.04 0,
12.02 1,
11.95 1,
11.77 0,
11.79 1,
11.85 1,
11.91 1,
11.96 1,
11.98 1,
12.01 0,
11.92 0,
12.02 0,
12.00 0,
12.04 1,
11.99 0,
11.96 0,
11.93 0,
11.85 1,
11.89 1,
11.85 1,
11.91 0,
11.91 0,
11.92 1,
11.92 1,
12.08 1,
12.12 1,
12.15 0,
12.06 0,
11.98 1,
11.99 1,
11.94 1,
11.93 1,
11.94 1,
11.94 1,
11.98 1,
11.98 1,
11.98 1,
11.98 1,
12.00 0,
11.99 0,
12.05 0,
11.98 0,
12.00 0,
11.97 0,
11.93 0,
11.93 0,
11.90 0,
11.88 0,
11.88 0,
11.93 1,
11.93 1,
11.95 1,
11.94 0,
11.97 0,
11.93 0,
11.94 0,
11.99 0,
11.92 0,
11.89 1,
11.94 1,
11.97 2,
12.06 2,
12.09 2,
12.18 1,
12.19 0,
12.14 0,
12.12 1,
12.06 2,
12.03 2,
11.94 2,
11.95 2,
11.95 2,
11.86 1,
11.80 0,
11.92 1,
11.88 1,
11.91 1,
11.85 1,
11.89 1,
11.91 1,
11.98 2,
11.98 2,
12.04 2,
12.03 2,
12.01 1,
12.00 1,
12.00 1,
12.00 0,
12.00 1,
12.06 0,
12.09 0,
12.14 0,
12.18 0,
12.17 1,
12.13 1,
12.05 2,
11.94 2,
11.90 2,
11.87 1,
11.88 0,
11.87 1,
11.92 1,
11.91 1,
11.90 1,
11.95 1,
12.01 1,
12.03 1,
12.05 1,
12.06 1,
12.09 1,
12.07 1,
12.01 0,
11.94 0,
11.94 1,
11.97 1,
11.97 1,
11.97 0,
11.98 0,
11.97 0,
11.99 0,
12.00 0,
12.06 0,
12.05 0,
12.03 0,
12.10 0,
12.01 0,
12.06 0,
11.99 0,
11.99 0,
12.02 0,
12.04 0,
12.03 0,
12.03 0,
12.00 0,
12.00 0,
11.99 0,
12.00 0,
11.97 0,
11.90 0,
11.86 0,
11.88 1,
12.01 1,
12.01 1,
12.04 1,
12.04 0,
12.06 0,
12.04 0,
12.08 0,
12.05 0,
12.06 0,
12.01 0,
11.99 0,
11.97 0,
11.98 0,
11.96 0,
11.96 0,
12.01 0,
12.04 0,
12.03 0,
12.09 0,
12.06 0,
12.05 0,
11.98 0,
11.96 0,
11.96 0,
12.01 0,
12.00 0,
11.99 0,
11.99 0,
11.99 0,
11.98 0,
11.93 0,
11.92 0,
11.96 0,
12.04 0,
12.05 0,
12.04 0,
12.05 0,
11.98 0,
12.01 0,
12.04 0,
12.04 0,
12.05 0,
11.93 1,
11.97 0,
12.08 0,
12.08 0,
12.07 0,
11.98 1,
11.95 1,
12.00 0,
12.01 0,
12.01 0,
12.03 0,
12.01 0,
12.04 0,
12.07 0,
12.02 0,
12.02 1,
11.94 1,
11.91 1,
11.87 0,
11.90 0,
11.92 0,
11.96 0,
11.99 0,
11.92 0,
ex,