12.84 4,
13.09 5,
13.29 5,
13.54 4,
13.85 2,
13.78 5,
13.62 6,
13.33 6,
13.27 6,
13.21 5,
13.13 4,
13.10 3,
13.11 2,
13.22 2,
13.32 3,
13.35 4,
13.27 7,
12.83 8,
12.62 9,
12.58 7,
12.58 4,
12.49 3,
12.40 7,
12.34 11,
12.24 16,
12.30 20,
12.65 23,
14.14 20,
14.58 12,
14.53 6,
14.24 15,
13.68 20,
13.58 20,
13.74 17,
13.84 12,
13.83 7,
13.79 2,
13.81 4,
13.84 7,
13.82 9,
13.78 7,
13.36 12,
12.99 15,
12.97 15,
12.86 15,
12.73 13,
12.60 8,
12.56 4,
12.44 4,
12.46 4,
12.64 4,
12.80 3,
12.80 2,
12.87 3,
12.95 5,
13.14 6,
13.18 6,
13.32 6,
13.57 5,
13.68 5,
13.72 5,
13.97 4,
13.96 2,
13.81 3,
13.56 6,
13.12 7,
13.12 7,
13.01 5,
12.95 3,
12.84 3,
12.71 3,
12.64 4,
12.91 4,
13.05 4,
13.10 4,
13.22 4,
13.26 3,
13.21 2,
13.17 2,
13.14 1,
13.27 1,
13.48 2,
13.75 3,
13.76 3,
13.75 4,
13.80 4,
13.79 6,
13.76 7,
13.72 8,
13.52 8,
13.38 10,
13.26 12,
13.31 13,
13.33 14,
13.23 14,
13.02 14,
12.73 14,
12.65 14,
12.60 13,
12.61 12,
12.70 12,
12.79 11,
12.79 10,
12.86 11,
12.93 13,
13.07 16,
13.27 19,
13.37 21,
13.55 23,
13.77 24,
13.93 25,
14.30 24,
14.69 10,
14.49 10,
13.93 8,
13.42 12,
13.05 13,
13.11 13,
13.11 12,
13.16 10,
13.23 7,
13.16 5,
13.07 5,
13.68 4,
13.80 8,
13.73 11,
13.16 14,
13.01 14,
12.92 13,
12.85 10,
12.67 7,
12.70 6,
12.87 7,
12.87 6,
13.08 4,
12.90 4,
12.82 4,
12.82 4,
13.06 3,
13.14 2,
13.03 3,
13.19 8,
13.29 13,
13.28 17,
13.49 17,
13.60 17,
13.74 14,
13.76 11,
13.62 10,
13.53 9,
13.53 9,
13.63 9,
13.60 9,
13.47 13,
13.34 16,
13.41 19,
13.55 20,
13.68 17,
14.53 10,
15.02 8,
15.05 20,
14.14 28,
13.52 28,
13.08 26,
12.85 23,
13.25 22,
13.38 21,
13.23 21,
12.86 20,
12.85 16,
13.46 18,
14.23 23,
14.64 23,
14.09 29,
13.48 30,
13.23 23,
13.24 15,
13.23 15,
13.35 7,
13.33 21,
13.35 27,
13.17 30,
13.63 30,
14.07 27,
14.24 13,
13.81 9,
13.58 10,
13.41 10,
13.48 15,
13.24 21,
13.22 29,
13.16 36,
13.51 40,
13.91 38,
14.15 32,
14.26 22,
13.96 18,
13.79 14,
13.66 15,
13.54 17,
13.48 23,
13.46 30,
13.67 38,
14.19 44,
14.86 42,
15.39 36,
15.55 22,
15.26 7,
14.90 6,
14.26 12,
14.02 19,
13.83 21,
13.64 22,
13.25 21,
13.09 19,
13.03 16,
13.39 15,
13.52 16,
13.51 17,
13.25 20,
13.09 20,
13.02 20,
12.99 19,
12.94 17,
12.95 14,
12.99 11,
13.35 9,
13.43 9,
13.49 9,
13.53 10,
13.52 12,
13.47 15,
13.30 16,
13.05 16,
12.96 15,
13.00 13,
13.17 11,
13.19 9,
13.13 8,
13.09 6,
13.08 5,
13.18 4,
13.23 3,
13.20 4,
13.20 4,
13.14 4,
13.16 4,
13.07 5,
12.94 4,
12.88 2,
12.98 1,
12.95 5,
13.00 8,
13.12 11,
13.34 12,
13.53 12,
13.68 9,
13.64 6,
13.50 4,
13.37 2,
13.40 3,
13.43 3,
13.37 4,
13.31 5,
13.27 7,
13.29 9,
13.36 10,
13.70 9,
13.82 6,
13.73 2,
13.62 2,
13.43 4,
13.39 4,
13.44 3,
13.54 2,
13.57 1,
13.60 1,
13.67 1,
13.60 1,
13.49 1,
13.39 3,
13.29 4,
13.24 5,
13.26 6,
13.21 6,
13.14 6,
13.11 4,
13.06 2,
13.43 1,
13.59 1,
13.54 1,
13.38 1,
13.44 1,
13.53 2,
13.58 4,
13.50 6,
13.38 8,
13.25 8,
13.21 7,
13.20 4,
13.30 1,
13.43 0,
13.39 0,
13.39 0,
13.33 1,
13.34 0,
13.40 1,
13.43 1,
13.29 1,
13.32 2,
13.35 2,
13.37 1,
13.33 1,
13.38 2,
13.30 2,
13.13 3,
13.00 3,
12.96 2,
13.05 0,
13.14 1,
13.20 3,
13.24 5,
13.50 5,
13.59 6,
13.61 5,
13.48 4,
13.47 2,
13.45 1,
13.48 1,
13.38 2,
13.31 2,
13.24 3,
13.30 4,
13.43 3,
13.39 3,
13.26 2,
13.21 1,
13.21 2,
13.22 2,
13.18 2,
13.13 2,
13.15 3,
13.27 3,
13.37 4,
13.42 6,
13.42 7,
13.55 8,
13.56 10,
13.47 12,
13.56 16,
13.66 18,
13.74 19,
13.99 17,
14.08 13,
14.16 8,
14.11 3,
14.06 5,
13.97 8,
13.84 10,
14.35 12,
15.02 15,
15.28 17,
14.62 20,
13.88 27,
14.12 28,
13.93 24,
12.75 22,
12.34 20,
12.76 20,
13.29 23,
13.30 28,
13.23 32,
13.10 35,
12.91 36,
12.74 34,
12.59 30,
12.46 25,
12.51 19,
12.73 17,
13.01 18,
13.36 19,
13.43 22,
13.38 24,
13.02 24,
12.85 23,
12.86 23,
13.23 25,
13.27 27,
13.34 29,
13.25 31,
13.49 27,
13.69 16,
13.46 8,
13.66 14,
13.57 19,
13.42 16,
13.31 13,
13.28 12,
13.28 11,
13.30 12,
13.45 11,
13.80 13,
13.77 15,
13.73 19,
13.55 21,
13.32 24,
13.12 26,
12.84 28,
12.84 31,
12.92 34,
13.10 34,
13.42 33,
13.43 32,
13.40 32,
13.29 35,
13.43 35,
13.50 34,
13.53 33,
13.96 30,
14.14 30,
14.21 23,
14.30 20,
14.32 16,
14.20 14,
13.98 12,
13.82 12,
13.82 11,
13.91 9,
13.80 9,
13.62 5,
13.72 4,
13.45 4,
13.31 4,
13.25 4,
13.16 7,
13.36 13,
13.30 16,
13.07 19,
13.13 19,
12.98 20,
13.00 20,
13.05 19,
13.02 19,
13.04 19,
13.14 18,
13.27 14,
13.20 11,
13.23 9,
13.17 9,
13.17 8,
13.21 7,
13.27 6,
13.39 6,
13.45 5,
13.56 5,
13.50 4,
13.27 3,
13.33 4,
13.37 5,
13.50 5,
13.49 5,
13.38 4,
13.16 6,
13.29 8,
13.38 9,
13.44 7,
13.48 4,
13.51 7,
13.65 12,
13.84 20,
13.69 26,
13.22 29,
13.37 24,
13.96 13,
13.73 2,
13.39 10,
12.98 16,
13.19 18,
13.25 17,
13.71 13,
13.77 9,
13.81 6,
13.69 11,
13.10 14,
13.03 14,
13.20 11,
12.94 7,
12.90 3,
12.96 6,
13.04 9,
13.28 9,
13.40 7,
13.46 5,
13.49 3,
13.34 6,
13.17 7,
13.03 7,
13.03 7,
13.17 3,
13.14 5,
13.21 7,
13.39 7,
13.53 6,
13.65 3,
13.57 7,
13.39 11,
13.24 12,
13.22 11,
13.28 10,
13.26 9,
13.09 7,
13.14 5,
13.21 4,
13.39 3,
13.44 5,
13.43 7,
13.32 10,
13.14 11,
13.22 10,
13.32 10,
13.37 11,
13.26 9,
13.22 8,
13.26 6,
13.47 5,
13.42 6,
13.39 8,
13.33 11,
13.33 14,
13.33 15,
13.22 16,
12.92 16,
13.09 15,
13.17 11,
12.93 6,
13.08 4,
13.19 5,
13.37 4,
13.39 5,
13.35 6,
13.31 7,
13.19 9,
13.14 9,
13.07 8,
13.20 6,
13.31 5,
13.40 4,
13.45 4,
13.45 5,
13.44 6,
13.43 5,
13.48 5,
13.51 6,
13.40 6,
13.30 4,
13.14 4,
13.09 2,
13.18 2,
13.27 2,
13.24 2,
13.16 3,
13.18 5,
13.24 6,
13.34 7,
13.33 7,
13.26 7,
13.19 8,
13.28 9,
13.31 10,
13.36 12,
13.29 15,
13.13 18,
13.03 21,
13.13 23,
13.14 24,
13.14 24,
13.09 22,
13.06 20,
13.07 19,
13.11 19,
13.15 18,
13.11 17,
12.88 18,
12.77 20,
12.78 22,
12.82 24,
12.78 24,
12.79 23,
12.90 21,
12.86 18,
12.84 15,
12.74 13,
12.51 16,
12.32 15,
12.16 14,
12.17 14,
12.17 16,
12.06 18,
12.07 20,
12.34 21,
12.44 20,
12.45 18,
12.40 17,
12.46 19,
12.43 22,
12.42 24,
12.10 22,
12.15 17,
12.17 18,
12.28 20,
12.38 18,
12.42 15,
12.34 16,
12.20 18,
12.20 19,
12.07 16,
12.76 9,
12.79 14,
12.62 17,
12.62 16,
12.53 13,
12.48 11,
12.74 13,
12.99 19,
12.82 26,
12.44 30,
12.62 30,
12.59 29,
12.38 29,
12.46 30,
12.45 37,
12.51 44,
12.55 51,
12.44 58,
12.37 64,
12.42 72,
12.47 81,
12.68 89,
13.08 100,
13.39 111,
13.63 125,
13.34 138,
13.21 146,
13.32 150,
13.57 150,
13.73 145,
13.59 137,
13.44 127,
13.22 115,
12.91 105,
12.66 96,
12.60 88,
12.96 85,
13.23 84,
13.17 82,
13.20 88,
13.14 105,
13.25 107,
13.25 113,
13.15 120,
12.85 128,
12.40 135,
12.37 138,
12.36 139,
12.45 140,
12.30 151,
12.64 167,
12.95 171,
13.70 174,
13.93 177,
14.18 181,
14.54 174,
12.94 184,
13.37 195,
14.37 195,
14.46 188,
13.86 207,
13.75 224,
13.46 234,
13.19 234,
13.04 251,
12.72 263,
12.86 278,
12.49 288,
12.36 288,
13.47 313,
13.38 348,
13.68 378,
14.73 397,
14.62 397,
14.63 407,
14.47 390,
13.19 379,
11.72 407,
9.51 407,
9.46 418,
10.73 472,
10.58 502,
9.94 526,
9.40 526,
10.10 550,
11.06 604,
28.38 605,
33.17 519,
35.10 519,
29.55 482,
25.16 304,
14.27 193,
23.97 264,
35.27 264,
55.04 467,
49.48 684,
93.63 917,
88.68 1262,
79.43 1057,
61.45 723,
32.22 623,
60.95 437,
72.28 129,
27.54 293,
22.40 555,
21.36 614,
38.61 427,
20.81 246,
17.43 253,
9.49 408,
7.47 424,
11.79 393,
16.47 329,
14.19 197,
16.18 114,
14.15 104,
17.74 123,
15.38 146,
12.25 126,
9.09 105,
10.07 113,
13.33 156,
10.46 224,
9.57 312,
17.04 290,
18.14 252,
17.56 214,
14.87 187,
15.12 228,
19.56 239,
19.15 196,
19.48 195,
20.40 156,
23.25 145,
18.60 78,
18.91 106,
17.22 90,
15.82 67,
14.79 74,
13.96 81,
13.00 83,
12.13 90,
11.74 103,
10.51 114,
10.94 73,
11.18 55,
11.75 64,
12.34 45,
12.52 33,
12.75 28,
13.19 24,
13.73 24,
13.76 27,
13.59 31,
13.16 35,
12.94 38,
12.65 38,
12.49 37,
12.07 35,
11.92 32,
11.79 27,
11.65 20,
11.68 15,
11.73 8,
11.87 2,
12.00 2,
12.09 11,
12.25 14,
12.50 17,
12.65 19,
12.82 21,
13.03 21,
13.23 20,
13.31 18,
13.38 15,
13.41 11,
13.39 8,
13.38 5,
13.46 4,
13.55 3,
13.51 3,
13.60 3,
13.64 4,
13.65 5,
13.56 6,
13.27 7,
13.12 8,
12.92 7,
12.76 6,
12.69 5,
12.64 4,
12.60 3,
12.66 1,
12.72 1,
12.80 1,
12.87 2,
12.91 1,
12.95 2,
12.96 2,
12.98 2,
13.03 2,
13.04 2,
13.09 2,
13.11 2,
13.09 1,
13.01 0,
12.97 1,
12.93 2,
12.88 2,
12.84 2,
12.84 1,
12.85 1,
12.87 0,
12.86 0,
12.98 0,
12.99 0,
12.93 0,
12.93 0,
12.96 0,
12.97 1,
13.00 1,
12.99 0,
12.97 1,
12.98 0,
13.00 0,
12.99 1,
12.94 1,
12.94 1,
12.92 0,
12.97 1,
12.99 1,
12.96 2,
13.00 1,
13.12 1,
13.10 0,
13.05 0,
12.92 1,
12.93 1,
12.95 1,
12.90 0,
12.91 0,
12.94 0,
12.90 0,
12.94 0,
12.98 0,
12.99 0,
13.04 0,
13.02 0,
12.95 1,
12.94 1,
12.93 1,
12.91 0,
12.90 0,
12.91 0,
12.93 0,
12.95 0,
12.93 0,
12.97 0,
12.99 0,
12.98 0,
12.95 0,
12.98 0,
12.99 0,
13.00 0,
12.98 0,
12.96 0,
12.90 0,
12.92 0,
12.95 0,
12.96 0,
12.85 0,
12.86 1,
12.92 1,
12.95 1,
13.01 1,
13.05 1,
13.02 0,
13.02 0,
13.01 0,
13.03 1,
12.98 1,
12.94 0,
12.96 1,
12.97 1,
12.93 1,
13.57 1,
13.51 0,
13.56 0,
13.61 0,
13.72 1,
13.78 1,
13.78 0,
13.79 1,
13.70 1,
13.51 2,
13.48 2,
13.45 1,
13.49 0,
13.49 0,
13.51 0,
13.51 0,
13.60 0,
13.68 0,
13.68 0,
13.73 0,
13.69 0,
13.72 0,
13.70 0,
13.67 0,
13.67 0,
13.67 0,
13.60 0,
13.57 0,
13.57 0,
13.57 0,
13.65 0,
13.63 0,
13.63 0,
13.68 0,
13.68 0,
13.66 0,
13.65 0,
13.65 0,
13.61 1,
13.63 1,
13.54 0,
13.52 0,
13.53 0,
13.57 1,
13.59 1,
13.65 1,
13.66 0,
13.65 0,
13.65 0,
13.63 0,
13.63 0,
13.64 0,
13.61 0,
13.59 0,
13.60 0,
13.66 0,
13.62 0,
13.61 0,
13.62 0,
13.59 0,
13.64 0,
13.62 0,
13.59 0,
13.62 0,
13.64 0,
13.65 0,
13.64 0,
13.65 0,
13.63 0,
13.65 0,
13.66 0,
13.60 0,
13.59 0,
13.60 0,
13.60 0,
13.58 0,
13.64 0,
13.62 0,
13.67 0,
13.62 0,
13.64 0,
13.66 0,
13.59 0,
13.64 0,
13.63 0,
13.63 0,
13.65 0,
13.64 0,
13.64 0,
13.65 0,
13.61 0,
13.64 0,
13.61 0,
13.62 0,
13.59 0,
13.62 0,
13.65 0,
13.70 0,
13.66 0,
13.69 0,
13.68 0,
13.66 0,
13.59 0,
13.63 0,
13.65 0,
13.60 0,
13.58 1,
13.51 1,
13.50 0,
13.55 0,
13.55 1,
13.65 1,
13.90 1,
13.91 1,
13.85 0,
13.77 2,
13.62 2,
13.43 2,
13.35 1,
13.44 1,
13.49 1,
13.61 1,
13.65 1,
13.65 0,
13.66 0,
13.68 0,
13.68 0,
13.71 0,
13.74 0,
13.71 0,
13.70 0,
13.67 0,
13.63 0,
13.54 0,
13.51 0,
13.49 0,
13.51 0,
13.55 1,
13.60 1,
13.71 1,
13.68 0,
13.69 0,
13.64 0,
13.68 0,
13.65 0,
13.60 0,
13.59 0,
13.57 0,
13.60 0,
13.54 0,
13.60 0,
13.60 0,
13.59 0,
13.70 0,
13.68 0,
13.66 0,
13.65 0,
13.65 0,
13.60 0,
13.62 0,
13.59 0,
13.61 0,
13.60 0,
13.58 0,
13.63 0,
13.61 0,
13.62 0,
13.63 0,
13.59 0,
13.60 0,
13.62 0,
13.65 0,
13.63 0,
13.63 0,
13.65 0,
13.64 0,
13.63 0,
13.58 0,
13.59 0,
13.60 0,
13.67 0,
13.68 0,
13.62 0,
13.65 0,
13.62 0,
13.62 0,
13.59 0,
13.57 0,
13.55 0,
13.61 0,
13.59 0,
13.63 0,
13.58 0,
13.52 0,
13.58 0,
13.63 1,
13.68 1,
13.80 1,
13.80 0,
13.70 1,
13.70 2,
13.55 2,
13.42 2,
13.42 1,
13.48 0,
13.53 0,
13.56 1,
13.59 1,
13.64 1,
13.67 1,
13.66 0,
13.70 0,
13.71 0,
13.65 0,
13.65 0,
13.64 0,
13.65 1,
13.61 0,
13.55 0,
13.51 0,
13.52 0,
13.54 0,
13.59 1,
13.59 0,
13.67 0,
13.67 0,
13.69 0,
13.68 0,
13.65 0,
13.62 0,
13.62 0,
13.56 0,
13.53 0,
13.57 0,
13.55 0,
13.55 0,
13.60 0,
13.60 0,
13.64 0,
13.64 0,
13.62 0,
13.65 0,
13.60 0,
13.67 0,
13.66 0,
13.63 0,
13.63 0,
13.61 0,
13.54 0,
13.61 0,
13.62 0,
13.59 0,
13.63 0,
13.64 0,
13.66 0,
13.67 0,
13.64 0,
13.63 0,
13.62 0,
13.64 0,
13.61 0,
13.60 0,
13.58 0,
13.60 0,
13.60 0,
13.62 0,
13.60 0,
13.60 0,
13.68 0,
13.67 0,
13.65 0,
13.65 0,
13.61 0,
13.58 0,
13.56 0,
13.57 0,
13.58 0,
13.58 0,
13.64 0,
13.62 0,
13.58 0,
13.57 0,
13.60 1,
13.64 1,
13.84 1,
13.82 1,
13.81 1,
13.66 2,
13.62 2,
13.52 2,
13.46 1,
13.44 0,
13.51 0,
13.53 1,
13.59 0,
13.59 0,
13.62 1,
13.68 1,
13.62 0,
13.69 0,
13.73 0,
13.81 0,
13.77 0,
13.69 0,
13.65 0,
13.60 0,
13.57 1,
13.54 0,
13.47 0,
13.53 0,
13.52 0,
13.59 0,
13.63 0,
13.70 0,
13.73 0,
13.76 1,
13.79 2,
13.77 3,
13.79 4,
13.83 5,
13.81 5,
13.60 6,
13.59 5,
13.56 4,
13.47 3,
13.36 3,
13.36 3,
13.47 4,
13.45 4,
13.50 7,
13.64 9,
13.85 10,
13.84 11,
13.81 10,
13.83 9,
13.70 8,
13.64 6,
13.59 5,
13.65 4,
13.64 3,
13.60 3,
13.59 3,
13.54 3,
13.56 3,
13.53 4,
13.65 4,
13.68 5,
13.80 4,
13.84 4,
13.95 3,
13.94 2,
13.94 2,
13.89 2,
13.83 2,
13.84 2,
13.76 2,
13.73 2,
13.75 2,
13.70 2,
13.76 2,
13.73 2,
13.76 2,
13.81 2,
13.88 1,
13.94 2,
13.95 2,
14.00 2,
13.92 3,
13.79 4,
13.57 5,
13.48 4,
13.36 3,
13.34 1,
13.38 0,
13.50 2,
13.64 3,
13.76 4,
13.84 4,
13.88 3,
13.76 2,
13.72 1,
13.72 1,
13.71 1,
13.78 2,
13.79 2,
13.75 2,
13.68 1,
13.62 1,
13.55 1,
13.54 1,
13.59 1,
13.60 2,
13.71 3,
13.83 3,
13.90 3,
13.95 3,
13.89 2,
13.76 2,
13.68 3,
13.62 4,
13.56 4,
13.61 4,
13.60 3,
13.68 3,
13.76 2,
13.75 2,
13.84 2,
13.81 2,
13.80 2,
13.75 2,
13.67 2,
13.68 3,
13.66 3,
13.62 2,
13.69 3,
13.71 2,
13.74 2,
13.79 1,
13.77 2,
13.75 2,
13.74 3,
13.73 3,
13.74 3,
13.65 3,
13.68 3,
13.72 3,
13.76 3,
13.75 3,
13.73 3,
13.79 3,
13.74 3,
13.71 3,
13.73 3,
13.64 3,
13.63 3,
13.68 4,
13.65 3,
13.68 3,
13.71 2,
13.75 2,
13.76 2,
13.78 2,
13.73 2,
13.68 2,
13.69 1,
13.70 2,
13.71 2,
13.60 1,
13.65 1,
13.69 1,
13.72 1,
13.81 1,
13.75 1,
13.71 2,
13.67 2,
13.71 2,
13.68 2,
13.66 2,
13.67 1,
13.70 1,
13.73 0,
13.70 0,
13.74 0,
13.76 0,
13.69 0,
13.69 0,
13.71 0,
13.72 0,
13.70 0,
13.75 0,
13.78 0,
13.77 0,
13.71 0,
13.63 0,
13.60 1,
13.63 1,
13.66 1,
13.68 1,
13.69 1,
13.72 0,
13.73 1,
13.78 0,
13.79 0,
13.75 0,
13.72 0,
13.68 0,
13.66 0,
13.69 0,
13.77 0,
13.77 0,
13.79 0,
13.75 0,
13.71 0,
13.63 0,
13.60 0,
13.62 0,
13.67 0,
13.71 1,
13.81 1,
13.84 1,
13.83 0,
13.80 0,
13.71 0,
13.66 0,
13.68 0,
13.75 0,
13.82 0,
13.84 0,
13.77 0,
13.81 0,
13.79 1,
13.71 1,
13.61 1,
13.53 1,
13.52 1,
13.61 0,
13.65 0,
13.72 0,
13.73 0,
13.71 0,
13.70 0,
13.68 0,
13.72 1,
13.73 1,
13.75 0,
13.72 0,
13.67 1,
13.67 1,
13.70 1,
13.75 1,
13.79 1,
13.79 2,
13.74 2,
13.62 1,
13.61 1,
13.61 1,
13.69 1,
13.76 1,
13.84 1,
13.87 1,
13.88 0,
13.85 1,
13.82 1,
13.77 2,
13.66 2,
13.59 2,
13.54 1,
13.47 0,
13.47 0,
13.50 1,
13.61 1,
13.72 2,
13.76 2,
13.83 1,
13.84 0,
13.86 0,
13.86 1,
13.80 1,
13.71 1,
13.66 0,
13.63 0,
13.70 0,
13.68 0,
13.65 0,
13.66 1,
13.67 1,
13.69 1,
13.68 1,
13.71 1,
13.73 1,
13.69 1,
13.79 1,
13.79 1,
13.84 0,
13.78 0,
13.80 0,
13.73 0,
13.71 0,
13.67 0,
13.62 0,
13.66 0,
13.59 1,
13.62 1,
13.61 1,
13.60 2,
13.78 1,
13.82 1,
13.86 1,
13.81 0,
13.80 0,
13.80 0,
13.74 0,
13.68 0,
13.71 0,
13.71 0,
13.77 0,
13.79 0,
13.72 0,
13.67 0,
13.71 0,
ex,